# sig incl cuts index   0
   0.00000000D+00   0.10000000D+01   0.13510140D-01   0.76674175D-04


# sig(all VBF cuts 2 jets) index   1
   0.00000000D+00   0.10000000D+01   0.13513771D-01   0.76685364D-04


# sig(all VBF cuts 3 jets) index   2
   0.00000000D+00   0.10000000D+01   0.00000000D+00   0.00000000D+00


# sig(all VBF cuts 4 jets) index   3
   0.00000000D+00   0.10000000D+01   0.00000000D+00   0.00000000D+00


# ptj1 index   4
   0.00000000D+00   0.20000000D+02  -0.88074605D-02   0.29657378D-03
   0.20000000D+02   0.40000000D+02  -0.65887802D-02   0.14833188D-03
   0.40000000D+02   0.60000000D+02  -0.40656928D-02   0.12459463D-03
   0.60000000D+02   0.80000000D+02  -0.19296441D-02   0.79648279D-04
   0.80000000D+02   0.10000000D+03   0.11760314D-02   0.99296971D-04
   0.10000000D+03   0.12000000D+03   0.58211874D-02   0.15001833D-03
   0.12000000D+03   0.14000000D+03   0.12830970D-01   0.24016435D-03
   0.14000000D+03   0.16000000D+03   0.21617326D-01   0.35648497D-03
   0.16000000D+03   0.18000000D+03   0.33600259D-01   0.53761749D-03
   0.18000000D+03   0.20000000D+03   0.45908348D-01   0.75851989D-03
   0.20000000D+03   0.22000000D+03   0.63172471D-01   0.11605214D-02
   0.22000000D+03   0.24000000D+03   0.78348274D-01   0.15706255D-02
   0.24000000D+03   0.26000000D+03   0.97548950D-01   0.22340313D-02
   0.26000000D+03   0.28000000D+03   0.10996363D+00   0.29719613D-02
   0.28000000D+03   0.30000000D+03   0.12611488D+00   0.36309441D-02
   0.30000000D+03   0.32000000D+03   0.16169053D+00   0.55021432D-02
   0.32000000D+03   0.34000000D+03   0.16579584D+00   0.61401591D-02
   0.34000000D+03   0.36000000D+03   0.19343173D+00   0.78308581D-02
   0.36000000D+03   0.38000000D+03   0.21304447D+00   0.92130943D-02
   0.38000000D+03   0.40000000D+03   0.21866537D+00   0.11783796D-01
   0.40000000D+03   0.42000000D+03   0.24121182D+00   0.12746747D-01
   0.42000000D+03   0.44000000D+03   0.27168282D+00   0.15739858D-01
   0.44000000D+03   0.46000000D+03   0.28747897D+00   0.16960965D-01
   0.46000000D+03   0.48000000D+03   0.28637273D+00   0.27709693D-01
   0.48000000D+03   0.50000000D+03   0.35967500D+00   0.24759115D-01
   0.50000000D+03   0.52000000D+03   0.32446971D+00   0.43942270D-01
   0.52000000D+03   0.54000000D+03   0.44073274D+00   0.36519117D-01
   0.54000000D+03   0.56000000D+03   0.36981434D+00   0.39804989D-01
   0.56000000D+03   0.58000000D+03   0.51331770D+00   0.70276363D-01
   0.58000000D+03   0.60000000D+03   0.43579913D+00   0.47884319D-01


# ptj2 index   5
   0.00000000D+00   0.10000000D+02  -0.71428788D-02   0.21273225D-03
   0.10000000D+02   0.20000000D+02  -0.52157811D-02   0.95833359D-04
   0.20000000D+02   0.30000000D+02  -0.37426655D-02   0.88156785D-04
   0.30000000D+02   0.40000000D+02  -0.19660608D-02   0.86131400D-04
   0.40000000D+02   0.50000000D+02   0.93172460D-03   0.18334219D-03
   0.50000000D+02   0.60000000D+02   0.44157569D-02   0.12375688D-03
   0.60000000D+02   0.70000000D+02   0.97502120D-02   0.18710009D-03
   0.70000000D+02   0.80000000D+02   0.17959908D-01   0.29958140D-03
   0.80000000D+02   0.90000000D+02   0.29341999D-01   0.50143544D-03
   0.90000000D+02   0.10000000D+03   0.43071403D-01   0.76974832D-03
   0.10000000D+03   0.11000000D+03   0.60970308D-01   0.11824550D-02
   0.11000000D+03   0.12000000D+03   0.84405175D-01   0.17685882D-02
   0.12000000D+03   0.13000000D+03   0.10541887D+00   0.25367590D-02
   0.13000000D+03   0.14000000D+03   0.13810085D+00   0.39848201D-02
   0.14000000D+03   0.15000000D+03   0.15539739D+00   0.56271279D-02
   0.15000000D+03   0.16000000D+03   0.20784715D+00   0.86523048D-02
   0.16000000D+03   0.17000000D+03   0.23920111D+00   0.11643453D-01
   0.17000000D+03   0.18000000D+03   0.28768145D+00   0.13749236D-01
   0.18000000D+03   0.19000000D+03   0.30946919D+00   0.19496772D-01
   0.19000000D+03   0.20000000D+03   0.35571073D+00   0.31266131D-01
   0.20000000D+03   0.21000000D+03   0.45486262D+00   0.34879574D-01
   0.21000000D+03   0.22000000D+03   0.48493442D+00   0.43687177D-01
   0.22000000D+03   0.23000000D+03   0.58014640D+00   0.53951034D-01
   0.23000000D+03   0.24000000D+03   0.61249486D+00   0.58934244D-01
   0.24000000D+03   0.25000000D+03   0.64439824D+00   0.63555067D-01
   0.25000000D+03   0.26000000D+03   0.64298101D+00   0.89502885D-01
   0.26000000D+03   0.27000000D+03   0.74925766D+00   0.12661681D+00
   0.27000000D+03   0.28000000D+03   0.88164843D+00   0.10548476D+00
   0.28000000D+03   0.29000000D+03   0.84103484D+00   0.15726744D+00
   0.29000000D+03   0.30000000D+03   0.13409981D+01   0.21445584D+00
   0.30000000D+03   0.31000000D+03   0.17056694D+01   0.27089500D+00
   0.31000000D+03   0.32000000D+03   0.17275851D+01   0.27507145D+00


# ptH1 index   6
   0.00000000D+00   0.30000000D+02   0.65744507D-02   0.17896488D-03
   0.30000000D+02   0.60000000D+02   0.76083082D-02   0.14245610D-03
   0.60000000D+02   0.90000000D+02   0.91797847D-02   0.16038125D-03
   0.90000000D+02   0.12000000D+03   0.11628033D-01   0.16788311D-03
   0.12000000D+03   0.15000000D+03   0.14454494D-01   0.24272681D-03
   0.15000000D+03   0.18000000D+03   0.18681826D-01   0.29103221D-03
   0.18000000D+03   0.21000000D+03   0.22719421D-01   0.68003664D-03
   0.21000000D+03   0.24000000D+03   0.26920710D-01   0.45176702D-03
   0.24000000D+03   0.27000000D+03   0.31907592D-01   0.58748815D-03
   0.27000000D+03   0.30000000D+03   0.37003181D-01   0.91463419D-03
   0.30000000D+03   0.33000000D+03   0.41371520D-01   0.94362268D-03
   0.33000000D+03   0.36000000D+03   0.47583778D-01   0.14130744D-02
   0.36000000D+03   0.39000000D+03   0.48999696D-01   0.15013319D-02
   0.39000000D+03   0.42000000D+03   0.55976958D-01   0.20587476D-02
   0.42000000D+03   0.45000000D+03   0.57646947D-01   0.20216217D-02
   0.45000000D+03   0.48000000D+03   0.58887880D-01   0.23906685D-02
   0.48000000D+03   0.51000000D+03   0.61724472D-01   0.27659563D-02
   0.51000000D+03   0.54000000D+03   0.60806774D-01   0.36053883D-02
   0.54000000D+03   0.57000000D+03   0.65845014D-01   0.34823166D-02
   0.57000000D+03   0.60000000D+03   0.61830081D-01   0.42316190D-02


# ptH2 index   7
   0.00000000D+00   0.30000000D+02   0.66975821D-02   0.21915227D-03
   0.30000000D+02   0.60000000D+02   0.78064915D-02   0.17131655D-03
   0.60000000D+02   0.90000000D+02   0.89700950D-02   0.14953218D-03
   0.90000000D+02   0.12000000D+03   0.11568622D-01   0.15678814D-03
   0.12000000D+03   0.15000000D+03   0.14800766D-01   0.31339810D-03
   0.15000000D+03   0.18000000D+03   0.18382212D-01   0.26665582D-03
   0.18000000D+03   0.21000000D+03   0.22823598D-01   0.39645032D-03
   0.21000000D+03   0.24000000D+03   0.27680641D-01   0.46786992D-03
   0.24000000D+03   0.27000000D+03   0.31321181D-01   0.58763845D-03
   0.27000000D+03   0.30000000D+03   0.36864191D-01   0.89429483D-03
   0.30000000D+03   0.33000000D+03   0.42720603D-01   0.11123923D-02
   0.33000000D+03   0.36000000D+03   0.47202092D-01   0.12514494D-02
   0.36000000D+03   0.39000000D+03   0.50684974D-01   0.13651714D-02
   0.39000000D+03   0.42000000D+03   0.54168647D-01   0.17744071D-02
   0.42000000D+03   0.45000000D+03   0.54551110D-01   0.21229159D-02
   0.45000000D+03   0.48000000D+03   0.53778213D-01   0.23296787D-02
   0.48000000D+03   0.51000000D+03   0.57345986D-01   0.32988771D-02
   0.51000000D+03   0.54000000D+03   0.65969570D-01   0.37437037D-02
   0.54000000D+03   0.57000000D+03   0.65653001D-01   0.31482779D-02
   0.57000000D+03   0.60000000D+03   0.61197845D-01   0.32412789D-02


# ptH_h index   8
   0.00000000D+00   0.30000000D+02   0.20777271D-02   0.30458002D-03
   0.30000000D+02   0.60000000D+02   0.41976942D-02   0.17582560D-03
   0.60000000D+02   0.90000000D+02   0.61732852D-02   0.15543890D-03
   0.90000000D+02   0.12000000D+03   0.87319259D-02   0.14403250D-03
   0.12000000D+03   0.15000000D+03   0.11647990D-01   0.19757918D-03
   0.15000000D+03   0.18000000D+03   0.15756968D-01   0.22248789D-03
   0.18000000D+03   0.21000000D+03   0.20488636D-01   0.50335162D-03
   0.21000000D+03   0.24000000D+03   0.25395307D-01   0.38384743D-03
   0.24000000D+03   0.27000000D+03   0.30220324D-01   0.48998650D-03
   0.27000000D+03   0.30000000D+03   0.36418570D-01   0.71785241D-03
   0.30000000D+03   0.33000000D+03   0.41649403D-01   0.81523455D-03
   0.33000000D+03   0.36000000D+03   0.48586964D-01   0.11488959D-02
   0.36000000D+03   0.39000000D+03   0.52595194D-01   0.12490882D-02
   0.39000000D+03   0.42000000D+03   0.59366618D-01   0.17318384D-02
   0.42000000D+03   0.45000000D+03   0.59773555D-01   0.18511898D-02
   0.45000000D+03   0.48000000D+03   0.60011999D-01   0.20858517D-02
   0.48000000D+03   0.51000000D+03   0.64166400D-01   0.28637143D-02
   0.51000000D+03   0.54000000D+03   0.69016837D-01   0.32473007D-02
   0.54000000D+03   0.57000000D+03   0.73583897D-01   0.31014291D-02
   0.57000000D+03   0.60000000D+03   0.70322451D-01   0.36607014D-02
   0.60000000D+03   0.63000000D+03   0.74096558D-01   0.48040028D-02
   0.63000000D+03   0.66000000D+03   0.67998228D-01   0.41707839D-02
   0.66000000D+03   0.69000000D+03   0.74431888D-01   0.59471727D-02
   0.69000000D+03   0.72000000D+03   0.71066141D-01   0.48036461D-02
   0.72000000D+03   0.75000000D+03   0.65536275D-01   0.54488810D-02
   0.75000000D+03   0.78000000D+03   0.79428169D-01   0.71281188D-02
   0.78000000D+03   0.81000000D+03   0.75309757D-01   0.75573854D-02


# ptH_s index   9
   0.00000000D+00   0.30000000D+02   0.70232893D-02   0.15145022D-03
   0.30000000D+02   0.60000000D+02   0.90128883D-02   0.13839767D-03
   0.60000000D+02   0.90000000D+02   0.11582272D-01   0.15453118D-03
   0.90000000D+02   0.12000000D+03   0.15785397D-01   0.18930913D-03
   0.12000000D+03   0.15000000D+03   0.20731731D-01   0.44885508D-03
   0.15000000D+03   0.18000000D+03   0.25627653D-01   0.40700657D-03
   0.18000000D+03   0.21000000D+03   0.29521249D-01   0.46243102D-03
   0.21000000D+03   0.24000000D+03   0.33507952D-01   0.57671766D-03
   0.24000000D+03   0.27000000D+03   0.36370775D-01   0.73313081D-03
   0.27000000D+03   0.30000000D+03   0.38702602D-01   0.13923850D-02
   0.30000000D+03   0.33000000D+03   0.43414323D-01   0.16049570D-02
   0.33000000D+03   0.36000000D+03   0.43210274D-01   0.14105617D-02
   0.36000000D+03   0.39000000D+03   0.40338611D-01   0.15651136D-02
   0.39000000D+03   0.42000000D+03   0.40876550D-01   0.15883567D-02
   0.42000000D+03   0.45000000D+03   0.44003285D-01   0.20267784D-02
   0.45000000D+03   0.48000000D+03   0.44444934D-01   0.23893108D-02
   0.48000000D+03   0.51000000D+03   0.43444667D-01   0.25005815D-02
   0.51000000D+03   0.54000000D+03   0.45535697D-01   0.44444538D-02
   0.54000000D+03   0.57000000D+03   0.43113771D-01   0.30189606D-02
   0.57000000D+03   0.60000000D+03   0.35079717D-01   0.28786900D-02


# yj1 index  10
  -0.60000000D+01  -0.55000000D+01  -0.96139363D-02   0.15771360D-02
  -0.55000000D+01  -0.50000000D+01  -0.61459209D-02   0.84852687D-03
  -0.50000000D+01  -0.45000000D+01  -0.56000604D-02   0.36437115D-03
  -0.45000000D+01  -0.40000000D+01  -0.38408637D-02   0.21284744D-03
  -0.40000000D+01  -0.35000000D+01  -0.34582948D-03   0.17194897D-03
  -0.35000000D+01  -0.30000000D+01   0.44298478D-02   0.16334524D-03
  -0.30000000D+01  -0.25000000D+01   0.11794485D-01   0.20057119D-03
  -0.25000000D+01  -0.20000000D+01   0.20361286D-01   0.26105262D-03
  -0.20000000D+01  -0.15000000D+01   0.28019136D-01   0.35512532D-03
  -0.15000000D+01  -0.10000000D+01   0.32238187D-01   0.49653402D-03
  -0.10000000D+01  -0.50000000D+00   0.30716947D-01   0.10096139D-02
  -0.50000000D+00   0.00000000D+00   0.25489355D-01   0.72982146D-03
   0.00000000D+00   0.50000000D+00   0.25217935D-01   0.10244894D-02
   0.50000000D+00   0.10000000D+01   0.31324450D-01   0.66845876D-03
   0.10000000D+01   0.15000000D+01   0.32154581D-01   0.55888425D-03
   0.15000000D+01   0.20000000D+01   0.28783416D-01   0.62390050D-03
   0.20000000D+01   0.25000000D+01   0.20397716D-01   0.27748661D-03
   0.25000000D+01   0.30000000D+01   0.11777112D-01   0.18184517D-03
   0.30000000D+01   0.35000000D+01   0.45994612D-02   0.16760732D-03
   0.35000000D+01   0.40000000D+01  -0.41424184D-03   0.15991252D-03
   0.40000000D+01   0.45000000D+01  -0.35022280D-02   0.27204127D-03
   0.45000000D+01   0.50000000D+01  -0.55153354D-02   0.36821470D-03
   0.50000000D+01   0.55000000D+01  -0.55722159D-02   0.76440588D-03
   0.55000000D+01   0.60000000D+01  -0.21922236D-01   0.13490156D-01


# yj2 index  11
  -0.60000000D+01  -0.55000000D+01  -0.59085194D-02   0.44803830D-03
  -0.55000000D+01  -0.50000000D+01  -0.48190934D-02   0.27589206D-03
  -0.50000000D+01  -0.45000000D+01  -0.29813847D-02   0.20810479D-03
  -0.45000000D+01  -0.40000000D+01   0.21909068D-03   0.33055121D-03
  -0.40000000D+01  -0.35000000D+01   0.47682916D-02   0.17237924D-03
  -0.35000000D+01  -0.30000000D+01   0.11822107D-01   0.21213044D-03
  -0.30000000D+01  -0.25000000D+01   0.20607888D-01   0.32133691D-03
  -0.25000000D+01  -0.20000000D+01   0.30508590D-01   0.39437233D-03
  -0.20000000D+01  -0.15000000D+01   0.39552989D-01   0.63749212D-03
  -0.15000000D+01  -0.10000000D+01   0.40906173D-01   0.79381832D-03
  -0.10000000D+01  -0.50000000D+00   0.38236993D-01   0.22591286D-02
  -0.50000000D+00   0.00000000D+00   0.26468837D-01   0.93235458D-03
   0.00000000D+00   0.50000000D+00   0.28636378D-01   0.10389109D-02
   0.50000000D+00   0.10000000D+01   0.35146376D-01   0.92443179D-03
   0.10000000D+01   0.15000000D+01   0.42319632D-01   0.10507777D-02
   0.15000000D+01   0.20000000D+01   0.39222902D-01   0.59098469D-03
   0.20000000D+01   0.25000000D+01   0.29981042D-01   0.39202770D-03
   0.25000000D+01   0.30000000D+01   0.20871128D-01   0.28439731D-03
   0.30000000D+01   0.35000000D+01   0.11960641D-01   0.20020362D-03
   0.35000000D+01   0.40000000D+01   0.44546611D-02   0.16028773D-03
   0.40000000D+01   0.45000000D+01  -0.33009238D-03   0.16006955D-03
   0.45000000D+01   0.50000000D+01  -0.30152415D-02   0.20044029D-03
   0.50000000D+01   0.55000000D+01  -0.48635576D-02   0.25307632D-03
   0.55000000D+01   0.60000000D+01  -0.66535390D-02   0.43906845D-03


# yH1 index  12
  -0.50000000D+01  -0.45000000D+01  -0.42613043D-02   0.35198803D-02
  -0.45000000D+01  -0.40000000D+01  -0.71622020D-02   0.46273656D-02
  -0.40000000D+01  -0.35000000D+01  -0.19971504D-02   0.11011546D-02
  -0.35000000D+01  -0.30000000D+01   0.35245980D-02   0.53468395D-03
  -0.30000000D+01  -0.25000000D+01   0.73337414D-02   0.36999219D-03
  -0.25000000D+01  -0.20000000D+01   0.10532996D-01   0.38530209D-03
  -0.20000000D+01  -0.15000000D+01   0.12825985D-01   0.26699981D-03
  -0.15000000D+01  -0.10000000D+01   0.14914778D-01   0.29345630D-03
  -0.10000000D+01  -0.50000000D+00   0.15231809D-01   0.19754668D-03
  -0.50000000D+00   0.00000000D+00   0.15588089D-01   0.19719799D-03
   0.00000000D+00   0.50000000D+00   0.14935460D-01   0.18768915D-03
   0.50000000D+00   0.10000000D+01   0.15334573D-01   0.21911821D-03
   0.10000000D+01   0.15000000D+01   0.14977842D-01   0.22475153D-03
   0.15000000D+01   0.20000000D+01   0.13019617D-01   0.26176306D-03
   0.20000000D+01   0.25000000D+01   0.10392783D-01   0.27963641D-03
   0.25000000D+01   0.30000000D+01   0.75399455D-02   0.10091334D-02
   0.30000000D+01   0.35000000D+01   0.24330229D-02   0.42499543D-03
   0.35000000D+01   0.40000000D+01  -0.17501586D-02   0.14119417D-02
   0.40000000D+01   0.45000000D+01  -0.41936934D-02   0.18276743D-02
   0.45000000D+01   0.50000000D+01  -0.87894718D-03   0.85133308D-03


# yH2 index  13
  -0.50000000D+01  -0.45000000D+01  -0.46773948D-02   0.42717210D-02
  -0.45000000D+01  -0.40000000D+01  -0.92846222D-02   0.54530279D-02
  -0.40000000D+01  -0.35000000D+01   0.28618611D-03   0.18093103D-02
  -0.35000000D+01  -0.30000000D+01   0.40976408D-02   0.12009012D-02
  -0.30000000D+01  -0.25000000D+01   0.71940759D-02   0.38404888D-03
  -0.25000000D+01  -0.20000000D+01   0.10764471D-01   0.57412999D-03
  -0.20000000D+01  -0.15000000D+01   0.12957848D-01   0.23030482D-03
  -0.15000000D+01  -0.10000000D+01   0.14863177D-01   0.21824308D-03
  -0.10000000D+01  -0.50000000D+00   0.15211140D-01   0.26250495D-03
  -0.50000000D+00   0.00000000D+00   0.15196651D-01   0.19653913D-03
   0.00000000D+00   0.50000000D+00   0.15452638D-01   0.19810364D-03
   0.50000000D+00   0.10000000D+01   0.14965222D-01   0.20198714D-03
   0.10000000D+01   0.15000000D+01   0.14892005D-01   0.24162181D-03
   0.15000000D+01   0.20000000D+01   0.13377335D-01   0.22797670D-03
   0.20000000D+01   0.25000000D+01   0.10688942D-01   0.39414376D-03
   0.25000000D+01   0.30000000D+01   0.70339333D-02   0.37104240D-03
   0.30000000D+01   0.35000000D+01   0.18354438D-02   0.54846420D-03
   0.35000000D+01   0.40000000D+01  -0.22067775D-02   0.10469347D-02
   0.40000000D+01   0.45000000D+01  -0.59364886D-02   0.42710483D-02
   0.45000000D+01   0.50000000D+01  -0.93310680D-01   0.91706097D-01


# yH_h index  14
  -0.50000000D+01  -0.45000000D+01  -0.24703197D-01   0.26646025D-01
  -0.45000000D+01  -0.40000000D+01  -0.35075332D-02   0.92281028D-03
  -0.40000000D+01  -0.35000000D+01  -0.12601106D-02   0.65717812D-03
  -0.35000000D+01  -0.30000000D+01   0.35122995D-02   0.12209636D-02
  -0.30000000D+01  -0.25000000D+01   0.62851029D-02   0.34401640D-03
  -0.25000000D+01  -0.20000000D+01   0.94663915D-02   0.39081889D-03
  -0.20000000D+01  -0.15000000D+01   0.12397565D-01   0.26466179D-03
  -0.15000000D+01  -0.10000000D+01   0.14611689D-01   0.28838334D-03
  -0.10000000D+01  -0.50000000D+00   0.15029437D-01   0.19596923D-03
  -0.50000000D+00   0.00000000D+00   0.15421707D-01   0.20549906D-03
   0.00000000D+00   0.50000000D+00   0.15071605D-01   0.19808124D-03
   0.50000000D+00   0.10000000D+01   0.15277593D-01   0.20893734D-03
   0.10000000D+01   0.15000000D+01   0.14690009D-01   0.21688743D-03
   0.15000000D+01   0.20000000D+01   0.13153984D-01   0.25897431D-03
   0.20000000D+01   0.25000000D+01   0.98818952D-02   0.25598180D-03
   0.25000000D+01   0.30000000D+01   0.70243977D-02   0.11889959D-02
   0.30000000D+01   0.35000000D+01   0.16816373D-02   0.33279738D-03
   0.35000000D+01   0.40000000D+01  -0.10645946D-02   0.84836833D-03
   0.40000000D+01   0.45000000D+01  -0.31846565D-02   0.16049691D-02
   0.45000000D+01   0.50000000D+01  -0.15018227D-02   0.12952845D-02


# yH_s index  15
  -0.50000000D+01  -0.45000000D+01  -0.23406368D-02   0.16506782D-02
  -0.45000000D+01  -0.40000000D+01  -0.97261606D-02   0.47287885D-02
  -0.40000000D+01  -0.35000000D+01  -0.66146581D-03   0.15065263D-02
  -0.35000000D+01  -0.30000000D+01   0.40042769D-02   0.79255200D-03
  -0.30000000D+01  -0.25000000D+01   0.79454141D-02   0.38431418D-03
  -0.25000000D+01  -0.20000000D+01   0.11608391D-01   0.53876295D-03
  -0.20000000D+01  -0.15000000D+01   0.13351254D-01   0.23493683D-03
  -0.15000000D+01  -0.10000000D+01   0.15176366D-01   0.22143399D-03
  -0.10000000D+01  -0.50000000D+00   0.15436523D-01   0.27007773D-03
  -0.50000000D+00   0.00000000D+00   0.15357694D-01   0.18262688D-03
   0.00000000D+00   0.50000000D+00   0.15336609D-01   0.18383778D-03
   0.50000000D+00   0.10000000D+01   0.15008585D-01   0.21239981D-03
   0.10000000D+01   0.15000000D+01   0.15189101D-01   0.24985898D-03
   0.15000000D+01   0.20000000D+01   0.13238224D-01   0.23316701D-03
   0.20000000D+01   0.25000000D+01   0.11081930D-01   0.38759233D-03
   0.25000000D+01   0.30000000D+01   0.74696399D-02   0.36980442D-03
   0.30000000D+01   0.35000000D+01   0.23964834D-02   0.51330585D-03
   0.35000000D+01   0.40000000D+01  -0.23746153D-02   0.12384376D-02
   0.40000000D+01   0.45000000D+01  -0.56588596D-02   0.30315101D-02
   0.45000000D+01   0.50000000D+01  -0.67038115D-02   0.69000438D-02


# phi(H1,H2) index  16
   0.00000000D+00   0.31415927D+00   0.19490501D-01   0.24660760D-03
   0.31415927D+00   0.62831853D+00   0.19213815D-01   0.27077206D-03
   0.62831853D+00   0.94247780D+00   0.18830530D-01   0.28233934D-03
   0.94247780D+00   0.12566371D+01   0.17980057D-01   0.29918637D-03
   0.12566371D+01   0.15707963D+01   0.16720078D-01   0.25627160D-03
   0.15707963D+01   0.18849556D+01   0.15543108D-01   0.24468767D-03
   0.18849556D+01   0.21991149D+01   0.14572022D-01   0.29794188D-03
   0.21991149D+01   0.25132741D+01   0.12845975D-01   0.19446929D-03
   0.25132741D+01   0.28274334D+01   0.11111589D-01   0.16917249D-03
   0.28274334D+01   0.31415927D+01   0.99364850D-02   0.18415591D-03


# yHH index  17
  -0.50000000D+01  -0.45000000D+01   0.00000000D+00   0.00000000D+00
  -0.45000000D+01  -0.40000000D+01   0.00000000D+00   0.00000000D+00
  -0.40000000D+01  -0.35000000D+01  -0.14961610D-02   0.33011269D-02
  -0.35000000D+01  -0.30000000D+01  -0.33661530D-03   0.12293538D-02
  -0.30000000D+01  -0.25000000D+01   0.14642913D-02   0.47281878D-03
  -0.25000000D+01  -0.20000000D+01   0.36503832D-02   0.31403603D-03
  -0.20000000D+01  -0.15000000D+01   0.69393731D-02   0.21479344D-03
  -0.15000000D+01  -0.10000000D+01   0.11075194D-01   0.29167591D-03
  -0.10000000D+01  -0.50000000D+00   0.14332170D-01   0.18061624D-03
  -0.50000000D+00   0.00000000D+00   0.16749189D-01   0.17842237D-03
   0.00000000D+00   0.50000000D+00   0.17029371D-01   0.24233980D-03
   0.50000000D+00   0.10000000D+01   0.14549130D-01   0.18115537D-03
   0.10000000D+01   0.15000000D+01   0.10678171D-01   0.19230201D-03
   0.15000000D+01   0.20000000D+01   0.67487853D-02   0.21524610D-03
   0.20000000D+01   0.25000000D+01   0.36850234D-02   0.30853239D-03
   0.25000000D+01   0.30000000D+01   0.11089462D-02   0.56936158D-03
   0.30000000D+01   0.35000000D+01   0.54946471D-03   0.53585998D-03
   0.35000000D+01   0.40000000D+01  -0.31037186D-02   0.31271277D-02
   0.40000000D+01   0.45000000D+01   0.00000000D+00   0.00000000D+00
   0.45000000D+01   0.50000000D+01   0.00000000D+00   0.00000000D+00


# mHH index  18
   0.00000000D+00   0.20000000D+03   0.00000000D+00   0.00000000D+00
   0.20000000D+03   0.40000000D+03   0.12761433D-01   0.12280690D-03
   0.40000000D+03   0.60000000D+03   0.11157490D-01   0.10160361D-03
   0.60000000D+03   0.80000000D+03   0.14201623D-01   0.17846292D-03
   0.80000000D+03   0.10000000D+04   0.17040172D-01   0.27665004D-03
   0.10000000D+04   0.12000000D+04   0.19514724D-01   0.42988156D-03
   0.12000000D+04   0.14000000D+04   0.21908909D-01   0.61727520D-03
   0.14000000D+04   0.16000000D+04   0.25830898D-01   0.19741317D-02
   0.16000000D+04   0.18000000D+04   0.26688295D-01   0.19052763D-02
   0.18000000D+04   0.20000000D+04   0.24497643D-01   0.18764516D-02
   0.20000000D+04   0.22000000D+04   0.37525257D-01   0.14223196D-01
   0.22000000D+04   0.24000000D+04   0.25947597D-01   0.35842217D-02
   0.24000000D+04   0.26000000D+04   0.24222149D-01   0.62290941D-02
   0.26000000D+04   0.28000000D+04   0.21360550D-01   0.67832339D-02
   0.28000000D+04   0.30000000D+04   0.78393293D-02   0.36931841D-02
   0.30000000D+04   0.32000000D+04   0.17699189D-01   0.50727121D-02
   0.32000000D+04   0.34000000D+04   0.12693591D-01   0.94682552D-02
   0.34000000D+04   0.36000000D+04   0.18743123D-01   0.69223815D-02
   0.36000000D+04   0.38000000D+04   0.44988404D-02   0.58859462D-02
   0.38000000D+04   0.40000000D+04   0.40347965D-02   0.23882710D-02
   0.40000000D+04   0.42000000D+04   0.61104965D-02   0.32841338D-02
   0.42000000D+04   0.44000000D+04   0.11457087D-01   0.59843987D-02
   0.44000000D+04   0.46000000D+04   0.13857860D-01   0.48243511D-02
   0.46000000D+04   0.48000000D+04  -0.17673120D-03   0.45798191D-02
   0.48000000D+04   0.50000000D+04   0.53952620D-02   0.38497788D-02
   0.50000000D+04   0.52000000D+04   0.16206635D-02   0.14639305D-02
   0.52000000D+04   0.54000000D+04   0.67339099D-02   0.98370491D-02
   0.54000000D+04   0.56000000D+04   0.28969579D-02   0.20991477D-02
   0.56000000D+04   0.58000000D+04  -0.35217393D-02   0.11737014D-01
   0.58000000D+04   0.60000000D+04   0.10541784D-02   0.22512648D-02
   0.60000000D+04   0.62000000D+04   0.16075655D-01   0.14079985D-01
   0.62000000D+04   0.64000000D+04   0.57690859D-02   0.37103211D-02
   0.64000000D+04   0.66000000D+04   0.49079654D-01   0.57602049D-01
   0.66000000D+04   0.68000000D+04  -0.51025746D-01   0.56551632D-01
   0.68000000D+04   0.70000000D+04   0.17404097D-01   0.19996661D-01


# ptHH index  19
   0.00000000D+00   0.30000000D+02   0.23676840D-02   0.17005213D-03
   0.30000000D+02   0.60000000D+02   0.51165944D-02   0.20393388D-03
   0.60000000D+02   0.90000000D+02   0.85536748D-02   0.15365690D-03
   0.90000000D+02   0.12000000D+03   0.12373815D-01   0.17133759D-03
   0.12000000D+03   0.15000000D+03   0.17330519D-01   0.22682172D-03
   0.15000000D+03   0.18000000D+03   0.23327976D-01   0.31959714D-03
   0.18000000D+03   0.21000000D+03   0.28558061D-01   0.40149094D-03
   0.21000000D+03   0.24000000D+03   0.34409621D-01   0.54547057D-03
   0.24000000D+03   0.27000000D+03   0.39925993D-01   0.77675464D-03
   0.27000000D+03   0.30000000D+03   0.44691412D-01   0.93999918D-03
   0.30000000D+03   0.33000000D+03   0.50151378D-01   0.12772155D-02
   0.33000000D+03   0.36000000D+03   0.52735316D-01   0.14056782D-02
   0.36000000D+03   0.39000000D+03   0.58258380D-01   0.17098089D-02
   0.39000000D+03   0.42000000D+03   0.61539658D-01   0.22679744D-02
   0.42000000D+03   0.45000000D+03   0.60837369D-01   0.24584265D-02
   0.45000000D+03   0.48000000D+03   0.67032119D-01   0.30898088D-02
   0.48000000D+03   0.51000000D+03   0.61842510D-01   0.30893252D-02
   0.51000000D+03   0.54000000D+03   0.64754477D-01   0.37728569D-02
   0.54000000D+03   0.57000000D+03   0.67929151D-01   0.42683171D-02
   0.57000000D+03   0.60000000D+03   0.74572991D-01   0.48692499D-02


# M_jj index  20
   0.00000000D+00   0.20000000D+03  -0.40160554D-02   0.19197169D-03
   0.20000000D+03   0.40000000D+03  -0.17795338D-02   0.21669211D-03
   0.40000000D+03   0.60000000D+03   0.80170745D-03   0.11237614D-03
   0.60000000D+03   0.80000000D+03   0.39140748D-02   0.13931141D-03
   0.80000000D+03   0.10000000D+04   0.73835507D-02   0.19222516D-03
   0.10000000D+04   0.12000000D+04   0.11070065D-01   0.20739913D-03
   0.12000000D+04   0.14000000D+04   0.14819377D-01   0.24092127D-03
   0.14000000D+04   0.16000000D+04   0.18462770D-01   0.29364959D-03
   0.16000000D+04   0.18000000D+04   0.21492068D-01   0.35058992D-03
   0.18000000D+04   0.20000000D+04   0.25073869D-01   0.40235780D-03
   0.20000000D+04   0.22000000D+04   0.27210388D-01   0.46359377D-03
   0.22000000D+04   0.24000000D+04   0.31085127D-01   0.56483055D-03
   0.24000000D+04   0.26000000D+04   0.34899427D-01   0.65720577D-03
   0.26000000D+04   0.28000000D+04   0.37913386D-01   0.79597293D-03
   0.28000000D+04   0.30000000D+04   0.39434830D-01   0.88976986D-03
   0.30000000D+04   0.32000000D+04   0.45129195D-01   0.16594159D-02
   0.32000000D+04   0.34000000D+04   0.47103540D-01   0.12553473D-02
   0.34000000D+04   0.36000000D+04   0.48154677D-01   0.14938936D-02
   0.36000000D+04   0.38000000D+04   0.50108504D-01   0.15668922D-02
   0.38000000D+04   0.40000000D+04   0.54987704D-01   0.25553134D-02
   0.40000000D+04   0.42000000D+04   0.56644929D-01   0.30436710D-02
   0.42000000D+04   0.44000000D+04   0.58078339D-01   0.22425059D-02
   0.44000000D+04   0.46000000D+04   0.60927481D-01   0.25364229D-02
   0.46000000D+04   0.48000000D+04   0.59289456D-01   0.27717628D-02
   0.48000000D+04   0.50000000D+04   0.60265159D-01   0.35016612D-02
   0.50000000D+04   0.52000000D+04   0.69054526D-01   0.44423538D-02
   0.52000000D+04   0.54000000D+04   0.65367996D-01   0.37873702D-02
   0.54000000D+04   0.56000000D+04   0.63850045D-01   0.46245129D-02
   0.56000000D+04   0.58000000D+04   0.80414144D-01   0.10393882D-01
   0.58000000D+04   0.60000000D+04   0.71991555D-01   0.63275961D-02
   0.60000000D+04   0.62000000D+04   0.17746934D+00   0.10891467D+00
   0.62000000D+04   0.64000000D+04   0.74774218D-01   0.95719836D-02
   0.64000000D+04   0.66000000D+04   0.74905734D-01   0.92923499D-02
   0.66000000D+04   0.68000000D+04   0.88242597D-01   0.12573059D-01
   0.68000000D+04   0.70000000D+04   0.76163823D-01   0.13834802D-01


# rap(j1,j2) index  21
   0.00000000D+00   0.50000000D+00   0.14970522D-01   0.12896249D-02
   0.50000000D+00   0.10000000D+01   0.24993412D-01   0.14988089D-02
   0.10000000D+01   0.15000000D+01   0.51464221D-01   0.40602124D-02
   0.15000000D+01   0.20000000D+01   0.66757379D-01   0.27088484D-02
   0.20000000D+01   0.25000000D+01   0.76667254D-01   0.27434900D-02
   0.25000000D+01   0.30000000D+01   0.73754876D-01   0.11730391D-02
   0.30000000D+01   0.35000000D+01   0.59960796D-01   0.94841705D-03
   0.35000000D+01   0.40000000D+01   0.44622408D-01   0.52006207D-03
   0.40000000D+01   0.45000000D+01   0.31382140D-01   0.33402580D-03
   0.45000000D+01   0.50000000D+01   0.20982370D-01   0.23388282D-03
   0.50000000D+01   0.55000000D+01   0.13759327D-01   0.18358951D-03
   0.55000000D+01   0.60000000D+01   0.75227755D-02   0.14722082D-03
   0.60000000D+01   0.65000000D+01   0.36979287D-02   0.13210468D-03
   0.65000000D+01   0.70000000D+01   0.74180848D-03   0.12277412D-03
   0.70000000D+01   0.75000000D+01  -0.16907395D-02   0.13394340D-03
   0.75000000D+01   0.80000000D+01  -0.31763756D-02   0.16055424D-03
   0.80000000D+01   0.85000000D+01  -0.47686895D-02   0.28106019D-03
   0.85000000D+01   0.90000000D+01  -0.53967281D-02   0.23259928D-03
   0.90000000D+01   0.95000000D+01  -0.63709688D-02   0.31619635D-03
   0.95000000D+01   0.10000000D+02  -0.75934904D-02   0.46693067D-03


# phi(j1,j2) index  22
   0.00000000D+00   0.31415927D+00  -0.29568337D-02   0.11267668D-03
   0.31415927D+00   0.62831853D+00  -0.29419091D-02   0.11933470D-03
   0.62831853D+00   0.94247780D+00  -0.28117242D-02   0.12019338D-03
   0.94247780D+00   0.12566371D+01  -0.20679669D-02   0.12221525D-03
   0.12566371D+01   0.15707963D+01  -0.22899717D-03   0.13220957D-03
   0.15707963D+01   0.18849556D+01   0.40411585D-02   0.25161966D-03
   0.18849556D+01   0.21991149D+01   0.99143353D-02   0.18131062D-03
   0.21991149D+01   0.25132741D+01   0.21002223D-01   0.26420441D-03
   0.25132741D+01   0.28274334D+01   0.41704087D-01   0.35417838D-03
   0.28274334D+01   0.31415927D+01   0.76684466D-01   0.64121020D-03


# R(j1,j2) index  23
   0.00000000D+00   0.50000000D+00  -0.13915214D-01   0.59979153D-02
   0.50000000D+00   0.10000000D+01  -0.45400781D-02   0.80697391D-03
   0.10000000D+01   0.15000000D+01  -0.71818549D-03   0.10710795D-02
   0.15000000D+01   0.20000000D+01   0.12121441D-02   0.45240705D-03
   0.20000000D+01   0.25000000D+01   0.53911793D-02   0.40415556D-03
   0.25000000D+01   0.30000000D+01   0.13833036D-01   0.60252317D-03
   0.30000000D+01   0.35000000D+01   0.33809211D-01   0.91851068D-03
   0.35000000D+01   0.40000000D+01   0.47899536D-01   0.10979037D-02
   0.40000000D+01   0.45000000D+01   0.43848162D-01   0.47844213D-03
   0.45000000D+01   0.50000000D+01   0.33654506D-01   0.35232881D-03
   0.50000000D+01   0.55000000D+01   0.23972886D-01   0.24208937D-03
   0.55000000D+01   0.60000000D+01   0.15489635D-01   0.18666803D-03
   0.60000000D+01   0.65000000D+01   0.90438970D-02   0.15280843D-03
   0.65000000D+01   0.70000000D+01   0.44961727D-02   0.13310918D-03
   0.70000000D+01   0.75000000D+01   0.98855118D-03   0.12997814D-03
   0.75000000D+01   0.80000000D+01  -0.14063171D-02   0.15680398D-03
   0.80000000D+01   0.85000000D+01  -0.33225982D-02   0.15043511D-03
   0.85000000D+01   0.90000000D+01  -0.50813422D-02   0.34707940D-03
   0.90000000D+01   0.95000000D+01  -0.58251108D-02   0.25849185D-03
   0.95000000D+01   0.10000000D+02  -0.67956894D-02   0.38767389D-03


# ptj3 index  24
   0.00000000D+00   0.50000000D+01   0.00000000D+00   0.00000000D+00
   0.50000000D+01   0.10000000D+02   0.00000000D+00   0.00000000D+00
   0.10000000D+02   0.15000000D+02   0.00000000D+00   0.00000000D+00
   0.15000000D+02   0.20000000D+02   0.00000000D+00   0.00000000D+00
   0.20000000D+02   0.25000000D+02   0.00000000D+00   0.00000000D+00
   0.25000000D+02   0.30000000D+02   0.00000000D+00   0.00000000D+00
   0.30000000D+02   0.35000000D+02   0.00000000D+00   0.00000000D+00
   0.35000000D+02   0.40000000D+02   0.00000000D+00   0.00000000D+00
   0.40000000D+02   0.45000000D+02   0.00000000D+00   0.00000000D+00
   0.45000000D+02   0.50000000D+02   0.00000000D+00   0.00000000D+00
   0.50000000D+02   0.55000000D+02   0.00000000D+00   0.00000000D+00
   0.55000000D+02   0.60000000D+02   0.00000000D+00   0.00000000D+00
   0.60000000D+02   0.65000000D+02   0.00000000D+00   0.00000000D+00
   0.65000000D+02   0.70000000D+02   0.00000000D+00   0.00000000D+00
   0.70000000D+02   0.75000000D+02   0.00000000D+00   0.00000000D+00
   0.75000000D+02   0.80000000D+02   0.00000000D+00   0.00000000D+00
   0.80000000D+02   0.85000000D+02   0.00000000D+00   0.00000000D+00
   0.85000000D+02   0.90000000D+02   0.00000000D+00   0.00000000D+00
   0.90000000D+02   0.95000000D+02   0.00000000D+00   0.00000000D+00
   0.95000000D+02   0.10000000D+03   0.00000000D+00   0.00000000D+00


# yj3 index  25
  -0.60000000D+01  -0.55000000D+01   0.00000000D+00   0.00000000D+00
  -0.55000000D+01  -0.50000000D+01   0.00000000D+00   0.00000000D+00
  -0.50000000D+01  -0.45000000D+01   0.00000000D+00   0.00000000D+00
  -0.45000000D+01  -0.40000000D+01   0.00000000D+00   0.00000000D+00
  -0.40000000D+01  -0.35000000D+01   0.00000000D+00   0.00000000D+00
  -0.35000000D+01  -0.30000000D+01   0.00000000D+00   0.00000000D+00
  -0.30000000D+01  -0.25000000D+01   0.00000000D+00   0.00000000D+00
  -0.25000000D+01  -0.20000000D+01   0.00000000D+00   0.00000000D+00
  -0.20000000D+01  -0.15000000D+01   0.00000000D+00   0.00000000D+00
  -0.15000000D+01  -0.10000000D+01   0.00000000D+00   0.00000000D+00
  -0.10000000D+01  -0.50000000D+00   0.00000000D+00   0.00000000D+00
  -0.50000000D+00   0.00000000D+00   0.00000000D+00   0.00000000D+00
   0.00000000D+00   0.50000000D+00   0.00000000D+00   0.00000000D+00
   0.50000000D+00   0.10000000D+01   0.00000000D+00   0.00000000D+00
   0.10000000D+01   0.15000000D+01   0.00000000D+00   0.00000000D+00
   0.15000000D+01   0.20000000D+01   0.00000000D+00   0.00000000D+00
   0.20000000D+01   0.25000000D+01   0.00000000D+00   0.00000000D+00
   0.25000000D+01   0.30000000D+01   0.00000000D+00   0.00000000D+00
   0.30000000D+01   0.35000000D+01   0.00000000D+00   0.00000000D+00
   0.35000000D+01   0.40000000D+01   0.00000000D+00   0.00000000D+00
   0.40000000D+01   0.45000000D+01   0.00000000D+00   0.00000000D+00
   0.45000000D+01   0.50000000D+01   0.00000000D+00   0.00000000D+00
   0.50000000D+01   0.55000000D+01   0.00000000D+00   0.00000000D+00
   0.55000000D+01   0.60000000D+01   0.00000000D+00   0.00000000D+00


# y*j3 index  26
  -0.60000000D+01  -0.55000000D+01   0.00000000D+00   0.00000000D+00
  -0.55000000D+01  -0.50000000D+01   0.00000000D+00   0.00000000D+00
  -0.50000000D+01  -0.45000000D+01   0.00000000D+00   0.00000000D+00
  -0.45000000D+01  -0.40000000D+01   0.00000000D+00   0.00000000D+00
  -0.40000000D+01  -0.35000000D+01   0.00000000D+00   0.00000000D+00
  -0.35000000D+01  -0.30000000D+01   0.00000000D+00   0.00000000D+00
  -0.30000000D+01  -0.25000000D+01   0.00000000D+00   0.00000000D+00
  -0.25000000D+01  -0.20000000D+01   0.00000000D+00   0.00000000D+00
  -0.20000000D+01  -0.15000000D+01   0.00000000D+00   0.00000000D+00
  -0.15000000D+01  -0.10000000D+01   0.00000000D+00   0.00000000D+00
  -0.10000000D+01  -0.50000000D+00   0.00000000D+00   0.00000000D+00
  -0.50000000D+00   0.00000000D+00   0.00000000D+00   0.00000000D+00
   0.00000000D+00   0.50000000D+00   0.00000000D+00   0.00000000D+00
   0.50000000D+00   0.10000000D+01   0.00000000D+00   0.00000000D+00
   0.10000000D+01   0.15000000D+01   0.00000000D+00   0.00000000D+00
   0.15000000D+01   0.20000000D+01   0.00000000D+00   0.00000000D+00
   0.20000000D+01   0.25000000D+01   0.00000000D+00   0.00000000D+00
   0.25000000D+01   0.30000000D+01   0.00000000D+00   0.00000000D+00
   0.30000000D+01   0.35000000D+01   0.00000000D+00   0.00000000D+00
   0.35000000D+01   0.40000000D+01   0.00000000D+00   0.00000000D+00
   0.40000000D+01   0.45000000D+01   0.00000000D+00   0.00000000D+00
   0.45000000D+01   0.50000000D+01   0.00000000D+00   0.00000000D+00
   0.50000000D+01   0.55000000D+01   0.00000000D+00   0.00000000D+00
   0.55000000D+01   0.60000000D+01   0.00000000D+00   0.00000000D+00


# min{rap(j1,j3),rap(j3,j2)} index  27
  -0.50000000D+01  -0.48000000D+01   0.00000000D+00   0.00000000D+00
  -0.48000000D+01  -0.46000000D+01   0.00000000D+00   0.00000000D+00
  -0.46000000D+01  -0.44000000D+01   0.00000000D+00   0.00000000D+00
  -0.44000000D+01  -0.42000000D+01   0.00000000D+00   0.00000000D+00
  -0.42000000D+01  -0.40000000D+01   0.00000000D+00   0.00000000D+00
  -0.40000000D+01  -0.38000000D+01   0.00000000D+00   0.00000000D+00
  -0.38000000D+01  -0.36000000D+01   0.00000000D+00   0.00000000D+00
  -0.36000000D+01  -0.34000000D+01   0.00000000D+00   0.00000000D+00
  -0.34000000D+01  -0.32000000D+01   0.00000000D+00   0.00000000D+00
  -0.32000000D+01  -0.30000000D+01   0.00000000D+00   0.00000000D+00
  -0.30000000D+01  -0.28000000D+01   0.00000000D+00   0.00000000D+00
  -0.28000000D+01  -0.26000000D+01   0.00000000D+00   0.00000000D+00
  -0.26000000D+01  -0.24000000D+01   0.00000000D+00   0.00000000D+00
  -0.24000000D+01  -0.22000000D+01   0.00000000D+00   0.00000000D+00
  -0.22000000D+01  -0.20000000D+01   0.00000000D+00   0.00000000D+00
  -0.20000000D+01  -0.18000000D+01   0.00000000D+00   0.00000000D+00
  -0.18000000D+01  -0.16000000D+01   0.00000000D+00   0.00000000D+00
  -0.16000000D+01  -0.14000000D+01   0.00000000D+00   0.00000000D+00
  -0.14000000D+01  -0.12000000D+01   0.00000000D+00   0.00000000D+00
  -0.12000000D+01  -0.10000000D+01   0.00000000D+00   0.00000000D+00
  -0.10000000D+01  -0.80000000D+00   0.00000000D+00   0.00000000D+00
  -0.80000000D+00  -0.60000000D+00   0.00000000D+00   0.00000000D+00
  -0.60000000D+00  -0.40000000D+00   0.00000000D+00   0.00000000D+00
  -0.40000000D+00  -0.20000000D+00   0.00000000D+00   0.00000000D+00
  -0.20000000D+00   0.00000000D+00   0.00000000D+00   0.00000000D+00
   0.00000000D+00   0.20000000D+00   0.00000000D+00   0.00000000D+00
   0.20000000D+00   0.40000000D+00   0.00000000D+00   0.00000000D+00
   0.40000000D+00   0.60000000D+00   0.00000000D+00   0.00000000D+00
   0.60000000D+00   0.80000000D+00   0.00000000D+00   0.00000000D+00
   0.80000000D+00   0.10000000D+01   0.00000000D+00   0.00000000D+00
   0.10000000D+01   0.12000000D+01   0.00000000D+00   0.00000000D+00
   0.12000000D+01   0.14000000D+01   0.00000000D+00   0.00000000D+00
   0.14000000D+01   0.16000000D+01   0.00000000D+00   0.00000000D+00
   0.16000000D+01   0.18000000D+01   0.00000000D+00   0.00000000D+00
   0.18000000D+01   0.20000000D+01   0.00000000D+00   0.00000000D+00
   0.20000000D+01   0.22000000D+01   0.00000000D+00   0.00000000D+00
   0.22000000D+01   0.24000000D+01   0.00000000D+00   0.00000000D+00
   0.24000000D+01   0.26000000D+01   0.00000000D+00   0.00000000D+00
   0.26000000D+01   0.28000000D+01   0.00000000D+00   0.00000000D+00
   0.28000000D+01   0.30000000D+01   0.00000000D+00   0.00000000D+00
   0.30000000D+01   0.32000000D+01   0.00000000D+00   0.00000000D+00
   0.32000000D+01   0.34000000D+01   0.00000000D+00   0.00000000D+00
   0.34000000D+01   0.36000000D+01   0.00000000D+00   0.00000000D+00
   0.36000000D+01   0.38000000D+01   0.00000000D+00   0.00000000D+00
   0.38000000D+01   0.40000000D+01   0.00000000D+00   0.00000000D+00
   0.40000000D+01   0.42000000D+01   0.00000000D+00   0.00000000D+00
   0.42000000D+01   0.44000000D+01   0.00000000D+00   0.00000000D+00
   0.44000000D+01   0.46000000D+01   0.00000000D+00   0.00000000D+00
   0.46000000D+01   0.48000000D+01   0.00000000D+00   0.00000000D+00
   0.48000000D+01   0.50000000D+01   0.00000000D+00   0.00000000D+00


# rapj1j3 index  28
   0.00000000D+00   0.50000000D+00   0.00000000D+00   0.00000000D+00
   0.50000000D+00   0.10000000D+01   0.00000000D+00   0.00000000D+00
   0.10000000D+01   0.15000000D+01   0.00000000D+00   0.00000000D+00
   0.15000000D+01   0.20000000D+01   0.00000000D+00   0.00000000D+00
   0.20000000D+01   0.25000000D+01   0.00000000D+00   0.00000000D+00
   0.25000000D+01   0.30000000D+01   0.00000000D+00   0.00000000D+00
   0.30000000D+01   0.35000000D+01   0.00000000D+00   0.00000000D+00
   0.35000000D+01   0.40000000D+01   0.00000000D+00   0.00000000D+00
   0.40000000D+01   0.45000000D+01   0.00000000D+00   0.00000000D+00
   0.45000000D+01   0.50000000D+01   0.00000000D+00   0.00000000D+00
   0.50000000D+01   0.55000000D+01   0.00000000D+00   0.00000000D+00
   0.55000000D+01   0.60000000D+01   0.00000000D+00   0.00000000D+00
   0.60000000D+01   0.65000000D+01   0.00000000D+00   0.00000000D+00
   0.65000000D+01   0.70000000D+01   0.00000000D+00   0.00000000D+00
   0.70000000D+01   0.75000000D+01   0.00000000D+00   0.00000000D+00
   0.75000000D+01   0.80000000D+01   0.00000000D+00   0.00000000D+00
   0.80000000D+01   0.85000000D+01   0.00000000D+00   0.00000000D+00
   0.85000000D+01   0.90000000D+01   0.00000000D+00   0.00000000D+00
   0.90000000D+01   0.95000000D+01   0.00000000D+00   0.00000000D+00
   0.95000000D+01   0.10000000D+02   0.00000000D+00   0.00000000D+00


# rapj2j3 index  29
   0.00000000D+00   0.50000000D+00   0.00000000D+00   0.00000000D+00
   0.50000000D+00   0.10000000D+01   0.00000000D+00   0.00000000D+00
   0.10000000D+01   0.15000000D+01   0.00000000D+00   0.00000000D+00
   0.15000000D+01   0.20000000D+01   0.00000000D+00   0.00000000D+00
   0.20000000D+01   0.25000000D+01   0.00000000D+00   0.00000000D+00
   0.25000000D+01   0.30000000D+01   0.00000000D+00   0.00000000D+00
   0.30000000D+01   0.35000000D+01   0.00000000D+00   0.00000000D+00
   0.35000000D+01   0.40000000D+01   0.00000000D+00   0.00000000D+00
   0.40000000D+01   0.45000000D+01   0.00000000D+00   0.00000000D+00
   0.45000000D+01   0.50000000D+01   0.00000000D+00   0.00000000D+00
   0.50000000D+01   0.55000000D+01   0.00000000D+00   0.00000000D+00
   0.55000000D+01   0.60000000D+01   0.00000000D+00   0.00000000D+00
   0.60000000D+01   0.65000000D+01   0.00000000D+00   0.00000000D+00
   0.65000000D+01   0.70000000D+01   0.00000000D+00   0.00000000D+00
   0.70000000D+01   0.75000000D+01   0.00000000D+00   0.00000000D+00
   0.75000000D+01   0.80000000D+01   0.00000000D+00   0.00000000D+00
   0.80000000D+01   0.85000000D+01   0.00000000D+00   0.00000000D+00
   0.85000000D+01   0.90000000D+01   0.00000000D+00   0.00000000D+00
   0.90000000D+01   0.95000000D+01   0.00000000D+00   0.00000000D+00
   0.95000000D+01   0.10000000D+02   0.00000000D+00   0.00000000D+00


# ptj4 index  30
   0.00000000D+00   0.50000000D+01   0.00000000D+00   0.00000000D+00
   0.50000000D+01   0.10000000D+02   0.00000000D+00   0.00000000D+00
   0.10000000D+02   0.15000000D+02   0.00000000D+00   0.00000000D+00
   0.15000000D+02   0.20000000D+02   0.00000000D+00   0.00000000D+00
   0.20000000D+02   0.25000000D+02   0.00000000D+00   0.00000000D+00
   0.25000000D+02   0.30000000D+02   0.00000000D+00   0.00000000D+00
   0.30000000D+02   0.35000000D+02   0.00000000D+00   0.00000000D+00
   0.35000000D+02   0.40000000D+02   0.00000000D+00   0.00000000D+00
   0.40000000D+02   0.45000000D+02   0.00000000D+00   0.00000000D+00
   0.45000000D+02   0.50000000D+02   0.00000000D+00   0.00000000D+00
   0.50000000D+02   0.55000000D+02   0.00000000D+00   0.00000000D+00
   0.55000000D+02   0.60000000D+02   0.00000000D+00   0.00000000D+00
   0.60000000D+02   0.65000000D+02   0.00000000D+00   0.00000000D+00
   0.65000000D+02   0.70000000D+02   0.00000000D+00   0.00000000D+00
   0.70000000D+02   0.75000000D+02   0.00000000D+00   0.00000000D+00
   0.75000000D+02   0.80000000D+02   0.00000000D+00   0.00000000D+00
   0.80000000D+02   0.85000000D+02   0.00000000D+00   0.00000000D+00
   0.85000000D+02   0.90000000D+02   0.00000000D+00   0.00000000D+00
   0.90000000D+02   0.95000000D+02   0.00000000D+00   0.00000000D+00
   0.95000000D+02   0.10000000D+03   0.00000000D+00   0.00000000D+00


# yj4 index  31
  -0.60000000D+01  -0.55000000D+01   0.00000000D+00   0.00000000D+00
  -0.55000000D+01  -0.50000000D+01   0.00000000D+00   0.00000000D+00
  -0.50000000D+01  -0.45000000D+01   0.00000000D+00   0.00000000D+00
  -0.45000000D+01  -0.40000000D+01   0.00000000D+00   0.00000000D+00
  -0.40000000D+01  -0.35000000D+01   0.00000000D+00   0.00000000D+00
  -0.35000000D+01  -0.30000000D+01   0.00000000D+00   0.00000000D+00
  -0.30000000D+01  -0.25000000D+01   0.00000000D+00   0.00000000D+00
  -0.25000000D+01  -0.20000000D+01   0.00000000D+00   0.00000000D+00
  -0.20000000D+01  -0.15000000D+01   0.00000000D+00   0.00000000D+00
  -0.15000000D+01  -0.10000000D+01   0.00000000D+00   0.00000000D+00
  -0.10000000D+01  -0.50000000D+00   0.00000000D+00   0.00000000D+00
  -0.50000000D+00   0.00000000D+00   0.00000000D+00   0.00000000D+00
   0.00000000D+00   0.50000000D+00   0.00000000D+00   0.00000000D+00
   0.50000000D+00   0.10000000D+01   0.00000000D+00   0.00000000D+00
   0.10000000D+01   0.15000000D+01   0.00000000D+00   0.00000000D+00
   0.15000000D+01   0.20000000D+01   0.00000000D+00   0.00000000D+00
   0.20000000D+01   0.25000000D+01   0.00000000D+00   0.00000000D+00
   0.25000000D+01   0.30000000D+01   0.00000000D+00   0.00000000D+00
   0.30000000D+01   0.35000000D+01   0.00000000D+00   0.00000000D+00
   0.35000000D+01   0.40000000D+01   0.00000000D+00   0.00000000D+00
   0.40000000D+01   0.45000000D+01   0.00000000D+00   0.00000000D+00
   0.45000000D+01   0.50000000D+01   0.00000000D+00   0.00000000D+00
   0.50000000D+01   0.55000000D+01   0.00000000D+00   0.00000000D+00
   0.55000000D+01   0.60000000D+01   0.00000000D+00   0.00000000D+00


# rapj1j4 index  32
   0.00000000D+00   0.50000000D+00   0.00000000D+00   0.00000000D+00
   0.50000000D+00   0.10000000D+01   0.00000000D+00   0.00000000D+00
   0.10000000D+01   0.15000000D+01   0.00000000D+00   0.00000000D+00
   0.15000000D+01   0.20000000D+01   0.00000000D+00   0.00000000D+00
   0.20000000D+01   0.25000000D+01   0.00000000D+00   0.00000000D+00
   0.25000000D+01   0.30000000D+01   0.00000000D+00   0.00000000D+00
   0.30000000D+01   0.35000000D+01   0.00000000D+00   0.00000000D+00
   0.35000000D+01   0.40000000D+01   0.00000000D+00   0.00000000D+00
   0.40000000D+01   0.45000000D+01   0.00000000D+00   0.00000000D+00
   0.45000000D+01   0.50000000D+01   0.00000000D+00   0.00000000D+00
   0.50000000D+01   0.55000000D+01   0.00000000D+00   0.00000000D+00
   0.55000000D+01   0.60000000D+01   0.00000000D+00   0.00000000D+00
   0.60000000D+01   0.65000000D+01   0.00000000D+00   0.00000000D+00
   0.65000000D+01   0.70000000D+01   0.00000000D+00   0.00000000D+00
   0.70000000D+01   0.75000000D+01   0.00000000D+00   0.00000000D+00
   0.75000000D+01   0.80000000D+01   0.00000000D+00   0.00000000D+00
   0.80000000D+01   0.85000000D+01   0.00000000D+00   0.00000000D+00
   0.85000000D+01   0.90000000D+01   0.00000000D+00   0.00000000D+00
   0.90000000D+01   0.95000000D+01   0.00000000D+00   0.00000000D+00
   0.95000000D+01   0.10000000D+02   0.00000000D+00   0.00000000D+00


# rapj2j4 index  33
   0.00000000D+00   0.50000000D+00   0.00000000D+00   0.00000000D+00
   0.50000000D+00   0.10000000D+01   0.00000000D+00   0.00000000D+00
   0.10000000D+01   0.15000000D+01   0.00000000D+00   0.00000000D+00
   0.15000000D+01   0.20000000D+01   0.00000000D+00   0.00000000D+00
   0.20000000D+01   0.25000000D+01   0.00000000D+00   0.00000000D+00
   0.25000000D+01   0.30000000D+01   0.00000000D+00   0.00000000D+00
   0.30000000D+01   0.35000000D+01   0.00000000D+00   0.00000000D+00
   0.35000000D+01   0.40000000D+01   0.00000000D+00   0.00000000D+00
   0.40000000D+01   0.45000000D+01   0.00000000D+00   0.00000000D+00
   0.45000000D+01   0.50000000D+01   0.00000000D+00   0.00000000D+00
   0.50000000D+01   0.55000000D+01   0.00000000D+00   0.00000000D+00
   0.55000000D+01   0.60000000D+01   0.00000000D+00   0.00000000D+00
   0.60000000D+01   0.65000000D+01   0.00000000D+00   0.00000000D+00
   0.65000000D+01   0.70000000D+01   0.00000000D+00   0.00000000D+00
   0.70000000D+01   0.75000000D+01   0.00000000D+00   0.00000000D+00
   0.75000000D+01   0.80000000D+01   0.00000000D+00   0.00000000D+00
   0.80000000D+01   0.85000000D+01   0.00000000D+00   0.00000000D+00
   0.85000000D+01   0.90000000D+01   0.00000000D+00   0.00000000D+00
   0.90000000D+01   0.95000000D+01   0.00000000D+00   0.00000000D+00
   0.95000000D+01   0.10000000D+02   0.00000000D+00   0.00000000D+00


# rapj3j4 index  34
   0.00000000D+00   0.50000000D+00   0.00000000D+00   0.00000000D+00
   0.50000000D+00   0.10000000D+01   0.00000000D+00   0.00000000D+00
   0.10000000D+01   0.15000000D+01   0.00000000D+00   0.00000000D+00
   0.15000000D+01   0.20000000D+01   0.00000000D+00   0.00000000D+00
   0.20000000D+01   0.25000000D+01   0.00000000D+00   0.00000000D+00
   0.25000000D+01   0.30000000D+01   0.00000000D+00   0.00000000D+00
   0.30000000D+01   0.35000000D+01   0.00000000D+00   0.00000000D+00
   0.35000000D+01   0.40000000D+01   0.00000000D+00   0.00000000D+00
   0.40000000D+01   0.45000000D+01   0.00000000D+00   0.00000000D+00
   0.45000000D+01   0.50000000D+01   0.00000000D+00   0.00000000D+00
   0.50000000D+01   0.55000000D+01   0.00000000D+00   0.00000000D+00
   0.55000000D+01   0.60000000D+01   0.00000000D+00   0.00000000D+00
   0.60000000D+01   0.65000000D+01   0.00000000D+00   0.00000000D+00
   0.65000000D+01   0.70000000D+01   0.00000000D+00   0.00000000D+00
   0.70000000D+01   0.75000000D+01   0.00000000D+00   0.00000000D+00
   0.75000000D+01   0.80000000D+01   0.00000000D+00   0.00000000D+00
   0.80000000D+01   0.85000000D+01   0.00000000D+00   0.00000000D+00
   0.85000000D+01   0.90000000D+01   0.00000000D+00   0.00000000D+00
   0.90000000D+01   0.95000000D+01   0.00000000D+00   0.00000000D+00
   0.95000000D+01   0.10000000D+02   0.00000000D+00   0.00000000D+00


