# Q1 =   100.0000 , Q2 =   500.0000
# x  F1Wp(LO) F1Wm(LO) F1Wp(NLO) F1Wm(NLO) F1Wp(NNLO) F1Wm(NNLO) F1Z(LO) F1Z(NLO) F1Z(NNLO)
    1.000000316960E-05    2.470795433627E+05    2.470795433627E+05   -2.330702549866E+03   -2.330702549866E+03    9.531526704589E+00    9.531526704589E+00    2.104294921188E+05   -1.984982435912E+03    1.179546392829E+01
    1.059254059240E-05    2.319278511164E+05    2.319278511164E+05   -2.187004791683E+03   -2.187004791683E+03    8.843039272583E+00    8.843039272583E+00    1.975252959205E+05   -1.862599798072E+03    1.098073988148E+01
    1.122018806381E-05    2.177057630641E+05    2.177057630641E+05   -2.052162502329E+03   -2.052162502329E+03    8.202666050648E+00    8.202666050648E+00    1.854128129323E+05   -1.747759070755E+03    1.022113874145E+01
    1.188502598494E-05    2.043562396726E+05    2.043562396726E+05   -1.925630196012E+03   -1.925630196012E+03    7.607123823638E+00    7.607123823638E+00    1.740434644663E+05   -1.639995681699E+03    9.512989844291E+00
    1.258925802843E-05    1.918257413486E+05    1.918257413486E+05   -1.806895976136E+03   -1.806895976136E+03    7.053349499821E+00    7.053349499821E+00    1.633716526181E+05   -1.538873665505E+03    8.852864035442E+00
    1.333521844269E-05    1.800640136828E+05    1.800640136828E+05   -1.695479467635E+03   -1.695479467635E+03    6.538485563261E+00    6.538485563261E+00    1.533545773659E+05   -1.443983902560E+03    8.237557854230E+00
    1.412537978909E-05    1.690238858712E+05    1.690238858712E+05   -1.590929876553E+03   -1.590929876553E+03    6.059866389441E+00    6.059866389441E+00    1.439520648927E+05   -1.354942466541E+03    7.664078840424E+00
    1.496236113743E-05    1.586610815051E+05    1.586610815051E+05   -1.492824169026E+03   -1.492824169026E+03    5.615005646591E+00    5.615005646591E+00    1.351264064428E+05   -1.271389073459E+03    7.129631774377E+00
    1.584893674715E-05    1.489340409711E+05    1.489340409711E+05   -1.400765362352E+03   -1.400765362352E+03    5.201584332973E+00    5.201584332973E+00    1.268422070650E+05   -1.192985626255E+03    6.631605805240E+00
    1.678804526291E-05    1.398037547486E+05    1.398037547486E+05   -1.314380921206E+03   -1.314380921206E+03    4.817439692678E+00    4.817439692678E+00    1.190662436382E+05   -1.119414848901E+03    6.167562412392E+00
    1.778279945500E-05    1.312336069363E+05    1.312336069363E+05   -1.233321252649E+03   -1.233321252649E+03    4.460554843368E+00    4.460554843368E+00    1.117673316078E+05   -1.050379004600E+03    5.735224150550E+00
    1.883649653694E-05    1.231892283797E+05    1.231892283797E+05   -1.157258293594E+03   -1.157258293594E+03    4.129049077494E+00    4.129049077494E+00    1.049161998992E+05   -9.855986928619E+02    5.332464116043E+00
    1.995262909442E-05    1.156383588104E+05    1.156383588104E+05   -1.085884185370E+03   -1.085884185370E+03    3.821168815489E+00    3.821168815489E+00    9.848537350666E+04   -9.248117206199E+02    4.957296125186E+00
    2.113489666185E-05    1.085507174455E+05    1.085507174455E+05   -1.018910029791E+03   -1.018910029791E+03    3.535279119803E+00    3.535279119803E+00    9.244906328671E+04   -8.677720428227E+02    4.607865410242E+00
    2.238721798482E-05    1.018978815257E+05    1.018978815257E+05   -9.560647217922E+02   -9.560647217922E+02    3.269855822758E+00    3.269855822758E+00    8.678306251341E+04   -8.142487682360E+02    4.282440188528E+00
    2.371374400920E-05    9.565317230718E+04    9.565317230718E+04   -8.970938539281E+02   -8.970938539281E+02    3.023478120453E+00    3.023478120453E+00    8.146464978123E+04   -7.640252264343E+02    3.979403461105E+00
    2.511887163984E-05    8.979154804893E+04    8.979154804893E+04   -8.417586882921E+02   -8.417586882921E+02    2.794821679604E+00    2.794821679604E+00    7.647249786582E+04   -7.168980922046E+02    3.697245485924E+00
    2.660725831458E-05    8.428950356596E+04    8.428950356596E+04   -7.898351917019E+02   -7.898351917019E+02    2.582652194248E+00    2.582652194248E+00    7.178658817695E+04   -6.726765639330E+02    3.434556843521E+00
    2.818383744181E-05    7.912497594629E+04    7.912497594629E+04   -7.411131303500E+02   -7.411131303500E+02    2.385819385494E+00    2.385819385494E+00    6.738813046066E+04   -6.311815923715E+02    3.190021774109E+00
    2.985383475271E-05    7.427725605297E+04    7.427725605297E+04   -6.953952200317E+02   -6.953952200317E+02    2.203251304754E+00    2.203251304754E+00    6.325948742854E+04   -5.922451570968E+02    2.962412045369E+00
    3.162278562252E-05    6.972690545641E+04    6.972690545641E+04   -6.524963288460E+02   -6.524963288460E+02    2.033949199209E+00    2.033949199209E+00    5.938410401167E+04   -5.557095873650E+02    2.750581199262E+00
    3.349655341806E-05    6.545567846365E+04    6.545567846365E+04   -6.122427288546E+02   -6.122427288546E+02    1.876982529916E+00    1.876982529916E+00    5.574644095555E+04   -5.214269248391E+02    2.553459173087E+00
    3.548134893245E-05    6.144644893199E+04    6.144644893199E+04   -5.744713938788E+02   -5.744713938788E+02    1.731484414544E+00    1.731484414544E+00    5.233191248973E+04   -4.892583254990E+02    2.370047273112E+00
    3.758375097145E-05    5.768314157331E+04    5.768314157331E+04   -5.390293404732E+02   -5.390293404732E+02    1.596647349651E+00    1.596647349651E+00    4.912682782188E+04   -4.590734983931E+02    2.199413472366E+00
    3.981072815955E-05    5.415066747358E+04    5.415066747358E+04   -5.057730095217E+02   -5.057730095217E+02    1.471719220456E+00    1.471719220456E+00    4.611833622191E+04   -4.307501789430E+02    2.040688018651E+00
    4.216966203819E-05    5.083486356878E+04    5.083486356878E+04   -4.745676858440E+02   -4.745676858440E+02    1.355999586480E+00    1.355999586480E+00    4.329437547568E+04   -4.041736347126E+02    1.893059339162E+00
    4.466837153263E-05    4.772243583476E+04    4.772243583476E+04   -4.452869535895E+02   -4.452869535895E+02    1.248836142160E+00    1.248836142160E+00    4.064362350159E+04   -3.792362014752E+02    1.755770151100E+00
    4.731513886856E-05    4.480090596282E+04    4.480090596282E+04   -4.178121850911E+02   -4.178121850911E+02    1.149621558404E+00    1.149621558404E+00    3.815545293597E+04   -3.558368479769E+02    1.628113951017E+00
    5.011873702437E-05    4.205856130734E+04    4.205856130734E+04   -3.920320613080E+02   -3.920320613080E+02    1.057790387623E+00    1.057790387623E+00    3.581988850512E+04   -3.338807674346E+02    1.509431608766E+00
    5.308845881011E-05    3.948440790463E+04    3.948440790463E+04   -3.678421216172E+02   -3.678421216172E+02    9.728162479774E-01    9.728162479774E-01    3.362756701304E+04   -3.132789941826E+02    1.399108246778E+00
    5.623414766941E-05    3.706812637451E+04    3.706812637451E+04   -3.451443414438E+02   -3.451443414438E+02    8.942091800220E-01    8.942091800220E-01    3.156969978422E+04   -2.939480439596E+02    1.296570310701E+00
    5.956623030659E-05    3.480003052781E+04    3.480003052781E+04   -3.238467359008E+02   -3.238467359008E+02    8.215131799829E-01    8.215131799829E-01    2.963803741103E+04   -2.758095762703E+02    1.201282832339E+00
    6.309575124703E-05    3.267102851370E+04    3.267102851370E+04   -3.038629878316E+02   -3.038629878316E+02    7.543038970983E-01    7.543038970983E-01    2.782483666421E+04   -2.587900776117E+02    1.112746890990E+00
    6.683440944536E-05    3.067258635099E+04    3.067258635099E+04   -2.851120986068E+02   -2.851120986068E+02    6.921864844061E-01    6.921864844061E-01    2.612282943365E+04   -2.428205641398E+02    1.030497143770E+00
    7.079459706283E-05    2.879669369724E+04    2.879669369724E+04   -2.675180606467E+02   -2.675180606467E+02    6.347935943139E-01    6.347935943139E-01    2.452519357507E+04   -2.278363027078E+02    9.540997001578E-01
    7.498944054238E-05    2.703583171817E+04    2.703583171817E+04   -2.510095499561E+02   -2.510095499561E+02    5.817835059589E-01    5.817835059589E-01    2.302552554548E+04   -2.137765490054E+02    8.831500191398E-01
    7.943284411759E-05    2.538294292868E+04    2.538294292868E+04   -2.355196376405E+02   -2.355196376405E+02    5.328383803899E-01    5.328383803899E-01    2.161781471775E+04   -2.005843019384E+02    8.172708473480E-01
    8.413953589964E-05    2.383140288440E+04    2.383140288440E+04   -2.209855191755E+02   -2.209855191755E+02    4.876626237965E-01    4.876626237965E-01    2.029641927126E+04   -1.882060729626E+02    7.561105196075E-01
    8.912511669514E-05    2.237499361026E+04    2.237499361026E+04   -2.073482603701E+02   -2.073482603701E+02    4.459813955023E-01    4.459813955023E-01    1.905604356188E+04   -1.765916697415E+02    6.993412350368E-01
    9.440611171657E-05    2.100787865951E+04    2.100787865951E+04   -1.945525589241E+02   -1.945525589241E+02    4.075391478395E-01    4.075391478395E-01    1.789171688052E+04   -1.656939931301E+02    6.466574123682E-01
    1.000000253568E-04    1.972457970303E+04    1.972457970303E+04   -1.825465207180E+02   -1.825465207180E+02    3.720983319375E-01    3.720983319375E-01    1.679877351510E+04   -1.554688466554E+02    5.977742509759E-01
    1.059253992091E-04    1.851995455524E+04    1.851995455524E+04   -1.712814498440E+02   -1.712814498440E+02    3.394381567117E-01    3.394381567117E-01    1.577283403588E+04   -1.458747576166E+02    5.524263318110E-01
    1.122018735254E-04    1.738917654826E+04    1.738917654826E+04   -1.607116516225E+02   -1.607116516225E+02    3.093534380115E-01    3.093534380115E-01    1.480978772914E+04   -1.368728093318E+02    5.103663214926E-01
    1.188502523153E-04    1.632771517173E+04    1.632771517173E+04   -1.507942476485E+02   -1.507942476485E+02    2.816535254140E-01    2.816535254140E-01    1.390577610873E+04   -1.284264836953E+02    4.713637620953E-01
    1.258925723037E-04    1.533131790052E+04    1.533131790052E+04   -1.414890023229E+02   -1.414890023229E+02    2.561613013766E-01    2.561613013766E-01    1.305717743934E+04   -1.205015133750E+02    4.352039406908E-01
    1.333521759735E-04    1.439599313752E+04    1.439599313752E+04   -1.327581600478E+02   -1.327581600478E+02    2.327122476862E-01    2.327122476862E-01    1.226059220947E+04   -1.130657431743E+02    4.016868335079E-01
    1.412537889366E-04    1.351799420308E+04    1.351799420308E+04   -1.245662923948E+02   -1.245662923948E+02    2.111535756809E-01    2.111535756809E-01    1.151282949573E+04   -1.060889998703E+02    3.706261186665E-01
    1.496236018893E-04    1.269380430685E+04    1.269380430685E+04   -1.168801547499E+02   -1.168801547499E+02    1.913434142434E-01    1.913434142434E-01    1.081089416384E+04   -9.954297012228E+01    3.418482622349E-01
    1.584893574245E-04    1.192012244171E+04    1.192012244171E+04   -1.096685517554E+02   -1.096685517554E+02    1.731500539313E-01    1.731500539313E-01    1.015197485500E+04   -9.340108587384E+01    3.151916495300E-01
    1.678804419868E-04    1.119385014333E+04    1.119385014333E+04   -1.029022110453E+02   -1.029022110453E+02    1.564512406298E-01    1.564512406298E-01    9.533432709391E+03   -8.763841679896E+01    2.905057819343E-01
    1.778279832772E-04    1.051207906208E+04    1.051207906208E+04   -9.655366475850E+01   -9.655366475850E+01    1.411335219695E-01    1.411335219695E-01    8.952790781624E+03   -8.223156946401E+01    2.676505411048E-01
    1.883649534286E-04    9.872079297575E+03    9.872079297575E+03   -9.059713833300E+01   -9.059713833300E+01    1.270916291945E-01    1.270916291945E-01    8.407724105655E+03   -7.715859252210E+01    2.464954737841E-01
    1.995262782958E-04    9.271288449038E+03    9.271288449038E+03   -8.500844622876E+01   -8.500844622876E+01    1.142279099848E-01    1.142279099848E-01    7.896050369308E+03   -7.239888791386E+01    2.269191463609E-01
    2.113489532207E-04    8.707301337475E+03    8.707301337475E+03   -7.976489391655E+01   -7.976489391655E+01    1.024517954405E-01    1.024517954405E-01    7.415721161020E+03   -6.793312747518E+01    2.088085335205E-01
    2.238721656565E-04    8.177860358541E+03    8.177860358541E+03   -7.484518605946E+01   -7.484518605946E+01    9.167930434666E-02    9.167930434666E-02    6.964813753682E+03   -6.374317467030E+01    1.920584490890E-01
    2.371374250594E-04    7.680846427340E+03    7.680846427340E+03   -7.022934028195E+01   -7.022934028195E+01    8.183258126211E-02    8.183258126211E-02    6.541523392630E+03   -5.981201116951E+01    1.765710147032E-01
    2.511887004750E-04    7.214270478856E+03    7.214270478856E+03   -6.589860624546E+01   -6.589860624546E+01    7.283946626661E-02    7.283946626661E-02    6.144156056840E+03   -5.612366792831E+01    1.622551640320E-01
    2.660725662789E-04    6.776265489920E+03    6.776265489920E+03   -6.183538972249E+01   -6.183538972249E+01    6.463309394493E-02    6.463309394493E-02    5.771121664300E+03   -5.266316052385E+01    1.490261798431E-01
    2.818383565518E-04    6.365078990709E+03    6.365078990709E+03   -5.802318135750E+01   -5.802318135750E+01    5.715151911556E-02    5.715151911556E-02    5.420927694303E+03   -4.941642848291E+01    1.368052623554E-01
    2.985383286022E-04    5.979066035737E+03    5.979066035737E+03   -5.444648979650E+01   -5.444648979650E+01    5.033737355923E-02    5.033737355923E-02    5.092173201072E+03   -4.637027831339E+01    1.255191267093E-01
    3.162278361789E-04    5.616682606156E+03    5.616682606156E+03   -5.109077894742E+01   -5.109077894742E+01    4.413753516151E-02    4.413753516151E-02    4.783543194714E+03   -4.351233014095E+01    1.150996240832E-01
    3.349655129464E-04    5.276479416878E+03    5.276479416878E+03   -4.794240908578E+01   -4.794240908578E+01    3.850283140848E-02    3.850283140848E-02    4.493803366954E+03   -4.083096746433E+01    1.054833953530E-01
    3.548134668321E-04    4.957096103709E+03    4.957096103709E+03   -4.498858168284E+01   -4.498858168284E+01    3.338775650776E-02    3.338775650776E-02    4.221795140507E+03   -3.831529015239E+01    9.661154065103E-02
    3.758374858894E-04    4.657255767141E+03    4.657255767141E+03   -4.221728742733E+01   -4.221728742733E+01    2.875021140873E-02    2.875021140873E-02    3.966431022208E+03   -3.595507029569E+01    8.842931473684E-02
    3.981072563587E-04    4.375759850957E+03    4.375759850957E+03   -3.961725767582E+01   -3.961725767582E+01    2.455125906867E-02    2.455125906867E-02    3.726690241284E+03   -3.374071077840E+01    8.088584212760E-02
    4.216965936497E-04    4.111483335070E+03    4.111483335070E+03   -3.717791879477E+01   -3.717791879477E+01    2.075490030885E-02    2.075490030885E-02    3.501614655259E+03   -3.166320636481E+01    7.393384991576E-02
    4.466836870101E-04    3.863370223335E+03    3.863370223335E+03   -3.488934924822E+01   -3.488934924822E+01    1.732785987598E-02    1.732785987598E-02    3.290304907071E+03   -2.971410721721E+01    6.752942583596E-02
    4.731513586915E-04    3.630429308229E+03    3.630429308229E+03   -3.274223947394E+01   -3.274223947394E+01    1.423939279935E-02    1.423939279935E-02    3.091916817987E+03   -2.788548467173E+01    6.163177807211E-02
    5.011873384724E-04    3.411730195409E+03    3.411730195409E+03   -3.072785411409E+01   -3.072785411409E+01    1.146110089246E-02    1.146110089246E-02    2.905658001854E+03   -2.616989916515E+01    5.620302584582E-02
    5.308845544473E-04    3.206399572198E+03    3.206399572198E+03   -2.883799664753E+01   -2.883799664753E+01    8.966763276045E-03    8.966763276045E-03    2.730784687087E+03   -2.456036993461E+01    5.120799677474E-02
    5.623414410462E-04    3.013617705039E+03    3.013617705039E+03   -2.706497613454E+01   -2.706497613454E+01    6.732178875643E-03    6.732178875643E-03    2.566598733674E+03   -2.305034688298E+01    4.661403954722E-02
    5.956622653057E-04    2.832615151870E+03    2.832615151870E+03   -2.540157606992E+01   -2.540157606992E+01    4.735018848108E-03    4.735018848108E-03    2.412444833205E+03   -2.163368393193E+01    4.239084903687E-02
    6.309574724727E-04    2.662669676212E+03    2.662669676212E+03   -2.384102510943E+01   -2.384102510943E+01    2.954690484200E-03    2.954690484200E-03    2.267707880708E+03   -2.030461420274E+01    3.851030332275E-02
    6.683440520859E-04    2.503103350625E+03    2.503103350625E+03   -2.237696968829E+01   -2.237696968829E+01    1.372210376889E-03    1.372210376889E-03    2.131810507758E+03   -1.905772652231E+01    3.494631251783E-02
    7.079459257502E-04    2.353279837875E+03    2.353279837875E+03   -2.100344816262E+01   -2.100344816262E+01   -2.991391444441E-05   -2.991391444441E-05    2.004210766937E+03   -1.788794357255E+01    3.167467604276E-02
    7.498943578865E-04    2.212601838945E+03    2.212601838945E+03   -1.971486670944E+01   -1.971486670944E+01   -1.267793403794E-03   -1.267793403794E-03    1.884399958385E+03   -1.679050127904E+01    2.867295152555E-02
    7.943283908219E-04    2.080508697622E+03    2.080508697622E+03   -1.850597662659E+01   -1.850597662659E+01   -2.356259783359E-03   -2.356259783359E-03    1.771900589709E+03   -1.576092949540E+01    2.592033161862E-02
    8.413953056587E-04    1.956474152066E+03    1.956474152066E+03   -1.737185305387E+01   -1.737185305387E+01   -3.308959987063E-03   -3.308959987063E-03    1.666264461070E+03   -1.479503388073E+01    2.339752940887E-02
    8.912511104532E-04    1.840004224345E+03    1.840004224345E+03   -1.630787500180E+01   -1.630787500180E+01   -4.138444427154E-03   -4.138444427154E-03    1.567070867769E+03   -1.388887889083E+01    2.108667167467E-02
    9.440610573198E-04    1.730635239464E+03    1.730635239464E+03   -1.530970660912E+01   -1.530970660912E+01   -4.856248472975E-03   -4.856248472975E-03    1.473924913115E+03   -1.303877181574E+01    1.897119940951E-02
    1.000000190176E-03    1.627931965940E+03    1.627931965940E+03   -1.437327956000E+01   -1.437327956000E+01   -5.472968636473E-03   -5.472968636473E-03    1.386455924818E+03   -1.224124778737E+01    1.703577518063E-02
    1.059253924943E-03    1.531485870472E+03    1.531485870472E+03   -1.349477658310E+01   -1.349477658310E+01   -5.998333252385E-03   -5.998333252385E-03    1.304315968552E+03   -1.149305580349E+01    1.526619677178E-02
    1.122018664127E-03    1.440913479703E+03    1.440913479703E+03   -1.267061595283E+01   -1.267061595283E+01   -6.441267525643E-03   -6.441267525643E-03    1.227178452713E+03   -1.079114540807E+01    1.364931685861E-02
    1.188502447811E-03    1.355854842492E+03    1.355854842492E+03   -1.189743701449E+01   -1.189743701449E+01   -6.809954461124E-03   -6.809954461124E-03    1.154736818796E+03   -1.013265442538E+01    1.217296806370E-02
    1.258925643231E-03    1.275972086551E+03    1.275972086551E+03   -1.117208646913E+01   -1.117208646913E+01   -7.111891833496E-03   -7.111891833496E-03    1.086703312125E+03   -9.514897306391E+00    1.082589329400E-02
    1.333521675200E-03    1.200948063632E+03    1.200948063632E+03   -1.049160563404E+01   -1.049160563404E+01   -7.353943640564E-03   -7.353943640564E-03    1.022807828005E+03   -8.935354238700E+00    9.597680678666E-03
    1.412537799822E-03    1.130485077849E+03    1.130485077849E+03   -9.853218424043E+00   -9.853218424043E+00   -7.542389403482E-03   -7.542389403482E-03    9.627968286728E+02   -8.391660922179E+00    8.478703662613E-03
    1.496235924044E-03    1.064303692017E+03    1.064303692017E+03   -9.254320087411E+00   -9.254320087411E+00   -7.682968804517E-03   -7.682968804517E-03    9.064323267039E+02   -7.881598969794E+00    7.460063944033E-03
    1.584893473776E-03    1.002141607242E+03    1.002141607242E+03   -8.692466631450E+00   -8.692466631450E+00   -7.780923660488E-03   -7.780923660488E-03    8.534909307864E+02   -7.403086925949E+00    6.533539667032E-03
    1.678804313446E-03    9.437526112440E+02    9.437526112440E+02   -8.165364908445E+00   -8.165364908445E+00   -7.841036615587E-03   -7.841036615587E-03    8.037629500484E+02   -6.954171774838E+00    5.691536548343E-03
    1.778279720043E-03    8.889055912137E+02    8.889055912137E+02   -7.670863289839E+00   -7.670863289839E+00   -7.867667051119E-03   -7.867667051119E-03    7.570515533374E+02   -6.533021083918E+00    4.927042535535E-03
    1.883649414877E-03    8.373836072301E+02    8.373836072301E+02   -7.206943001205E+00   -7.206943001205E+00   -7.864784363509E-03   -7.864784363509E-03    7.131719800831E+02   -6.137915485971E+00    4.233585618039E-03
    1.995262656475E-03    7.889830225322E+02    7.889830225322E+02   -6.771709818922E+00   -6.771709818922E+00   -7.835998637669E-03   -7.835998637669E-03    6.719507995773E+02   -5.767241749672E+00    3.605194563872E-03
    2.113489398229E-03    7.435126871499E+02    7.435126871499E+02   -6.363386465742E+00   -6.363386465742E+00   -7.784589834386E-03   -7.784589834386E-03    6.332252156996E+02   -5.419486217524E+00    3.036362503597E-03
    2.238721514648E-03    7.007931716225E+02    7.007931716225E+02   -5.980305314638E+00   -5.980305314638E+00   -7.713533274414E-03   -7.713533274414E-03    5.968424143003E+02   -5.093228654010E+00    2.522012840755E-03
    2.371374100268E-03    6.606560477302E+02    6.606560477302E+02   -5.620901754966E+00   -5.620901754966E+00   -7.625524787975E-03   -7.625524787975E-03    5.626589506238E+02   -4.787136504500E+00    2.057467736909E-03
    2.511886845517E-03    6.229432133547E+02    6.229432133547E+02   -5.283707685845E+00   -5.283707685845E+00   -7.523003220335E-03   -7.523003220335E-03    5.305401743140E+02   -4.499959445061E+00    1.638418925200E-03
    2.660725494121E-03    5.875062587594E+02    5.875062587594E+02   -4.967345646945E+00   -4.967345646945E+00   -7.408171247892E-03   -7.408171247892E-03    5.003596896966E+02   -4.230524338191E+00    1.260900141524E-03
    2.818383386855E-03    5.542058717494E+02    5.542058717494E+02   -4.670523166520E+00   -4.670523166520E+00   -7.283015010939E-03   -7.283015010939E-03    4.719988491733E+02   -3.977730428362E+00    9.212619488961E-04
    2.985383096773E-03    5.229112793234E+02    5.229112793234E+02   -4.392027595749E+00   -4.392027595749E+00   -7.149321871954E-03   -7.149321871954E-03    4.453462776952E+02   -3.740544926148E+00    6.161482051110E-04
    3.162278161326E-03    4.934997235800E+02    4.934997235800E+02   -4.130721080295E+00   -4.130721080295E+00   -7.008696891401E-03   -7.008696891401E-03    4.202974264092E+02   -3.517998795137E+00    3.424740320960E-04
    3.349654917123E-03    4.658559697749E+02    4.658559697749E+02   -3.885536020905E+00   -3.885536020905E+00   -6.862578691394E-03   -6.862578691394E-03    3.967541536870E+02   -3.309182785270E+00    9.740561738700E-05
    3.548134443398E-03    4.398718445567E+02    4.398718445567E+02   -3.655470696178E+00   -3.655470696178E+00   -6.712252752485E-03   -6.712252752485E-03    3.746243318555E+02   -3.113243724425E+00   -1.216587356711E-04
    3.758374620643E-03    4.154458025304E+02    4.154458025304E+02   -3.439585198783E+00   -3.439585198783E+00   -6.558865035793E-03   -6.558865035793E-03    3.538214780534E+02   -2.929381172867E+00   -3.171061347694E-04
    3.981072311218E-03    3.924825194074E+02    3.924825194074E+02   -3.236997605233E+00   -3.236997605233E+00   -6.403433884176E-03   -6.403433884176E-03    3.342644077303E+02   -2.756844021923E+00   -4.911253677514E-04
    4.216965669175E-03    3.708925101134E+02    3.708925101134E+02   -3.046880462100E+00   -3.046880462100E+00   -6.246861143152E-03   -6.246861143152E-03    3.158769094018E+02   -2.594927526012E+00   -6.457220051241E-04
    4.466836586940E-03    3.505917703210E+02    3.505917703210E+02   -2.868457318632E+00   -2.868457318632E+00   -6.089942388134E-03   -6.089942388134E-03    2.985874393550E+02   -2.442970423650E+00   -7.827324038415E-04
    4.731513286975E-03    3.315014399700E+02    3.315014399700E+02   -2.700999634349E+00   -2.700999634349E+00   -5.933376387334E-03   -5.933376387334E-03    2.823288350794E+02   -2.300352240957E+00   -9.038367550924E-04
    5.011873067012E-03    3.135474874260E+02    3.135474874260E+02   -2.543823818712E+00   -2.543823818712E+00   -5.777773744488E-03   -5.777773744488E-03    2.670380462753E+02   -2.166490786433E+00   -1.010571069996E-03
    5.308845207934E-03    2.966604130119E+02    2.966604130119E+02   -2.396288441887E+00   -2.396288441887E+00   -5.623665052203E-03   -5.623665052203E-03    2.526558823617E+02   -2.040839775457E+00   -1.104338399525E-03
    5.623414053982E-03    2.807749707217E+02    2.807749707217E+02   -2.257791632185E+00   -2.257791632185E+00   -5.471508035843E-03   -5.471508035843E-03    2.391267754688E+02   -1.922886612100E+00   -1.186419225141E-03
    5.956622275455E-03    2.658299070011E+02    2.658299070011E+02   -2.127768629690E+00   -2.127768629690E+00   -5.321694471034E-03   -5.321694471034E-03    2.263985579660E+02   -1.812150296414E+00   -1.257980972687E-03
    6.309574324750E-03    2.517677155491E+02    2.517677155491E+02   -2.005689499904E+00   -2.005689499904E+00   -5.174556364401E-03   -5.174556364401E-03    2.144222536348E+02   -1.708179532148E+00   -1.320086987316E-03
    6.683440097183E-03    2.385344071567E+02    2.385344071567E+02   -1.891056955019E+00   -1.891056955019E+00   -5.030371662161E-03   -5.030371662161E-03    2.031518816479E+02   -1.610550793467E+00   -1.373704708657E-03
    7.079458808720E-03    2.260792936598E+02    2.260792936598E+02   -1.783404405099E+00   -1.783404405099E+00   -4.889369486342E-03   -4.889369486342E-03    1.925442725688E+02   -1.518866669818E+00   -1.419713290042E-03
    7.498943103492E-03    2.143547851397E+02    2.143547851397E+02   -1.682293966405E+00   -1.682293966405E+00   -4.751734942748E-03   -4.751734942748E-03    1.825588956345E+02   -1.432754246374E+00   -1.458910753599E-03
    7.943283404678E-03    2.033161995647E+02    2.033161995647E+02   -1.587314748955E+00   -1.587314748955E+00   -4.617613499793E-03   -4.617613499793E-03    1.731576966334E+02   -1.351863581701E+00   -1.492020332669E-03
    8.413952523210E-03    1.929215840967E+02    1.929215840967E+02   -1.498081173017E+00   -1.498081173017E+00   -4.487114930908E-03   -4.487114930908E-03    1.643049457179E+02   -1.275866290265E+00   -1.519696615631E-03
    8.912510539550E-03    1.831315473596E+02    1.831315473596E+02   -1.414231405155E+00   -1.414231405155E+00   -4.360317334998E-03   -4.360317334998E-03    1.559670945532E+02   -1.204454210473E+00   -1.542531079779E-03
    9.440609974739E-03    1.739091019922E+02    1.739091019922E+02   -1.335425878857E+00   -1.335425878857E+00   -4.237269984243E-03   -4.237269984243E-03    1.481126422244E+02   -1.137338137942E+00   -1.561057239760E-03
    1.000000126784E-02    1.652195168546E+02    1.652195168546E+02   -1.261345968772E+00   -1.261345968772E+00   -4.117996630552E-03   -4.117996630552E-03    1.407120093661E+02   -1.074246724125E+00   -1.575755350582E-03
    1.059253857795E-02    1.570301782977E+02    1.570301782977E+02   -1.191692622980E+00   -1.191692622980E+00   -4.002498359109E-03   -4.002498359109E-03    1.337374200097E+02   -1.014925268973E+00   -1.587056923068E-03
    1.122018593000E-02    1.493104599404E+02    1.493104599404E+02   -1.126185199507E+00   -1.126185199507E+00   -3.890756020024E-03   -3.890756020024E-03    1.271627906773E+02   -9.591347642087E-01   -1.595348540499E-03
    1.188502372469E-02    1.420316004351E+02    1.420316004351E+02   -1.064560340269E+00   -1.064560340269E+00   -3.782732514553E-03   -3.782732514553E-03    1.209636262785E+02   -9.066509055499E-01   -1.600975731954E-03
    1.258925563425E-02    1.351665887237E+02    1.351665887237E+02   -1.006570871811E+00   -1.006570871811E+00   -3.678374900327E-03   -3.678374900327E-03    1.151169223864E+02   -8.572631892302E-01   -1.604246343985E-03
    1.333521590666E-02    1.286900563367E+02    1.286900563367E+02   -9.519848344803E-01   -9.519848344803E-01   -3.577616194012E-03   -3.577616194012E-03    1.096010735131E+02   -8.107740628709E-01   -1.605433660321E-03
    1.412537710278E-02    1.225781762989E+02    1.225781762989E+02   -9.005845271586E-01   -9.005845271586E-01   -3.480377338626E-03   -3.480377338626E-03    1.043957870100E+02   -7.669981176135E-01   -1.604779417100E-03
    1.496235829195E-02    1.168085682380E+02    1.168085682380E+02   -8.521656510280E-01   -8.521656510280E-01   -3.386568304226E-03   -3.386568304226E-03    9.948200225287E+01   -7.257613588982E-01   -1.602496267277E-03
    1.584893373306E-02    1.113602093168E+02    1.113602093168E+02   -8.065364593247E-01   -8.065364593247E-01   -3.296089756707E-03   -3.296089756707E-03    9.484181478503E+01   -6.869004823350E-01   -1.598770358810E-03
    1.678804207023E-02    1.062133506414E+02    1.062133506414E+02   -7.635170500202E-01   -7.635170500202E-01   -3.208834197287E-03   -3.208834197287E-03    9.045840512537E+01   -6.502622713039E-01   -1.593763526658E-03
    1.778279607314E-02    1.013494387966E+02    1.013494387966E+02   -7.229385528195E-01   -7.229385528195E-01   -3.124687027083E-03   -3.124687027083E-03    8.631597194265E+01   -6.157029045483E-01   -1.587615329574E-03
    1.883649295469E-02    9.675104220804E+01    9.675104220804E+01   -6.846425134033E-01   -6.846425134033E-01   -3.043527606936E-03   -3.043527606936E-03    8.239966934014E+01   -5.830874317542E-01   -1.580444934577E-03
    1.995262529991E-02    9.240178203507E+01    9.240178203507E+01   -6.484802586387E-01   -6.484802586387E-01   -2.965230007492E-03   -2.965230007492E-03    7.869554799996E+01   -5.522892329215E-01   -1.572352819941E-03
    2.113489264250E-02    8.828626731996E+01    8.828626731996E+01   -6.143121562399E-01   -6.143121562399E-01   -2.889663843322E-03   -2.889663843322E-03    7.519049995138E+01   -5.231893878409E-01   -1.563422426227E-03
    2.238721372731E-02    8.439003413440E+01    8.439003413440E+01   -5.820077108765E-01   -5.820077108765E-01   -2.816694869873E-03   -2.816694869873E-03    7.187220674404E+01   -4.956767579466E-01   -1.553721416051E-03
    2.371373949942E-02    8.069948848179E+01    8.069948848179E+01   -5.514437756213E-01   -5.514437756213E-01   -2.746185818754E-03   -2.746185818754E-03    6.872909081971E+01   -4.696464630652E-01   -1.543303139333E-03
    2.511886686283E-02    7.720185274295E+01    7.720185274295E+01   -5.225053186280E-01   -5.225053186280E-01   -2.677996512545E-03   -2.677996512545E-03    6.575026990186E+01   -4.450005343698E-01   -1.532207696162E-03
    2.660725325452E-02    7.388511542262E+01    7.388511542262E+01   -4.950843898350E-01   -4.950843898350E-01   -2.611984593609E-03   -2.611984593609E-03    6.292551419644E+01   -4.216470343559E-01   -1.520463196458E-03
    2.818383208192E-02    7.073798403219E+01    7.073798403219E+01   -4.690797529480E-01   -4.690797529480E-01   -2.548005800132E-03   -2.548005800132E-03    6.024520626359E+01   -3.994997434132E-01   -1.508086544760E-03
    2.985382907523E-02    6.774984090724E+01    6.774984090724E+01   -4.443965526906E-01   -4.443965526906E-01   -2.485914481381E-03   -2.485914481381E-03    5.770030338897E+01   -3.784778764333E-01   -1.495084457869E-03
    3.162277960863E-02    6.491070179061E+01    6.491070179061E+01   -4.209459049206E-01   -4.209459049206E-01   -2.425563571791E-03   -2.425563571791E-03    5.528230231031E+01   -3.585057337259E-01   -1.481454372471E-03
    3.349654704782E-02    6.221117701797E+01    6.221117701797E+01   -3.986446072419E-01   -3.986446072419E-01   -2.366805178308E-03   -2.366805178308E-03    5.298320616039E+01   -3.395124545566E-01   -1.467185011430E-03
    3.548134218475E-02    5.964243516408E+01    5.964243516408E+01   -3.774147550572E-01   -3.774147550572E-01   -2.309490685499E-03   -2.309490685499E-03    5.079549350583E+01   -3.214316921438E-01   -1.452257285901E-03
    3.758374382392E-02    5.719616899961E+01    5.719616899961E+01   -3.571835310742E-01   -3.571835310742E-01   -2.253470894798E-03   -2.253470894798E-03    4.871208935358E+01   -3.042014244246E-01   -1.436644894112E-03
    3.981072058850E-02    5.486456362714E+01    5.486456362714E+01   -3.378828266643E-01   -3.378828266643E-01   -2.198596073827E-03   -2.198596073827E-03    4.672633801346E+01   -2.877636515066E-01   -1.420314692442E-03
    4.216965401853E-02    5.264026668818E+01    5.264026668818E+01   -3.194490999298E-01   -3.194490999298E-01   -2.144716604455E-03   -2.144716604455E-03    4.483197772439E+01   -2.720642548596E-01   -1.403227678288E-03
    4.466836303778E-02    5.051636052017E+01    5.051636052017E+01   -3.018230889948E-01   -3.018230889948E-01   -2.091682857562E-03   -2.091682857562E-03    4.302311694151E+01   -2.570527631001E-01   -1.385339322648E-03
    4.731512987035E-02    4.848633616257E+01    4.848633616257E+01   -2.849495960253E-01   -2.849495960253E-01   -2.039345444128E-03   -2.039345444128E-03    4.129421219794E+01   -2.426821660546E-01   -1.366600070496E-03
    5.011872749299E-02    4.654406911342E+01    4.654406911342E+01   -2.687773026586E-01   -2.687773026586E-01   -1.987555372853E-03   -1.987555372853E-03    3.964004745751E+01   -2.289087575675E-01   -1.346955929909E-03
    5.308844871396E-02    4.468379676699E+01    4.468379676699E+01   -2.532586030736E-01   -2.532586030736E-01   -1.936164353974E-03   -1.936164353974E-03    3.805571489912E+01   -2.156919933321E-01   -1.326349054593E-03
    5.623413697503E-02    4.290009741778E+01    4.290009741778E+01   -2.383494150606E-01   -2.383494150606E-01   -1.885025009861E-03   -1.885025009861E-03    3.653659703514E+01   -2.029943299854E-01   -1.304718131080E-03
    5.956621897853E-02    4.118787079135E+01    4.118787079135E+01   -2.240090651051E-01   -2.240090651051E-01   -1.833991366101E-03   -1.833991366101E-03    3.507835013016E+01   -1.907811272375E-01   -1.281999043984E-03
    6.309573924774E-02    3.954232002317E+01    3.954232002317E+01   -2.102001283126E-01   -2.102001283126E-01   -1.782918991699E-03   -1.782918991699E-03    3.367688885299E+01   -1.790205115411E-01   -1.258125430343E-03
    6.683439673506E-02    3.795893502797E+01    3.795893502797E+01   -1.968883264539E-01   -1.968883264539E-01   -1.731665544125E-03   -1.731665544125E-03    3.232837211286E+01   -1.676832892596E-01   -1.233029285229E-03
    7.079458359939E-02    3.643347720766E+01    3.643347720766E+01   -1.840424196398E-01   -1.840424196398E-01   -1.680091282639E-03   -1.680091282639E-03    3.102919003567E+01   -1.567428544105E-01   -1.206641704815E-03
    7.498942628119E-02    3.496196545452E+01    3.496196545452E+01   -1.716341145148E-01   -1.716341145148E-01   -1.628059782149E-03   -1.628059782149E-03    2.977595204338E+01   -1.461751104768E-01   -1.178893534973E-03
    7.943282901137E-02    3.354066341015E+01    3.354066341015E+01   -1.596379807978E-01   -1.596379807978E-01   -1.575438411990E-03   -1.575438411990E-03    2.856547600286E+01   -1.359583993274E-01   -1.149716219172E-03
    8.413951989832E-02    3.216606793922E+01    3.216606793922E+01   -1.480313954708E-01   -1.480313954708E-01   -1.522099333336E-03   -1.522099333336E-03    2.739477840937E+01   -1.260734536846E-01   -1.119042712350E-03
    8.912509974568E-02    3.083489880393E+01    3.083489880393E+01   -1.367944661471E-01   -1.367944661471E-01   -1.467920419859E-03   -1.467920419859E-03    2.626106559262E+01   -1.165033318592E-01   -1.086808477949E-03
    9.440609376280E-02    2.954408950940E+01    2.954408950940E+01   -1.259099946125E-01   -1.259099946125E-01   -1.412786371307E-03   -1.412786371307E-03    2.516172592017E+01   -1.072333866996E-01   -1.052952610613E-03
    1.000000063392E-01    2.829077930578E+01    2.829077930578E+01   -1.153634335167E-01   -1.153634335167E-01   -1.356589995419E-03   -1.356589995419E-03    2.409432298578E+01   -9.825122870795E-02   -1.017419092418E-03
    1.059253790647E-01    2.707230633830E+01    2.707230633830E+01   -1.051428559960E-01   -1.051428559960E-01   -1.299233666476E-03   -1.299233666476E-03    2.305658977558E+01   -8.954670016802E-02   -9.801581906384E-04
    1.122018521873E-01    2.588620192888E+01    2.588620192888E+01   -9.523892705782E-02   -9.523892705782E-02   -1.240630984898E-03   -1.240630984898E-03    2.204642379795E+01   -8.111185077469E-02   -9.411279988213E-04
    1.188502297128E-01    2.473018599938E+01    2.473018599938E+01   -8.564488349767E-02   -8.564488349767E-02   -1.180708694556E-03   -1.180708694556E-03    2.106188318558E+01   -7.294092052991E-02   -9.002963068957E-04
    1.258925483619E-01    2.360216363515E+01    2.360216363515E+01   -7.635652185897E-02   -7.635652185897E-02   -1.119408807763E-03   -1.119408807763E-03    2.010118376882E+01   -6.503032948847E-02   -8.576423307064E-04
    1.333521506131E-01    2.250022278072E+01    2.250022278072E+01   -6.737217321877E-02   -6.737217321877E-02   -1.056690959091E-03   -1.056690959091E-03    1.916269711312E+01   -5.737865628379E-02   -8.131591067041E-04
    1.412537620735E-01    2.142263309431E+01    2.142263309431E+01   -5.869269285661E-02   -5.869269285661E-02   -9.925351156610E-04   -9.925351156610E-04    1.824494954350E+01   -4.998662932920E-02   -7.668557362927E-04
    1.496235734345E-01    2.036784595489E+01    2.036784595489E+01   -5.032143533125E-02   -5.032143533125E-02   -9.269444326692E-04   -9.269444326692E-04    1.734662215054E+01   -4.285710559169E-02   -7.187599504447E-04
    1.584893272837E-01    1.933449557025E+01    1.933449557025E+01   -4.226422981618E-02   -4.226422981618E-02   -8.599485573149E-04   -8.599485573149E-04    1.646655173410E+01   -3.599504958593E-02   -6.689211189359E-04
    1.678804100600E-01    1.832140130311E+01    1.832140130311E+01   -3.452934243681E-02   -3.452934243681E-02   -7.916071243139E-04   -7.916071243139E-04    1.560373278438E+01   -2.940750129810E-02   -6.174132615162E-04
    1.778279494585E-01    1.732757109221E+01    1.732757109221E+01   -2.712741794475E-02   -2.712741794475E-02   -7.220135643020E-04   -7.220135643020E-04    1.475732039553E+01   -2.310352651181E-02   -5.643384073213E-04
    1.883649176061E-01    1.635220599260E+01    1.635220599260E+01   -2.007140791799E-02   -2.007140791799E-02   -6.512991778967E-04   -6.512991778967E-04    1.392663413253E+01   -1.709415565857E-02   -5.098301586256E-04
    1.995262403507E-01    1.539470578508E+01    1.539470578508E+01   -1.337646984170E-02   -1.337646984170E-02   -5.796374399093E-04   -5.796374399093E-04    1.311116280848E+01   -1.139229786822E-02   -4.540574460625E-04
    2.113489130272E-01    1.445467558658E+01    1.445467558658E+01   -7.059828457827E-03   -7.059828457827E-03   -5.072484696056E-04   -5.072484696056E-04    1.231057011450E+01   -6.012622884952E-03   -3.972284207563E-04
    2.238721230814E-01    1.353193336239E+01    1.353193336239E+01   -1.140599165382E-03   -1.140599165382E-03   -4.344036516796E-04   -4.344036516796E-04    1.152470101765E+01   -9.714106632050E-04   -3.395944702786E-04
    2.371373799615E-01    1.262651819674E+01    1.262651819674E+01    4.360444217652E-03    4.360444217652E-03   -3.614301167582E-04   -3.614301167582E-04    1.075358880467E+01    3.713646421896E-03   -2.814541045074E-04
    2.511886527050E-01    1.173869912295E+01    1.173869912295E+01    9.421165068558E-03    9.421165068558E-03   -2.887151800963E-04   -2.887151800963E-04    9.997462602361E+00    8.023695339413E-03   -2.231568346086E-04
    2.660725156783E-01    1.086898424374E+01    1.086898424374E+01    1.401843458623E-02    1.401843458623E-02   -2.167103370469E-04   -2.167103370469E-04    9.256755145038E+00    1.193903805282E-02   -1.651065846893E-04
    2.818383029529E-01    1.001812978092E+01    1.001812978092E+01    1.812859438981E-02    1.812859438981E-02   -1.459345670058E-04   -1.459345670058E-04    8.532110481859E+00    1.543952549999E-02   -1.077646208158E-04
    2.985382718274E-01    9.187148583701E+00    9.187148583701E+00    2.172802331490E-02    2.172802331490E-02   -7.697669350567E-05   -7.697669350567E-05    7.824391223072E+00    1.850504031484E-02   -5.165158496224E-05
    3.162277760400E-01    8.377317481151E+00    8.377317481151E+00    2.479382833728E-02    2.479382833728E-02   -1.049623405590E-05   -1.049623405590E-05    7.134684801843E+00    2.111608526423E-02    2.651731448903E-06
    3.349654492440E-01    7.590182696634E+00    7.590182696634E+00    2.730467726642E-02    2.730467726642E-02    5.277775482410E-05    5.277775482410E-05    6.464308085582E+00    2.325449242557E-02    5.450533538323E-05
    3.548133993551E-01    6.827562325654E+00    6.827562325654E+00    2.924178596801E-02    2.924178596801E-02    1.120505784877E-04    1.120505784877E-04    5.814809486221E+00    2.490426397163E-02    1.032133308801E-04
    3.758374144141E-01    6.091544626676E+00    6.091544626676E+00    3.059008655899E-02    3.059008655899E-02    1.664693872352E-04    1.664693872352E-04    5.187967504572E+00    2.605256708375E-02    1.480302781982E-04
    3.981071806482E-01    5.384480560309E+00    5.384480560309E+00    3.133958569670E-02    3.133958569670E-02    2.151353310055E-04    2.151353310055E-04    4.585784376191E+00    2.669089076180E-02    1.881715437523E-04
    4.216965134532E-01    4.708968643300E+00    4.708968643300E+00    3.148692768566E-02    3.148692768566E-02    2.571216119454E-04    2.571216119454E-04    4.010473172027E+00    2.681637707071E-02    2.228287101421E-04
    4.466836020616E-01    4.067829739176E+00    4.067829739176E+00    3.103716712291E-02    3.103716712291E-02    2.914990042068E-04    2.914990042068E-04    3.464436328441E+00    2.643333084396E-02    2.511913101691E-04
    4.731512687095E-01    3.464068884751E+00    3.464068884751E+00    3.000574469650E-02    3.000574469650E-02    3.173705019719E-04    3.173705019719E-04    2.950233136106E+00    2.555490240591E-02    2.724764281763E-04
    5.011872431586E-01    2.900820636425E+00    2.900820636425E+00    2.842064598594E-02    2.842064598594E-02    3.339172324883E-04    3.339172324883E-04    2.470533193249E+00    2.420492615097E-02    2.859678649135E-04
    5.308844534858E-01    2.381273707022E+00    2.381273707022E+00    2.632468643034E-02    2.632468643034E-02    3.404577318788E-04    3.404577318788E-04    2.028052221340E+00    2.241986657548E-02    2.910667308356E-04
    5.623413341023E-01    1.908569832270E+00    1.908569832270E+00    2.377784432122E-02    2.377784432122E-02    3.365230914515E-04    3.365230914515E-04    1.625465933002E+00    2.025080521073E-02    2.873555806897E-04
    5.956621520251E-01    1.485670870569E+00    1.485670870569E+00    2.085948785540E-02    2.085948785540E-02    3.219502900304E-04    3.219502900304E-04    1.265296845278E+00    1.776533733036E-02    2.746780668716E-04
    6.309573524797E-01    1.115187046428E+00    1.115187046428E+00    1.767026413039E-02    1.767026413039E-02    2.969957297891E-04    2.969957297891E-04    9.497680002295E-01    1.504918074542E-02    2.532358306188E-04
    6.683439249830E-01    7.991580610434E-01    7.991580610434E-01    1.433328232223E-02    1.433328232223E-02    2.624699167348E-04    2.624699167348E-04    6.806165440460E-01    1.220718347789E-02    2.237034317785E-04
    7.079457911159E-01    5.387774188957E-01    5.387774188957E-01    1.099401075570E-02    1.099401075570E-02    2.198919876271E-04    2.198919876271E-04    4.588589451003E-01    9.363236098721E-03    1.873602081907E-04
    7.498942152746E-01    3.340488406606E-01    3.340488406606E-01    7.817962256666E-03    7.817962256666E-03    1.716574830232E-04    1.716574830232E-04    2.844983721695E-01    6.658300418901E-03    1.462334360825E-04
    7.943282397597E-01    1.833619949941E-01    1.833619949941E-01    4.984633951185E-03    4.984633951185E-03    1.212016346087E-04    1.212016346087E-04    1.561633591974E-01    4.245248216304E-03    1.032376764316E-04
    8.413951456455E-01    8.297305960149E-02    8.297305960149E-02    2.675002601308E-03    2.675002601308E-03    7.311390699551E-05    7.311390699551E-05    7.066541630220E-02    2.278211425959E-03    6.227258976862E-05
    8.912509409587E-01    2.637398398470E-02    2.637398398470E-02    1.047308675436E-03    1.047308675436E-03    3.308963484194E-05    3.308963484194E-05    2.246185167544E-02    8.919582320097E-04    2.818195570355E-05
    9.440608777821E-01    3.533618307655E-03    3.533618307655E-03    1.888177158840E-04    1.888177158840E-04    7.371587799030E-06    7.371587799030E-06    3.009466084086E-03    1.608098166110E-04    6.278161884775E-06
