# Q1 =   100.0000 , Q2 =   500.0000
# x  F2Wp(LO) F2Wm(LO) F2Wp(NLO) F2Wm(NLO) F2Wp(NNLO) F2Wm(NNLO) F2Z(LO) F2Z(NLO) F2Z(NNLO)
    1.000000316960E-05    2.963514948703E+00    2.963102957333E+00   -1.613685086133E-02   -1.613830051170E-02   -1.482261373115E-04   -1.482254810890E-04    2.014168717945E+00   -1.388248622263E-02   -1.261315920577E-04
    1.059254059240E-05    2.946541882052E+00    2.946110481212E+00   -1.604041229455E-02   -1.604191052853E-02   -1.464542055227E-04   -1.464533759828E-04    2.002623030115E+00   -1.379958308123E-02   -1.246229799253E-04
    1.122018806381E-05    2.929668176927E+00    2.929216452312E+00   -1.594453247328E-02   -1.594608055412E-02   -1.446924585645E-04   -1.446914451551E-04    1.991144509675E+00   -1.371716082626E-02   -1.231230322403E-04
    1.188502598494E-05    2.912893350501E+00    2.912420344744E+00   -1.584920830793E-02   -1.585080750609E-02   -1.429408286672E-04   -1.429396204310E-04    1.979732810753E+00   -1.363521678692E-02   -1.216316911229E-04
    1.258925802843E-05    2.896216926645E+00    2.895721637288E+00   -1.575443672729E-02   -1.575608831813E-02   -1.411992484421E-04   -1.411978340104E-04    1.968387591197E+00   -1.355374830592E-02   -1.201488990183E-04
    1.333521844269E-05    2.879638436062E+00    2.879119813436E+00   -1.566021467821E-02   -1.566191993950E-02   -1.394676508937E-04   -1.394660184813E-04    1.957108512631E+00   -1.347275273902E-02   -1.186745987081E-04
    1.412537978909E-05    2.863157416431E+00    2.862614361432E+00   -1.556653912520E-02   -1.556829933440E-02   -1.377459694338E-04   -1.377441068339E-04    1.945895240510E+00   -1.339222745455E-02   -1.172087333228E-04
    1.496236113743E-05    2.846773412560E+00    2.846204774317E+00   -1.547340705009E-02   -1.547522348136E-02   -1.360341378963E-04   -1.360320324767E-04    1.934747444182E+00   -1.331216983282E-02   -1.157512463551E-04
    1.584893674715E-05    2.830485976537E+00    2.829890549983E+00   -1.538081545165E-02   -1.538268937250E-02   -1.343320905528E-04   -1.343297292529E-04    1.923664796948E+00   -1.323257726565E-02   -1.143020816740E-04
    1.678804526291E-05    2.814294667901E+00    2.813671191214E+00   -1.528876134510E-02   -1.529069401284E-02   -1.326397621303E-04   -1.326371314587E-04    1.912646976125E+00   -1.315344715568E-02   -1.128611835408E-04
    1.778279945500E-05    2.798199053813E+00    2.797546205748E+00   -1.519724176171E-02   -1.519923441954E-02   -1.309570878290E-04   -1.309541738629E-04    1.901693663123E+00   -1.307477691581E-02   -1.114284966253E-04
    1.883649653694E-05    2.782198709237E+00    2.781515106328E+00   -1.510625374831E-02   -1.510830762102E-02   -1.292840033427E-04   -1.292807917276E-04    1.890804543508E+00   -1.299656396850E-02   -1.100039660236E-04
    1.995262909442E-05    2.766293217134E+00    2.765577410764E+00   -1.501579436678E-02   -1.501791065614E-02   -1.276204448792E-04   -1.276169208307E-04    1.879979307083E+00   -1.291880574504E-02   -1.085875372773E-04
    2.113489666185E-05    2.750482168659E+00    2.749732641994E+00   -1.492586069351E-02   -1.492804057323E-02   -1.259663491829E-04   -1.259624974896E-04    1.869217647969E+00   -1.284149968481E-02   -1.071791563938E-04
    2.238721798482E-05    2.734765163370E+00    2.733980328147E+00   -1.483644981879E-02   -1.483869442909E-02   -1.243216535592E-04   -1.243174585869E-04    1.858519264682E+00   -1.276464323449E-02   -1.057787698678E-04
    2.371374400920E-05    2.719141809449E+00    2.718320002615E+00   -1.474755884628E-02   -1.474986928797E-02   -1.226862958994E-04   -1.226817415975E-04    1.847883860228E+00   -1.268823384718E-02   -1.043863247045E-04
    2.511887163984E-05    2.703611723932E+00    2.702751204123E+00   -1.465918489228E-02   -1.466156222040E-02   -1.210602147083E-04   -1.210552846177E-04    1.837311142189E+00   -1.261226898149E-02   -1.030017684439E-04
    2.660725831458E-05    2.688174532948E+00    2.687273476802E+00   -1.457132508510E-02   -1.457377030202E-02   -1.194433491324E-04   -1.194380263956E-04    1.826800822823E+00   -1.253674610063E-02   -1.016250491872E-04
    2.818383744181E-05    2.672829871972E+00    2.671886370271E+00   -1.448397656429E-02   -1.448649061231E-02   -1.178356389908E-04   -1.178299063642E-04    1.816352619160E+00   -1.246166267132E-02   -1.002561156242E-04
    2.985383475271E-05    2.657577386088E+00    2.656589439717E+00   -1.439713647992E-02   -1.439972023324E-02   -1.162370248074E-04   -1.162308646756E-04    1.805966253113E+00   -1.238701616278E-02   -9.889491706263E-05
    3.162278562252E-05    2.642416730264E+00    2.641382245981E+00   -1.431080199169E-02   -1.431345624780E-02   -1.146474478449E-04   -1.146408422381E-04    1.795641451581E+00   -1.231280404553E-02   -9.754140345898E-05
    3.349655341806E-05    2.627347569644E+00    2.626264355649E+00   -1.422497026813E-02   -1.422769573857E-02   -1.130668501410E-04   -1.130597807548E-04    1.785377946572E+00   -1.223902379023E-02   -9.619552545157E-05
    3.548134893245E-05    2.612369579845E+00    2.611235341142E+00   -1.413963848565E-02   -1.414243578602E-02   -1.114951745462E-04   -1.114876227645E-04    1.775175475315E+00   -1.216567286637E-02   -9.485723439490E-05
    3.758375097145E-05    2.597482447274E+00    2.596294780819E+00   -1.405480382756E-02   -1.405767346683E-02   -1.099323647645E-04   -1.099243116854E-04    1.765033780393E+00   -1.209274874092E-02   -9.352648239630E-05
    3.981072815955E-05    2.582685869461E+00    2.581442259072E+00   -1.397046348305E-02   -1.397340585211E-02   -1.083783653952E-04   -1.083697918606E-04    1.754952609868E+00   -1.202024887690E-02   -9.220322235436E-05
    4.216966203819E-05    2.567979555400E+00    2.566677366440E+00   -1.388661464611E-02   -1.388963000544E-02   -1.068331219776E-04   -1.068240086062E-04    1.744931717422E+00   -1.194817073187E-02   -9.088740799949E-05
    4.466837153263E-05    2.553363225912E+00    2.551999699710E+00   -1.380325451438E-02   -1.380634298087E-02   -1.052965810377E-04   -1.052869082623E-04    1.734970862501E+00   -1.187651175633E-02   -8.957899393663E-05
    4.731513886856E-05    2.538836614021E+00    2.537408862041E+00   -1.372038028790E-02   -1.372354182076E-02   -1.037686901376E-04   -1.037584382463E-04    1.725069810461E+00   -1.180526939201E-02   -8.827793569000E-05
    5.011873702437E-05    2.524399465347E+00    2.522904463078E+00   -1.363798916786E-02   -1.364122355348E-02   -1.022493979271E-04   -1.022385471091E-04    1.715228332724E+00   -1.173444107011E-02   -8.698418975034E-05
    5.308845881011E-05    2.510051538517E+00    2.508486119078E+00   -1.355607835523E-02   -1.355938519107E-02   -1.007386541976E-04   -1.007271845937E-04    1.705446206947E+00   -1.166402420940E-02   -8.569771362426E-05
    5.623414766941E-05    2.495792605596E+00    2.494153453037E+00   -1.347464504934E-02   -1.347802372663E-02   -9.923640993910E-05   -9.922430169761E-05    1.695723217181E+00   -1.159401621425E-02   -8.441846588613E-05
    5.956623030659E-05    2.481622452535E+00    2.479906094830E+00   -1.339368644635E-02   -1.339713613169E-02   -9.774261739941E-05   -9.772985073752E-05    1.686059154059E+00   -1.152441447250E-02   -8.314640623242E-05
    6.309575124703E-05    2.467540879640E+00    2.465743681343E+00   -1.331319973766E-02   -1.331671935335E-02   -9.625723014648E-05   -9.624378541713E-05    1.676453814972E+00   -1.145521635329E-02   -8.188149553857E-05
    6.683440944536E-05    2.453547702056E+00    2.451665856621E+00   -1.323318210828E-02   -1.323677031127E-02   -9.478020313327E-05   -9.476606089851E-05    1.666907004267E+00   -1.138641920472E-02   -8.062369591846E-05
    7.079459706283E-05    2.439642750287E+00    2.437672272019E+00   -1.315363073498E-02   -1.315728589456E-02   -9.331149276562E-05   -9.329663387647E-05    1.657418533442E+00   -1.131802035137E-02   -7.937297078665E-05
    7.498944054238E-05    2.425825870720E+00    2.423762586352E+00   -1.307454278453E-02   -1.307826295842E-02   -9.185105697303E-05   -9.183546265640E-05    1.647988221361E+00   -1.125001709178E-02   -7.812928492328E-05
    7.943284411759E-05    2.412096926183E+00    2.409936466064E+00   -1.299591541167E-02   -1.299969832063E-02   -9.039885528257E-05   -9.038250723551E-05    1.638615894463E+00   -1.118240669569E-02   -7.689260454186E-05
    8.413953589964E-05    2.398455796528E+00    2.396193585386E+00   -1.291774575709E-02   -1.292158875789E-02   -8.895484889571E-05   -8.893772938763E-05    1.629301386997E+00   -1.111518640120E-02   -7.566289735992E-05
    8.912511669514E-05    2.384902379233E+00    2.382533626513E+00   -1.284003094530E-02   -1.284393100189E-02   -8.751900076849E-05   -8.750109275167E-05    1.620044541250E+00   -1.104835341180E-02   -7.444013267265E-05
    9.440611171657E-05    2.371436590034E+00    2.368956279782E+00   -1.276276808232E-02   -1.276672173523E-02   -8.609127569478E-05   -8.607256292371E-05    1.610845207796E+00   -1.098190489317E-02   -7.322428142952E-05
    1.000000253568E-04    2.358058363583E+00    2.355461243852E+00   -1.268595425333E-02   -1.268995758712E-02   -8.467164039291E-05   -8.465210755293E-05    1.601703245749E+00   -1.091583796993E-02   -7.201531631401E-05
    1.059253992091E-04    2.344767654133E+00    2.342048225898E+00   -1.260958652020E-02   -1.261363512885E-02   -8.326006359554E-05   -8.323969644136E-05    1.592618523029E+00   -1.085014972216E-02   -7.081321182645E-05
    1.122018735254E-04    2.331564436256E+00    2.328716941806E+00   -1.253366191885E-02   -1.253775086904E-02   -8.185651614302E-05   -8.183530164762E-05    1.583590916635E+00   -1.078483718174E-02   -6.961794437004E-05
    1.188502523153E-04    2.318448705586E+00    2.315467116373E+00   -1.245817745654E-02   -1.246230124860E-02   -8.046097108005E-05   -8.043889759452E-05    1.574620312935E+00   -1.071989732857E-02   -6.842949234014E-05
    1.258925723037E-04    2.305420479597E+00    2.302298483517E+00   -1.238313010903E-02   -1.238728263557E-02   -7.907340375595E-05   -7.905046118089E-05    1.565706607960E+00   -1.065532708658E-02   -6.724783621678E-05
    1.333521759735E-04    2.292479798411E+00    2.289210786492E+00   -1.230851681757E-02   -1.231269131952E-02   -7.769379192834E-05   -7.766997189740E-05    1.556849707714E+00   -1.059112331954E-02   -6.607295866052E-05
    1.412537889366E-04    2.279626725647E+00    2.276203778107E+00   -1.223433448579E-02   -1.223852350584E-02   -7.632211587039E-05   -7.629741194658E-05    1.548049528494E+00   -1.052728282670E-02   -6.490484461166E-05
    1.496236018893E-04    2.266861349291E+00    2.263277220954E+00   -1.216057997646E-02   -1.216477530970E-02   -7.495835848160E-05   -7.493276636701E-05    1.539305997225E+00   -1.046380233822E-02   -6.374348139276E-05
    1.584893574245E-04    2.254183782618E+00    2.250430887639E+00   -1.208725010807E-02   -1.209144274965E-02   -7.360250540222E-05   -7.357602316185E-05    1.530619051802E+00   -1.040067851039E-02   -6.258885881464E-05
    1.678804419868E-04    2.241594165143E+00    2.237664561025E+00   -1.201434165129E-02   -1.201852174105E-02   -7.225454513113E-05   -7.222717343146E-05    1.521988641453E+00   -1.033790792067E-02   -6.144096928572E-05
    1.778279832772E-04    2.229092663608E+00    2.224978034474E+00   -1.194185132529E-02   -1.194600808912E-02   -7.091446914738E-05   -7.088621151047E-05    1.513414727106E+00   -1.027548706246E-02   -6.029980792471E-05
    1.883649534286E-04    2.216679473022E+00    2.212371112098E+00   -1.186977579391E-02   -1.187389748164E-02   -6.958227203527E-05   -6.955313510901E-05    1.504897281776E+00   -1.021341233969E-02   -5.916537267681E-05
    1.995262782958E-04    2.204354817729E+00    2.199843609019E+00   -1.179811166163E-02   -1.180218548140E-02   -6.825795161295E-05   -6.822794545827E-05    1.496436290964E+00   -1.015168006113E-02   -5.803766443322E-05
    2.113489532207E-04    2.192118952527E+00    2.187395351627E+00   -1.172685546941E-02   -1.173086751828E-02   -6.694150906453E-05   -6.691064746033E-05    1.488031753073E+00   -1.009028643456E-02   -5.691668715396E-05
    2.238721656565E-04    2.179972163831E+00    2.175026177854E+00   -1.165600369040E-02   -1.165993888092E-02   -6.563294907564E-05   -6.560124984217E-05    1.479683679832E+00   -1.002922756057E-02   -5.580244799405E-05
    2.371374250594E-04    2.167914770882E+00    2.162735937441E+00   -1.158555272546E-02   -1.158939470817E-02   -6.433227997237E-05   -6.429976531393E-05    1.471392096739E+00   -9.968499426204E-03   -5.469495743294E-05
    2.511887004750E-04    2.155947126999E+00    2.150524492220E+00   -1.151549889845E-02   -1.151922998001E-02   -6.303951386356E-05   -6.300621073117E-05    1.463157043524E+00   -9.908097898328E-03   -5.359422940712E-05
    2.660725662789E-04    2.144069620890E+00    2.138391716397E+00   -1.144583845147E-02   -1.144943950819E-02   -6.175466678627E-05   -6.172060726132E-05    1.454978574619E+00   -9.848018716721E-03   -5.250028144579E-05
    2.818383565518E-04    2.132282678005E+00    2.126337496836E+00   -1.137656753981E-02   -1.138001792646E-02   -6.047775885446E-05   -6.044298055395E-05    1.446856759645E+00   -9.788257486917E-03   -5.141313480960E-05
    2.985383286022E-04    2.120586761946E+00    2.114361733353E+00   -1.130768222682E-02   -1.131095968040E-02   -5.920881441059E-05   -5.917336091496E-05    1.438791683926E+00   -9.728809672778E-03   -5.033281463231E-05
    3.162278361789E-04    2.108982375929E+00    2.102464339003E+00   -1.123917847853E-02   -1.124225901678E-02   -5.794786218016E-05   -5.791178348442E-05    1.430783449002E+00   -9.669670588788E-03   -4.925935006512E-05
    3.349655129464E-04    2.097470064306E+00    2.090645240385E+00   -1.117105215812E-02   -1.117390997261E-02   -5.669493542895E-05   -5.665828841795E-05    1.422832173172E+00   -9.610835392068E-03   -4.819277442374E-05
    3.548134668321E-04    2.086050414135E+00    2.078904377933E+00   -1.110329902022E-02   -1.110590636364E-02   -5.545007212282E-05   -5.541292107154E-05    1.414937992048E+00   -9.552299074110E-03   -4.713312533786E-05
    3.758374858894E-04    2.074724056822E+00    2.067241706215E+00   -1.103591470497E-02   -1.103824177251E-02   -5.421331508980E-05   -5.417573218938E-05    1.407101059130E+00   -9.494056452232E-03   -4.608044490285E-05
    3.981072563587E-04    2.063491669809E+00    2.055657194232E+00   -1.096889473199E-02   -1.097090953641E-02   -5.298471218451E-05   -5.294677809487E-05    1.399321546386E+00   -9.436102160725E-03   -4.503477983364E-05
    4.216965936497E-04    2.052353978335E+00    2.044150825719E+00   -1.090223449404E-02   -1.090390273422E-02   -5.176431645429E-05   -5.172612088406E-05    1.391599644868E+00   -9.378430641724E-03   -4.399618162038E-05
    4.466836870101E-04    2.041311757256E+00    2.032722599433E+00   -1.083592925059E-02   -1.083721417334E-02   -5.055218630717E-05   -5.051382862175E-05    1.383935565327E+00   -9.321036135773E-03   -4.296470668567E-05
    4.731513586915E-04    2.030365832927E+00    2.021372529449E+00   -1.076997412114E-02   -1.077083637583E-02   -4.934838568118E-05   -4.930997553953E-05    1.376329538854E+00   -9.263912672097E-03   -4.194041654314E-05
    5.011873384724E-04    2.019517085156E+00    2.010100645443E+00   -1.070436407838E-02   -1.070476156424E-02   -4.815298421480E-05   -4.811464223573E-05    1.368781817536E+00   -9.207054058567E-03   -4.092337795707E-05
    5.308845544473E-04    2.008766449221E+00    1.998906992974E+00   -1.063909394111E-02   -1.063898164683E-02   -4.696605741816E-05   -4.692791587668E-05    1.361292675127E+00   -9.150453871368E-03   -3.991366310268E-05
    5.623414410462E-04    1.998114917957E+00    1.987791633752E+00   -1.057415836698E-02   -1.057348820234E-02   -4.578768684488E-05   -4.574989039916E-05    1.353862407734E+00   -9.094105444363E-03   -3.891134972680E-05
    5.956622653057E-04    1.987563543911E+00    1.976754645897E+00   -1.050955184505E-02   -1.050827246422E-02   -4.461796026383E-05   -4.458066671327E-05    1.346491334521E+00   -9.038001858147E-03   -3.791652130853E-05
    6.309574724727E-04    1.977113441571E+00    1.965796124188E+00   -1.044526868808E-02   -1.044332530432E-02   -4.345697183084E-05   -4.342035290568E-05    1.339179798426E+00   -8.982135928799E-03   -3.692926721947E-05
    6.683440520859E-04    1.966765789661E+00    1.954916180291E+00   -1.038130302468E-02   -1.037863721608E-02   -4.230482225969E-05   -4.226906444241E-05    1.331928166891E+00   -8.926500196329E-03   -3.594968288317E-05
    7.079459257502E-04    1.956521833512E+00    1.944114942972E+00   -1.031764879115E-02   -1.031419829717E-02   -4.116161899209E-05   -4.112692437083E-05    1.324736832605E+00   -8.871086912816E-03   -3.497786993324E-05
    7.498943578865E-04    1.946382887506E+00    1.933392558286E+00   -1.025429972319E-02   -1.024999823155E-02   -4.002747636625E-05   -3.999406352027E-05    1.317606214260E+00   -8.815888030236E-03   -3.401393636978E-05
    7.943283908219E-04    1.936350337584E+00    1.922749189742E+00   -1.019124934727E-02   -1.018602627098E-02   -3.890251578353E-05   -3.887062070074E-05    1.310536757318E+00   -8.760895187992E-03   -3.305799671355E-05
    8.413953056587E-04    1.926425643837E+00    1.912185018442E+00   -1.012849097185E-02   -1.012227121600E-02   -3.778686587279E-05   -3.775674289902E-05    1.303528934782E+00   -8.706099700127E-03   -3.211017215733E-05
    8.912511104532E-04    1.916610343158E+00    1.901700243176E+00   -1.006601767824E-02   -1.005872139624E-02   -3.668066265197E-05   -3.665258547156E-05    1.296583247980E+00   -8.651492542230E-03   -3.117059071405E-05
    9.440610573198E-04    1.906906051971E+00    1.891295080493E+00   -1.000382231127E-02   -9.995364650266E-03   -3.558404968642E-05   -3.555831233352E-05    1.289700227349E+00   -8.597064338041E-03   -3.023938736099E-05
    1.000000190176E-03    1.897314469028E+00    1.880969764714E+00   -9.941897469552E-03   -9.932188304668E-03   -3.449717824349E-05   -3.447409614329E-05    1.282880433226E+00   -8.542805345731E-03   -2.931670417953E-05
    1.059253924943E-03    1.887837378265E+00    1.870724547911E+00   -9.880235495566E-03   -9.869179152660E-03   -3.342020744306E-05   -3.340011848165E-05    1.276124456631E+00   -8.488705443883E-03   -2.840269048986E-05
    1.122018664127E-03    1.878476651739E+00    1.860559699813E+00   -9.818828465240E-03   -9.806323431978E-03   -3.235330440331E-05   -3.233657002492E-05    1.269432920057E+00   -8.434754117141E-03   -2.749750297995E-05
    1.188502447811E-03    1.869234252606E+00    1.850475507667E+00   -9.757668177248E-03   -9.743606802156E-03   -3.129664438158E-05   -3.128365071135E-05    1.262806478241E+00   -8.380940441553E-03   -2.660130582832E-05
    1.258925643231E-03    1.860112238170E+00    1.840472276012E+00   -9.696746141840E-03   -9.681014321122E-03   -3.025041090950E-05   -3.024156989981E-05    1.256245818935E+00   -8.327253069568E-03   -2.571427081962E-05
    1.333521675200E-03    1.851112762983E+00    1.830550326388E+00   -9.636053569215E-03   -9.618530421112E-03   -2.921479592247E-05   -2.921054652012E-05    1.249751663651E+00   -8.273680214703E-03   -2.483657745275E-05
    1.412537799822E-03    1.842238081986E+00    1.820709996947E+00   -9.575581357362E-03   -9.556138883873E-03   -2.818999988260E-05   -2.819080921414E-05    1.243324768392E+00   -8.220209635866E-03   -2.396841304063E-05
    1.496235924044E-03    1.833490553697E+00    1.810951641971E+00   -9.515320079320E-03   -9.493822815120E-03   -2.717623189514E-05   -2.718259646668E-05    1.236965924354E+00   -8.166828621297E-03   -2.310997280092E-05
    1.584893473776E-03    1.824872643429E+00    1.801275631276E+00   -9.455259969777E-03   -9.431564618233E-03   -2.617370981788E-05   -2.618615672557E-05    1.230675958593E+00   -8.113523972144E-03   -2.226145993725E-05
    1.678804313446E-03    1.816386926530E+00    1.791682349495E+00   -9.395390910918E-03   -9.369345967130E-03   -2.518266036340E-05   -2.520174850985E-05    1.224455734649E+00   -8.060281985622E-03   -2.142308570998E-05
    1.778279720043E-03    1.808036091640E+00    1.782172195230E+00   -9.335702417447E-03   -9.307147778312E-03   -2.420331919386E-05   -2.422964050536E-05    1.218306153130E+00   -8.007088437742E-03   -2.059506949619E-05
    1.883649414877E-03    1.799822943948E+00    1.772745580042E+00   -9.276183620638E-03   -9.244950181992E-03   -2.323593100820E-05   -2.327011164663E-05    1.212228152229E+00   -7.953928565573E-03   -1.977763883791E-05
    1.995262656475E-03    1.791750408434E+00    1.763402927286E+00   -9.216823251319E-03   -9.182732492281E-03   -2.228074962181E-05   -2.232345118453E-05    1.206222708171E+00   -7.900787048992E-03   -1.897102947820E-05
    2.113489398229E-03    1.783821533089E+00    1.754144670754E+00   -9.157609621623E-03   -9.120473176361E-03   -2.133803803861E-05   -2.138995873858E-05    1.200290835593E+00   -7.847647991888E-03   -1.817548538450E-05
    2.238721514648E-03    1.776039492079E+00    1.744971253111E+00   -9.098530605347E-03   -9.058149822573E-03   -2.040806851564E-05   -2.046994433312E-05    1.194433587814E+00   -7.794494902747E-03   -1.739125875843E-05
    2.371374100268E-03    1.768407588856E+00    1.735883124111E+00   -9.039573616733E-03   -8.995739107335E-03   -1.949112262050E-05   -1.956372841658E-05    1.188652057016E+00   -7.741310674561E-03   -1.661861003186E-05
    2.511886845517E-03    1.760929259167E+00    1.726880738561E+00   -8.980725587460E-03   -8.933216760812E-03   -1.858749128188E-05   -1.867164186293E-05    1.182947374288E+00   -7.688077563991E-03   -1.585780784846E-05
    2.660725494121E-03    1.753608073959E+00    1.717964554005E+00   -8.921972941585E-03   -8.870557531223E-03   -1.769747483373E-05   -1.779402595458E-05    1.177320709538E+00   -7.634777169680E-03   -1.510912903040E-05
    2.818383386855E-03    1.746447742128E+00    1.709135028110E+00   -8.863301568193E-03   -8.807735147660E-03   -1.682138305357E-05   -1.693123234566E-05    1.171773271250E+00   -7.581390409625E-03   -1.437285852961E-05
    2.985383096773E-03    1.739452113105E+00    1.700392615713E+00   -8.804696791420E-03   -8.744722281319E-03   -1.595953519579E-05   -1.608362300529E-05    1.166306306050E+00   -7.527897497489E-03   -1.364928936356E-05
    3.162278161326E-03    1.732625179210E+00    1.691737765503E+00   -8.746143337538E-03   -8.681490504966E-03   -1.511226002072E-05   -1.525157013963E-05    1.160921098081E+00   -7.474277917723E-03   -1.293872253481E-05
    3.349654917123E-03    1.725971077772E+00    1.683170916294E+00   -8.687625298683E-03   -8.618010250494E-03   -1.427989582063E-05   -1.443545609218E-05    1.155618968142E+00   -7.420510399335E-03   -1.224146693425E-05
    3.548134443398E-03    1.719494092928E+00    1.674692492858E+00   -8.629126092840E-03   -8.554250764381E-03   -1.346279044356E-05   -1.363567322119E-05    1.150401272572E+00   -7.366572888155E-03   -1.155783922775E-05
    3.758374620643E-03    1.713198657083E+00    1.666302901265E+00   -8.570628419599E-03   -8.490180060875E-03   -1.266130131666E-05   -1.285262375375E-05    1.145269401842E+00   -7.312442517394E-03   -1.088816372594E-05
    3.981072311218E-03    1.707089351950E+00    1.658002523691E+00   -8.512114211110E-03   -8.425764872635E-03   -1.187579547016E-05   -1.208671961493E-05    1.140224778831E+00   -7.258095576280E-03   -1.023277223669E-05
    4.216965669175E-03    1.701170909122E+00    1.649791712629E+00   -8.453564577729E-03   -8.360970598651E-03   -1.110664956367E-05   -1.133838223165E-05    1.135268856729E+00   -7.203507476536E-03   -9.592003900415E-06
    4.466836586940E-03    1.695448210093E+00    1.641670784466E+00   -8.394959747662E-03   -8.295761249141E-03   -1.035424991659E-05   -1.060804230959E-05    1.130403116548E+00   -7.148652716441E-03   -8.966205007623E-06
    4.731513286975E-03    1.689926285657E+00    1.633640012348E+00   -8.336278999917E-03   -8.230099387163E-03   -9.618992544180E-06   -9.896139582238E-06    1.125629064175E+00   -7.093504842178E-03   -8.355728798589E-06
    5.011873067012E-03    1.684610314589E+00    1.625699618269E+00   -8.277500589776E-03   -8.163946066627E-03   -8.901283201242E-06   -9.203122530187E-06    1.120948226925E+00   -7.038036406145E-03   -7.760935244619E-06
    5.308845207934E-03    1.679505621522E+00    1.617849764324E+00   -8.218601665975E-03   -8.097260766407E-03   -8.201537435261E-06   -8.529448069329E-06    1.116362149547E+00   -6.982218921898E-03   -7.182190810640E-06
    5.623414053982E-03    1.674617673897E+00    1.610090543030E+00   -8.159558178613E-03   -8.030001320173E-03   -7.520180650620E-06   -7.875581205447E-06    1.111872389600E+00   -6.926022815315E-03   -6.619868198171E-06
    5.956622275455E-03    1.669952077877E+00    1.602421966636E+00   -8.100344776775E-03   -7.962123841599E-03   -6.857648185882E-06   -7.241994652870E-06    1.107480512152E+00   -6.869417371585E-03   -6.074346067990E-06
    6.309574324750E-03    1.665514573087E+00    1.594843955338E+00   -8.040934694821E-03   -7.893582644569E-03   -6.214385405327E-06   -6.629168414240E-06    1.103188083720E+00   -6.812370677573E-03   -5.546008741298E-06
    6.683440097183E-03    1.661311026034E+00    1.587356324284E+00   -7.981299626111E-03   -7.824330157982E-03   -5.590847806248E-06   -6.037589317728E-06    1.098996665378E+00   -6.754849559095E-03   -5.035245877930E-06
    7.079458808720E-03    1.657347422048E+00    1.579958769275E+00   -7.921409582902E-03   -7.754316834764E-03   -4.987501142719E-06   -5.467750507367E-06    1.094907804926E+00   -6.696819512581E-03   -4.542452129588E-06
    7.498943103492E-03    1.653629855556E+00    1.572650851028E+00   -7.861232740984E-03   -7.683491054646E-03   -4.404821566410E-06   -4.920150881207E-06    1.090923028055E+00   -6.638244630579E-03   -4.068026765650E-06
    7.943283404678E-03    1.650164518517E+00    1.565431977908E+00   -7.800735267775E-03   -7.611799020407E-03   -3.843295783857E-06   -4.395294471735E-06    1.087043828379E+00   -6.579087520622E-03   -3.612373268682E-06
    8.413952523210E-03    1.646957686761E+00    1.558301386943E+00   -7.739881131939E-03   -7.539184647034E-03   -3.303421229663E-06   -3.893689759975E-06    1.083271656228E+00   -6.519309216711E-03   -3.175898895193E-06
    8.912510539550E-03    1.644015704020E+00    1.551258123021E+00   -7.678631893178E-03   -7.465589443577E-03   -2.785706253048E-06   -3.415848915579E-06    1.079607906077E+00   -6.458869082966E-03   -2.759014197289E-06
    9.440609974739E-03    1.641344963388E+00    1.544301016090E+00   -7.616946470298E-03   -7.390952387321E-03   -2.290670314756E-06   -2.962286952177E-06    1.076053902483E+00   -6.397724708759E-03   -2.362132499163E-06
    1.000000126784E-02    1.638951885912E+00    1.537428656198E+00   -7.554780885694E-03   -7.315209790001E-03   -1.818844189454E-06   -2.533520785819E-06    1.072610884374E+00   -6.335831794729E-03   -1.985669321201E-06
    1.059253857795E-02    1.636842895996E+00    1.530639366199E+00   -7.492087984308E-03   -7.238295155889E-03   -1.370770167145E-06   -2.130068182205E-06    1.069279987536E+00   -6.273144029063E-03   -1.630041743033E-06
    1.122018593000E-02    1.635024393281E+00    1.523931171921E+00   -7.428817125090E-03   -7.160139031645E-03   -9.470022450036E-07   -1.752446576414E-06    1.066062225128E+00   -6.209612953493E-03   -1.295667695379E-06
    1.188502372469E-02    1.633502720621E+00    1.517301769617E+00   -7.364913842932E-03   -7.080668847994E-03   -5.481062988450E-07   -1.401171746189E-06    1.062958466040E+00   -6.145187818454E-03   -9.829651686244E-07
    1.258925563425E-02    1.632284127707E+00    1.510748490444E+00   -7.300319478661E-03   -6.999808753351E-03   -1.746602199783E-07   -1.076756315054E-06    1.059969410876E+00   -6.079815426839E-03   -6.923513228555E-07
    1.333521590666E-02    1.631374729914E+00    1.504268261775E+00   -7.234970775347E-03   -6.917479439868E-03    1.727459991373E-07   -7.797080618238E-07    1.057095565368E+00   -6.013439966062E-03   -4.242414836753E-07
    1.412537710278E-02    1.630780461877E+00    1.497857565098E+00   -7.168799438584E-03   -6.833597962513E-03    4.935102513219E-07   -5.105280065049E-07    1.054337210978E+00   -5.946002828073E-03   -1.790480037836E-07
    1.496235829195E-02    1.630507025220E+00    1.491512390234E+00   -7.101731658699E-03   -6.748077552098E-03    7.870183980918E-07   -2.697082397805E-07    1.051694372430E+00   -5.877442417169E-03    4.282103208965E-08
    1.584893373306E-02    1.630559829867E+00    1.485228185622E+00   -7.033687592840E-03   -6.660827423550E-03    1.052644479988E-06   -5.772945845112E-08    1.049166781911E+00   -5.807693945625E-03    2.409632848872E-07
    1.678804207023E-02    1.630943928319E+00    1.478999804419E+00   -6.964580805392E-03   -6.571752581136E-03    1.289751087250E-06    1.249418321732E-07    1.046753839667E+00   -5.736689217454E-03    4.149838490787E-07
    1.778279607314E-02    1.631663942125E+00    1.472821446076E+00   -6.894317664527E-03   -6.480753622806E-03    1.497689934081E-06    2.778564999712E-07    1.044454570651E+00   -5.664356400687E-03    5.644971865904E-07
    1.883649295469E-02    1.632723979829E+00    1.466686593151E+00   -6.822796693885E-03   -6.387726546493E-03    1.675802682587E-06    4.005864005655E-07    1.042267576923E+00   -5.590619789123E-03    6.891293421674E-07
    1.995262529991E-02    1.634127545581E+00    1.460587943047E+00   -6.749907878351E-03   -6.292562561791E-03    1.823422070968E-06    4.927284815054E-07    1.040190985454E+00   -5.515399554791E-03    7.885204815326E-07
    2.113489264250E-02    1.635877437497E+00    1.454517334385E+00   -6.675531923285E-03   -6.195147911277E-03    1.939873409025E-06    5.539094391048E-07    1.038222390963E+00   -5.438611492820E-03    8.623277988138E-07
    2.238721372731E-02    1.637975634814E+00    1.448465667717E+00   -6.599539467255E-03   -6.095363706634E-03    2.024476512344E-06    5.837909953886E-07    1.036358793409E+00   -5.360166761023E-03    9.102288437546E-07
    2.371373949942E-02    1.640423172791E+00    1.442422820291E+00   -6.521790249029E-03   -5.993085785835E-03    2.076548156703E-06    5.820758688022E-07    1.034596529718E+00   -5.279971617135E-03    9.319253246552E-07
    2.511886686283E-02    1.643220004353E+00    1.436377554652E+00   -6.442132230766E-03   -5.888184598417E-03    2.095405137205E-06    5.485145090739E-07    1.032931199397E+00   -5.197927157340E-03    9.271474417853E-07
    2.660725325452E-02    1.646364847047E+00    1.430317420725E+00   -6.360400679403E-03   -5.780525128293E-03    2.080368047121E-06    4.829126940201E-07    1.031357583475E+00   -5.113929060796E-03    8.956588268861E-07
    2.818383208192E-02    1.649855014279E+00    1.424228651271E+00   -6.276417211100E-03   -5.669966863696E-03    2.030765876140E-06    3.851400576897E-07    1.029869556454E+00   -5.027867345679E-03    8.372621460104E-07
    2.985382907523E-02    1.653686229377E+00    1.418096050514E+00   -6.189988803911E-03   -5.556363826528E-03    1.945941559408E-06    2.551396456006E-07    1.028459990770E+00   -4.939626143542E-03    7.518054434737E-07
    3.162277960863E-02    1.657852421064E+00    1.411902875820E+00   -6.100906786191E-03   -5.439564674943E-03    1.825258613473E-06    9.293858432480E-08    1.027120653320E+00   -4.849083500088E-03    6.391893010041E-07
    3.349654704782E-02    1.662345498811E+00    1.405630712393E+00   -6.008945810392E-03   -5.319412895314E-03    1.668109011412E-06   -1.013400451823E-07    1.025842093620E+00   -4.756111212045E-03    4.993748905649E-07
    3.548134218475E-02    1.667155106596E+00    1.399259341086E+00   -5.913862824351E-03   -5.195747101351E-03    1.473922453109E-06   -3.274640523191E-07    1.024613523197E+00   -4.660574711160E-03    3.323929940048E-07
    3.758374382392E-02    1.672268353320E+00    1.392766599447E+00   -5.815396055146E-03   -5.068401461808E-03    1.242177214556E-06   -5.850776146105E-07    1.023422685781E+00   -4.562333008753E-03    1.383540719453E-07
    3.981072058850E-02    1.677669518156E+00    1.386128236345E+00   -5.713264024450E-03   -4.937206280893E-03    9.724127684680E-07   -8.736853193594E-07    1.022255717943E+00   -4.461238716417E-03   -8.254054247490E-08
    4.216965401853E-02    1.683339729268E+00    1.379317760701E+00   -5.607164617780E-03   -4.801988757045E-03    6.642443658449E-07   -1.192634725401E-06    1.021096999922E+00   -4.357138160024E-03   -3.299862634551E-07
    4.466836303778E-02    1.689256614049E+00    1.372306285016E+00   -5.496774235094E-03   -4.662573950683E-03    3.173797983080E-07   -1.541097405963E-06    1.019928996410E+00   -4.249871607669E-03   -6.035616207358E-07
    4.731512987035E-02    1.695393919212E+00    1.365062364682E+00   -5.381747055437E-03   -4.518785994119E-03   -6.836143860612E-08   -1.918048468072E-06    1.018732087179E+00   -4.139273634659E-03   -9.027133289707E-07
    5.011872749299E-02    1.701721098989E+00    1.357551834365E+00   -5.261714455099E-03   -4.370449581292E-03   -4.930263458520E-07   -2.322244574601E-06    1.017484387570E+00   -4.025173652303E-03   -1.226740023916E-06
    5.308844871396E-02    1.708202870249E+00    1.349737643101E+00   -5.136284622602E-03   -4.217391774249E-03   -9.565037813241E-07   -2.752200551619E-06    1.016161559123E+00   -3.907396627905E-03   -1.574774667002E-06
    5.623413697503E-02    1.714798732501E+00    1.341579690219E+00   -5.005042429174E-03   -4.059444177328E-03   -1.458496688620E-06   -3.206164681153E-06    1.014736610596E+00   -3.785764033431E-03   -1.945765610141E-06
    5.956621897853E-02    1.721462452252E+00    1.333034664697E+00   -4.867549614104E-03   -3.896445521131E-03   -1.998491014123E-06   -3.682092891506E-06    1.013179690224E+00   -3.660095056504E-03   -2.338456393524E-06
    6.309573924774E-02    1.728141510723E+00    1.324055891171E+00   -4.723345359856E-03   -3.728244709734E-03   -2.575721072638E-06   -4.177622101324E-06    1.011457870149E+00   -3.530208116293E-03   -2.751364358314E-06
    6.683439673506E-02    1.734776514617E+00    1.314593186505E+00   -4.571947342157E-03   -3.554704385422E-03   -3.189131160757E-06   -4.690043076846E-06    1.009534924470E+00   -3.395922729781E-03   -3.182758216043E-06
    7.079458359939E-02    1.741300570284E+00    1.304592731686E+00   -4.412853353960E-03   -3.375705068140E-03   -3.837333242872E-06   -5.216273270710E-06    1.007371102801E+00   -3.257061778573E-03   -3.630634775850E-06
    7.498942628119E-02    1.747638622458E+00    1.293996964699E+00   -4.245543615314E-03   -3.191149927242E-03   -4.518560583078E-06   -5.752830234478E-06    1.004922901852E+00   -3.113454229813E-03   -4.092695101330E-06
    7.943282901137E-02    1.753706759753E+00    1.282744500994E+00   -4.069483895197E-03   -3.000970242587E-03   -5.230617256426E-06   -6.295806330444E-06    1.002142838185E+00   -2.964938368050E-03   -4.566320446162E-06
    8.413951989832E-02    1.759411490142E+00    1.270770089996E+00   -3.884129603830E-03   -2.805131621267E-03   -5.970823487698E-06   -6.840845676472E-06    9.989792262767E-01   -2.811365607107E-03   -5.048548420376E-06
    8.912509974568E-02    1.764648991929E+00    1.258004616593E+00   -3.688931009348E-03   -2.603641014612E-03   -6.735957017025E-06   -7.383124390960E-06    9.953759668759E-01   -2.652604940280E-03   -5.536049958531E-06
    9.440609376280E-02    1.769304347146E+00    1.244375158825E+00   -3.483339773421E-03   -2.396554589853E-03   -7.522190543188E-06   -7.917335432421E-06    9.912723518992E-01   -2.488548101822E-03   -6.025107719717E-06
    1.000000063392E-01    1.773250767109E+00    1.229805114513E+00   -3.266817014760E-03   -2.183986494964E-03   -8.325026014572E-06   -8.437679625044E-06    9.866028934868E-01   -2.319115509406E-03   -6.511596888234E-06
    1.059253790647E-01    1.776348822988E+00    1.214214411756E+00   -3.038843137760E-03   -1.966118544036E-03   -9.139226010096E-06   -8.937864515011E-06    9.812971865531E-01   -2.144263059747E-03   -6.990969174528E-06
    1.122018521873E-01    1.778445697560E+00    1.197519819358E+00   -2.798929670792E-03   -1.743210824108E-03   -9.958742065752E-06   -9.411113341642E-06    9.752798155395E-01   -1.963989840233E-03   -7.458241017458E-06
    1.188502297128E-01    1.779374479576E+00    1.179635377686E+00   -2.546633411255E-03   -1.515613215564E-03   -1.077664704859E-05   -9.850186092126E-06    9.684703192496E-01   -1.778346829038E-03   -7.907988865526E-06
    1.258925483619E-01    1.778953527280E+00    1.160472971085E+00   -2.281573178057E-03   -1.283777763312E-03   -1.158505892972E-05   -1.024741599606E-05    9.607832293378E-01   -1.587446634586E-03   -8.334349342128E-06
    1.333521506131E-01    1.776985933655E+00    1.139943065976E+00   -2.003449559392E-03   -1.048271832599E-03   -1.237507820515E-05   -1.059476149474E-05    9.521282008583E-01   -1.391474349488E-03   -8.731030334384E-06
    1.412537620735E-01    1.773259134989E+00    1.117955641707E+00   -1.712067623300E-03   -8.097917776531E-04   -1.313672567641E-05   -1.088388626999E-05    9.424102569733E-01   -1.190699381132E-03   -9.091335897734E-06
    1.496235734345E-01    1.767544712890E+00    1.094421345553E+00   -1.407363727668E-03   -5.691771460245E-04   -1.385889391737E-05   -1.110625400050E-05    9.315301739593E-01   -9.854885953937E-04   -9.408200216512E-06
    1.584893272837E-01    1.759598446629E+00    1.069252898573E+00   -1.089435851129E-03   -3.274248480019E-04   -1.452930402768E-05   -1.125325709436E-05    9.193850328004E-01   -7.763203523497E-04   -9.674238877329E-06
    1.678804100600E-01    1.749160695836E+00    1.042366793969E+00   -7.585782823405E-04   -8.570301679623E-05   -1.513449316312E-05   -1.131637709515E-05    9.058689758987E-01   -5.637995571445E-04   -9.881822415739E-06
    1.778279494585E-01    1.735957194771E+00    1.013685317167E+00   -4.153207887374E-04    1.546359969863E-04   -1.565982385175E-05   -1.128737916278E-05    8.908742030471E-01   -3.486735288996E-04   -1.002317004411E-05
    1.883649176061E-01    1.719700364106E+00    9.831389255680E-01   -6.047239207056E-05    3.920442053230E-04   -1.608953070742E-05   -1.115854587733E-05    8.742922511580E-01   -1.318484302886E-04   -1.009047010147E-05
    1.995262403507E-01    1.700091261271E+00    9.506690217309E-01    3.048302285164E-04    6.247690042036E-04   -1.640681434888E-05   -1.092295283944E-05    8.560156049683E-01    8.559408662137E-05   -1.007603045090E-05
    2.113489130272E-01    1.676822310507E+00    9.162311505108E-01    6.790699049020E-04    8.508477159757E-04   -1.659399568185E-05   -1.057478810905E-05    8.359396904567E-01    3.023805050691E-04   -9.972462800263E-06
    2.238721230814E-01    1.649580975140E+00    8.797986441823E-01    1.060292209253E-03    1.068106969511E-03   -1.663274624964E-05   -1.010971619352E-05    8.139653063633E-01    5.170299955969E-04   -9.772904996876E-06
    2.371373799615E-01    1.618054556425E+00    8.413667288298E-01    1.446045633720E-03    1.274168498582E-03   -1.650441311043E-05   -9.525285334829E-06    7.900015514353E-01    7.278407614055E-04   -9.471285234440E-06
    2.511886527050E-01    1.581936325136E+00    8.009570892768E-01    1.833320146825E-03    1.466463225052E-03   -1.619045957846E-05   -8.821374102209E-06    7.639693052595E-01    9.328792978874E-04   -9.062631741509E-06
    2.660725156783E-01    1.540933211900E+00    7.586228668114E-01    2.218486261626E-03    1.642255791386E-03   -1.567304596350E-05   -8.000669556080E-06    7.358053176460E-01    1.129973993067E-03   -8.543430765301E-06
    2.818383029529E-01    1.494775297690E+00    7.144540320669E-01    2.597237669976E-03    1.798681997565E-03   -1.493577681816E-05   -7.069164276600E-06    7.054669540465E-01    1.316714856265E-03   -7.912034354662E-06
    2.985382718274E-01    1.443227353958E+00    6.685830325026E-01    2.964541673201E-03    1.932801857099E-03   -1.396464271593E-05   -6.036653089842E-06    6.729376308456E-01    1.490461581975E-03   -7.169117377231E-06
    3.162277760400E-01    1.386102676551E+00    6.211905573577E-01    3.314603113869E-03    2.041671163598E-03   -1.274918436378E-05   -4.917202110900E-06    6.382329518073E-01    1.648362627043E-03   -6.318180059338E-06
    3.349654492440E-01    1.323279433864E+00    5.725111901287E-01    3.640849342942E-03    2.122434505204E-03   -1.128390398195E-05   -3.729552494559E-06    6.014075231452E-01    1.787388500775E-03   -5.366087773758E-06
    3.548133993551E-01    1.254719696011E+00    5.228386268847E-01    3.935945961957E-03    2.172442469441E-03   -9.569941542451E-06   -2.497408927948E-06    5.625623752483E-01    1.904383004998E-03   -4.323633299238E-06
    3.758374144141E-01    1.180491218485E+00    4.725300255188E-01    4.191855709582E-03    2.189395246466E-03   -7.617019719507E-06   -1.249548338893E-06    5.218528503478E-01    1.996136692872E-03   -3.206097777594E-06
    3.981071806482E-01    1.100791901580E+00    4.220089155076E-01    4.399955867519E-03    2.171513770400E-03   -5.445637933265E-06   -1.966799574463E-08    4.794967214513E-01    2.059487257211E-03   -2.033774358885E-06
    4.216965134532E-01    1.015976616551E+00    3.717659397953E-01    4.551232905505E-03    2.117737739214E-03   -3.089458770187E-06    1.154125119498E-06    4.357821831233E-01    2.091451830225E-03   -8.324022219770E-07
    4.466836020616E-01    9.265857510732E-01    3.223565250000E-01    4.636576550941E-03    2.027947020261E-03   -5.977736116843E-07    2.230298094539E-06    3.910751922733E-01    2.089396105267E-03    3.665626100875E-07
    4.731512687095E-01    8.333743451578E-01    2.743943925787E-01    4.647198730635E-03    1.903198744252E-03    1.962148657166E-06    3.165475637625E-06    3.458254303129E-01    2.051244563670E-03    1.525940392632E-06
    5.011872431586E-01    7.373400173757E-01    2.285396513188E-01    4.575205253054E-03    1.745966396814E-03    4.503144936167E-06    3.916752522804E-06    3.005699003926E-01    1.975734572549E-03    2.603219232806E-06
    5.308844534858E-01    6.397469631390E-01    1.854800854560E-01    4.414348581413E-03    1.560358998673E-03    6.917154778477E-06    4.444847952813E-06    2.559328611555E-01    1.862714240606E-03    3.551520188185E-06
    5.623413341023E-01    5.421420674571E-01    1.459042259972E-01    4.160986873308E-03    1.352287606636E-03    9.075841251458E-06    4.718166736241E-06    2.126204294058E-01    1.713479032970E-03    4.321357827611E-06
    5.956621520251E-01    4.463575306164E-01    1.104649592164E-01    3.815264551344E-03    1.129532694943E-03    1.083385067083E-05    4.717730870943E-06    1.714077684264E-01    1.531134301881E-03    4.863467710294E-06
    6.309573524797E-01    3.544922375785E-01    7.973291455531E-02    3.382508326381E-03    9.016496907627E-04    1.203613370635E-05    4.442761034531E-06    1.331163290631E-01    1.320958799806E-03    5.133021890491E-06
    6.683439249830E-01    2.688612982863E-01    5.413989991104E-02    2.874790991754E-03    6.796325391307E-04    1.253122450513E-05    3.916378166778E-06    9.857817385308E-02    1.090725892041E-03    5.095577561417E-06
    7.079457911159E-01    1.918995700032E-01    3.391450863486E-02    2.312540251690E-03    4.752399500770E-04    1.219300834505E-05    3.190402259655E-06    6.858404730430E-02    8.509119433026E-04    4.735108493447E-06
    7.498942152746E-01    1.260003857017E-01    1.901515959967E-02    1.725931701812E-03    2.998840838912E-04    1.095401915889E-05    2.347483012311E-06    4.381167861724E-02    6.146795787555E-04    4.064347990798E-06
    7.943282397597E-01    7.326493418660E-02    9.070875182778E-03    1.155554132577E-03    1.630030807303E-04    8.853621212689E-06    1.497733703902E-06    2.473098571173E-02    3.974587093845E-04    3.137377935274E-06
    8.413951456455E-01    3.513055187622E-02    3.347943058368E-03    6.513485132319E-04    6.992216450413E-05    6.103370023693E-06    7.656586698412E-07    1.148366238925E-02    2.158374918801E-04    2.063589895593E-06
    8.912509409587E-01    1.183738577791E-02    7.724754517102E-04    2.677885244449E-04    1.943035339925E-05    3.166083183757E-06    2.617560142864E-07    3.736477668457E-03    8.525691246573E-05    1.019956155213E-06
    9.440608777821E-01    1.682472257063E-03    5.643173093497E-05    5.062466331538E-05    1.856919879159E-06    8.192558058038E-07    3.331437050328E-08    5.111300322783E-04    1.543897141401E-05    2.510678718388E-07
