# Q1 =   100.0000 , Q2 =   500.0000
# x  F3Wp(LO) F3Wm(LO) F3Wp(NLO) F3Wm(NLO) F3Wp(NNLO) F3Wm(NNLO) F3Z(LO) F3Z(NLO) F3Z(NNLO)
    1.000000316960E-05   -4.895648784137E+04    4.912097863869E+04    3.647363951705E+01   -3.624730324060E+01    3.432740489901E-01   -3.443998362259E-01    4.256988320578E+01    5.745993949512E-02   -2.999380594488E-04
    1.059254059240E-05   -4.594737750489E+04    4.610998285690E+04    3.423932870508E+01   -3.402282623705E+01    3.221476342227E-01   -3.233195035362E-01    4.208192634730E+01    5.492371968032E-02   -3.115744538307E-04
    1.122018806381E-05   -4.312295950497E+04    4.328370097998E+04    3.214181840482E+01   -3.193498125614E+01    3.023170628481E-01   -3.035325501375E-01    4.159955126040E+01    5.243110483943E-02   -3.225792750196E-04
    1.188502598494E-05   -4.047190082262E+04    4.063079974133E+04    3.017272026241E+01   -2.997538187342E+01    2.837028792949E-01   -2.849595887305E-01    4.112269385461E+01    4.998159568575E-02   -3.329701277108E-04
    1.258925802843E-05   -3.798356381063E+04    3.814064124891E+04    2.832416055005E+01   -2.813615626813E+01    2.662305012990E-01   -2.675261041319E-01    4.065129076409E+01    4.757469871770E-02   -3.427643083144E-04
    1.333521844269E-05   -3.564796353819E+04    3.580324032988E+04    2.658874859856E+01   -2.640991565609E+01    2.498299210013E-01   -2.511621543863E-01    4.018527933859E+01    4.520992613960E-02   -3.519788086315E-04
    1.412537978909E-05   -3.345572773726E+04    3.360922447685E+04    2.495954715553E+01   -2.478972464806E+01    2.344354242778E-01   -2.358020901103E-01    3.972459763509E+01    4.288679580782E-02   -3.606303194934E-04
    1.496236113743E-05   -3.139805921069E+04    3.154979625606E+04    2.343004456525E+01   -2.326907342994E+01    2.199853273215E-01   -2.213842910873E-01    3.926918440911E+01    4.060483116628E-02   -3.687352341349E-04
    1.584893674715E-05   -2.946670054694E+04    2.961669802204E+04    2.199412865561E+01   -2.184185164982E+01    2.064217293828E-01   -2.078509190218E-01    3.881897910634E+01    3.836356119016E-02   -3.763096516156E-04
    1.678804526291E-05   -2.765390100246E+04    2.780217879989E+04    2.064606222922E+01   -2.050232390947E+01    1.936902807044E-01   -1.951476854871E-01    3.837392185396E+01    3.616252031951E-02   -3.833693804252E-04
    1.778279945500E-05   -2.595238540615E+04    2.609896318983E+04    1.938046005098E+01   -1.924510675198E+01    1.817399646198E-01   -1.832236340371E-01    3.793395345262E+01    3.400124840735E-02   -3.899299415883E-04
    1.883649653694E-05   -2.435532498406E+04    2.450022219175E+04    1.819226725667E+01   -1.806514707071E+01    1.705228931122E-01   -1.720309357778E-01    3.749901536794E+01    3.187929065762E-02   -3.960065723169E-04
    1.995262909442E-05   -2.285630997029E+04    2.299954581616E+04    1.707673908352E+01   -1.695770183995E+01    1.599941148860E-01   -1.615246974519E-01    3.706904972235E+01    2.979619757048E-02   -4.016142289814E-04
    2.113489666185E-05   -2.144932389626E+04    2.159091737336E+04    1.602942184272E+01   -1.591831908781E+01    1.501114352010E-01   -1.516627812856E-01    3.664399928705E+01    2.775152488403E-02   -4.067675907191E-04
    2.238721798482E-05   -2.012871945864E+04    2.026868934143E+04    1.504613506043E+01   -1.494282003726E+01    1.408352467682E-01   -1.424056358962E-01    3.622380747380E+01    2.574483352286E-02   -4.114810623249E-04
    2.371374400920E-05   -1.888919586825E+04    1.902756071502E+04    1.412295471453E+01   -1.402728234324E+01    1.321283710218E-01   -1.337161375779E-01    3.580841832698E+01    2.377568953864E-02   -4.157687777989E-04
    2.511887163984E-05   -1.772577759022E+04    1.786255574549E+04    1.325619750118E+01   -1.316802435936E+01    1.239559091421E-01   -1.255594413351E-01    3.539777651559E+01    2.184366406215E-02   -4.196446031133E-04
    2.660725831458E-05   -1.663379438026E+04    1.676900397717E+04    1.244240606047E+01   -1.236159036375E+01    1.162851021588E-01   -1.179028409995E-01    3.499182732544E+01    1.994833324422E-02   -4.231221398151E-04
    2.818383744181E-05   -1.560886255983E+04    1.574252152254E+04    1.167833511902E+01   -1.160473670186E+01    1.090851997366E-01   -1.107156380262E-01    3.459051665121E+01    1.808927821258E-02   -4.262147276013E-04
    2.985383475271E-05   -1.464686743066E+04    1.477899347662E+04    1.096093847554E+01   -1.089441877227E+01    1.023273369434E-01   -1.039690182750E-01    3.419379098868E+01    1.626608501156E-02   -4.289354478368E-04
    3.162278562252E-05   -1.374394677051E+04    1.387455741277E+04    1.028735678686E+01   -1.022777881285E+01    9.598441859652E-02   -9.763593636702E-02    3.380159742706E+01    1.447834455998E-02   -4.312971262631E-04
    3.349655341806E-05   -1.289647534173E+04    1.302558789121E+04    9.654906103241E+00   -9.602134436290E+00    9.003101070380E-02   -9.169100713860E-02    3.341388364121E+01    1.272565259683E-02   -4.333123361686E-04
    3.548134893245E-05   -1.210105035102E+04    1.222868191875E+04    9.061067107789E+00   -9.014967869690E+00    8.444323857212E-02   -8.611040376042E-02    3.303059788405E+01    1.100760963641E-02   -4.349934012832E-04
    3.758375097145E-05   -1.135447779899E+04    1.148064529833E+04    8.503475014254E+00   -8.463915852560E+00    7.919869114922E-02   -8.087176209091E-02    3.265168897897E+01    9.323820918923E-03   -4.363523986938E-04
    3.981072815955E-05   -1.065375966873E+04    1.077847981750E+04    7.979910085803E+00   -7.946760155756E+00    7.427633124554E-02   -7.595409090939E-02    3.227710631221E+01    7.673896365545E-03   -4.374011618205E-04
    4.216966203819E-05   -9.996081902630E+03    1.011937122531E+04    7.488288737139E+00   -7.461418683789E+00    6.965641127942E-02   -7.133768767217E-02    3.190679982538E+01    6.057450531445E-03   -4.381512831819E-04
    4.466837153263E-05   -9.378803114080E+03    9.500677943906E+03    7.026655180445E+00   -7.005937120927E+00    6.532039417155E-02   -6.700405941797E-02    3.154072000799E+01    4.474102563263E-03   -4.386141173020E-04
    4.731513886856E-05   -8.799443992631E+03    8.919920473686E+03    6.593173584539E+00   -6.578481090542E+00    6.125087909862E-02   -6.293584853276E-02    3.117881788994E+01    2.923476152071E-03   -4.388007835500E-04
    5.011873702437E-05   -8.255677359269E+03    8.374771448552E+03    6.186120715169E+00   -6.177328795539E+00    5.743153180319E-02   -5.911676306953E-02    3.082104503417E+01    1.405199496128E-03   -4.387221687351E-04
    5.308845881011E-05   -7.745318832787E+03    7.863046302243E+03    5.803879027499E+00   -5.800864111045E+00    5.384701918420E-02   -5.553151135071E-02    3.046735352917E+01   -8.109474869943E-05   -4.383889301893E-04
    5.623414766941E-05   -7.266318065130E+03    7.382694503659E+03    5.444930179743E+00   -5.447570098160E+00    5.048294787645E-02   -5.216574055655E-02    3.011769598171E+01   -1.535769500661E-03   -4.378114980519E-04
    5.956623030659E-05   -6.816750519863E+03    6.931791335298E+03    5.107848948664E+00   -5.116022919649E+00    4.732580663378E-02   -4.900597912028E-02    2.977202550943E+01   -2.959183300637E-03   -4.370000784005E-04
    6.309575124703E-05   -6.394809752107E+03    6.508530173160E+03    4.791297516240E+00   -4.804886126733E+00    4.436291222781E-02   -4.603958263586E-02    2.943029573348E+01   -4.351690344959E-03   -4.359646555579E-04
    6.683440944536E-05   -5.998800162454E+03    6.111215240640E+03    4.494020107078E+00   -4.512905296666E+00    4.158235866705E-02   -4.325468308808E-02    2.909246077126E+01   -5.713640526743E-03   -4.347149949607E-04
    7.079459706283E-05   -5.627130195656E+03    5.738254807188E+03    4.214837954994E+00   -4.238902999453E+00    3.897296953309E-02   -4.064014119841E-02    2.875847522907E+01   -7.045379471433E-03   -4.332606456357E-04
    7.498944054238E-05   -5.278305956808E+03    5.388154804458E+03    3.952644578550E+00   -3.981774073528E+00    3.652425324202E-02   -3.818550169652E-02    2.842829419485E+01   -8.347248572911E-03   -4.316109428424E-04
    7.943284411759E-05   -4.950925218986E+03    5.059512833926E+03    3.706401346307E+00   -3.740481191148E+00    3.422636104920E-02   -3.588095133485E-02    2.810187323080E+01   -9.619585029367E-03   -4.297750105884E-04
    8.413953589964E-05   -4.643671797534E+03    4.751012541145E+03    3.475133313409E+00   -3.514050695105E+00    3.207004762293E-02   -3.371727947215E-02    2.777916836619E+01   -1.086272187648E-02   -4.277617642066E-04
    8.912511669514E-05   -4.355310272174E+03    4.461418337826E+03    3.257925315577E+00   -3.301568692850E+00    3.004663405568E-02   -3.168584109419E-02    2.746013608996E+01   -1.207698802022E-02   -4.255799127835E-04
    9.440611171657E-05   -4.084681030863E+03    4.189570445671E+03    3.053918301217E+00   -3.102177388728E+00    2.814797312974E-02   -2.977852208913E-02    2.714473334348E+01   -1.326270826935E-02   -4.232379617021E-04
    1.000000253568E-04   -3.830695618299E+03    3.934380244847E+03    2.862305888984E+00   -2.915071641663E+00    2.636641671775E-02   -2.798770665738E-02    2.683291751319E+01   -1.442020336601E-02   -4.207442150486E-04
    1.059253992091E-04   -3.592332369836E+03    3.694825907872E+03    2.682331136566E+00   -2.739495734056E+00    2.469478518310E-02   -2.630624672146E-02    2.652464642328E+01   -1.554979001502E-02   -4.181067780510E-04
    1.122018735254E-04   -3.368632313593E+03    3.469948301702E+03    2.513283507954E+00   -2.574740339168E+00    2.312633865977E-02   -2.472743321500E-02    2.621987832830E+01   -1.665178091329E-02   -4.153335594764E-04
    1.188502523153E-04   -3.158695322900E+03    3.258847140142E+03    2.354496025965E+00   -2.420139673753E+00    2.165475008624E-02   -2.324496912592E-02    2.591857190582E+01   -1.772648477675E-02   -4.124322740088E-04
    1.258925723037E-04   -2.961676506083E+03    3.060677373609E+03    2.205342600420E+00   -2.275068826342E+00    2.027407990267E-02   -2.185294420261E-02    2.562068624899E+01   -1.877420636679E-02   -4.094104445883E-04
    1.333521759735E-04   -2.776782817545E+03    2.874645800178E+03    2.065235520091E+00   -2.138941249285E+00    1.897875229860E-02   -2.054581121065E-02    2.532618085908E+01   -1.979524651571E-02   -4.062754047489E-04
    1.412537889366E-04   -2.603269876374E+03    2.700007884166E+03    1.933623098233E+00   -2.011206404377E+00    1.776353291508E-02   -1.931836364381E-02    2.503501563803E+01   -2.078990215051E-02   -4.030343009147E-04
    1.496236018893E-04   -2.440438980332E+03    2.536064770089E+03    1.809987462707E+00   -1.891347553083E+00    1.662350791579E-02   -1.816571480395E-02    2.474715088085E+01   -2.175846631587E-02   -3.996940946735E-04
    1.584893574245E-04   -2.287634303067E+03    2.382160479850E+03    1.693842481709E+00   -1.778879682336E+00    1.555406434207E-02   -1.708327816484E-02    2.446254726812E+01   -2.270122819587E-02   -3.962615650532E-04
    1.678804419868E-04   -2.144240263565E+03    2.237679282155E+03    1.584731816952E+00   -1.673347557814E+00    1.455087167501E-02   -1.606674894272E-02    2.418116585827E+01   -2.361847313388E-02   -3.927433107119E-04
    1.778279832772E-04   -2.009679055811E+03    2.102043222151E+03    1.482227095433E+00   -1.574323895779E+00    1.360986452007E-02   -1.511208678964E-02    2.390296807989E+01   -2.451048265254E-02   -3.891457522076E-04
    1.883649534286E-04   -1.883408331915E+03    1.974709804519E+03    1.385926194762E+00   -1.481407648475E+00    1.272722636724E-02   -1.421549956189E-02    2.362791572399E+01   -2.537753447050E-02   -3.854751341186E-04
    1.995262782958E-04   -1.764919026132E+03    1.855169817463E+03    1.295451632760E+00   -1.394222393796E+00    1.189937433837E-02   -1.337342807581E-02    2.335597093614E+01   -2.621990252007E-02   -3.817375272648E-04
    2.113489532207E-04   -1.653733312691E+03    1.742945290513E+03    1.210449056105E+00   -1.312414823991E+00    1.112294487231E-02   -1.258253180113E-02    2.308709620850E+01   -2.703785696147E-02   -3.779388308109E-04
    2.238721656565E-04   -1.549402688947E+03    1.637587577644E+03    1.130585821698E+00   -1.235653327092E+00    1.039478028812E-02   -1.183967543239E-02    2.282125437184E+01   -2.783166419724E-02   -3.740847744052E-04
    2.371374250594E-04   -1.451506176221E+03    1.538675558081E+03    1.055549665152E+00   -1.163626655444E+00    9.711916173095E-03   -1.114191628506E-02    2.255840858742E+01   -2.860158688445E-02   -3.701809202745E-04
    2.511887004750E-04   -1.359648630788E+03    1.445813947265E+03    9.850474507843E-01   -1.096042675756E+00    9.071569542585E-03   -1.048649246341E-02    2.229852233875E+01   -2.934788394583E-02   -3.662326652898E-04
    2.660725662789E-04   -1.273459158579E+03    1.358631711517E+03    9.188039983745E-01   -1.032627195888E+00    8.471127726638E-03   -9.870811755043E-03    2.204155942329E+01   -3.007081057938E-02   -3.622452430409E-04
    2.818383565518E-04   -1.192589627537E+03    1.276780580361E+03    8.565609821843E-01   -9.731228639119E-01    7.908137940943E-03   -9.292441209696E-03    2.178748394398E+01   -3.077061826647E-02   -3.582237258428E-04
    2.985383286022E-04   -1.116713270827E+03    1.199933649706E+03    7.980758972321E-01   -9.172881344144E-01    7.380297494489E-03   -8.749097354691E-03    2.153626030067E+01   -3.144755477865E-02   -3.541730267685E-04
    3.162278361789E-04   -1.045523375892E+03    1.127784070864E+03    7.431210890842E-01   -8.648962983116E-01    6.885444598727E-03   -8.238637011766E-03    2.128785318143E+01   -3.210186418282E-02   -3.500979016283E-04
    3.349655129464E-04   -9.787320539306E+02    1.060043820001E+03    6.914828431803E-01   -8.157345721913E-01    6.421549740394E-03   -7.759048677472E-03    2.104222755365E+01   -3.273378684469E-02   -3.460029509296E-04
    3.548134668321E-04   -9.160690849969E+02    9.964425431943E+02    6.429605301161E-01   -7.696032436096E-01    5.986707584198E-03   -7.308444433447E-03    2.079934865508E+01   -3.334355943141E-02   -3.418926218458E-04
    3.758374858894E-04   -8.572808335306E+02    9.367264719333E+02    5.973658030585E-01   -7.263148685095E-01    5.579129369123E-03   -6.885052350065E-03    2.055918198466E+01   -3.393141491140E-02   -3.377712101077E-04
    3.981072563587E-04   -8.021292310257E+02    8.806574057518E+02    5.545218448454E-01   -6.856935183232E-01    5.197135775186E-03   -6.487209360629E-03    2.032169329312E+01   -3.449758255413E-02   -3.336428619376E-04
    4.216965936497E-04   -7.503908208192E+02    8.280117569802E+02    5.142626610641E-01   -6.475740730426E-01    4.839150225552E-03   -6.113354570695E-03    2.008684857352E+01   -3.504228792685E-02   -3.295115759058E-04
    4.466836870101E-04   -7.018558614949E+02    7.785796541125E+02    4.764324165093E-01   -6.118015576655E-01    4.503692599395E-03   -5.762022978146E-03    1.985461405150E+01   -3.556575289072E-02   -3.253812048007E-04
    4.731513586915E-04   -6.563274853280E+02    7.321641002136E+02    4.408848123797E-01   -5.782305193736E-01    4.189373330499E-03   -5.431839578891E-03    1.962495617536E+01   -3.606819559485E-02   -3.212554574639E-04
    5.011873384724E-04   -6.136209083858E+02    6.885801829818E+02    4.074825017047E-01   -5.467244429340E-01    3.894887867865E-03   -5.121513834462E-03    1.939784160594E+01   -3.654983046862E-02   -3.171379005944E-04
    5.308845544473E-04   -5.735626890906E+02    6.476543332722E+02    3.760965406398E-01   -5.171552019639E-01    3.619011475917E-03   -4.829834479193E-03    1.917323720619E+01   -3.701086821288E-02   -3.130319605555E-04
    5.623414410462E-04   -5.359900321024E+02    6.092236289396E+02    3.466058733059E-01   -4.894025437311E-01    3.360594352372E-03   -4.555664644871E-03    1.895111003068E+01   -3.745151578866E-02   -3.089409251231E-04
    5.956622653057E-04   -5.007501352889E+02    5.731351417676E+02    3.188968485167E-01   -4.633536058389E-01    3.118557048003E-03   -4.297937287310E-03    1.873142731462E+01   -3.787197640513E-02   -3.048679452473E-04
    6.309574724727E-04   -4.676995764848E+02    5.392453241855E+02    2.928627659583E-01   -4.389024623538E-01    2.891886165323E-03   -4.055650891648E-03    1.851415646282E+01   -3.827244950511E-02   -3.008160367595E-04
    6.683440520859E-04   -4.367037379523E+02    5.074194336864E+02    2.684034502723E-01   -4.159496978326E-01    2.679630321448E-03   -3.827865441816E-03    1.829926503826E+01   -3.865313074953E-02   -2.967880820778E-04
    7.079459257502E-04   -4.076362661583E+02    4.775309925599E+02    2.454248512784E-01   -3.944020074813E-01    2.480896358502E-03   -3.613698637389E-03    1.808672075042E+01   -3.901421199983E-02   -2.927868318713E-04
    7.498943578865E-04   -3.803785647345E+02    4.494612808071E+02    2.238386687589E-01   -3.741718218706E-01    2.294845786572E-03   -3.412322342951E-03    1.787649144326E+01   -3.935588129910E-02   -2.888149067121E-04
    7.943283908219E-04   -3.548193184292E+02    4.230988600461E+02    2.035620001814E-01   -3.551769545826E-01    2.120691443886E-03   -3.222959254529E-03    1.766854508292E+01   -3.967832285130E-02   -2.848747986900E-04
    8.413953056587E-04   -3.308540463973E+02    3.983391267541E+02    1.845170101376E-01   -3.373402715678E-01    1.957694362614E-03   -3.044879771602E-03    1.746284974507E+01   -3.998171699926E-02   -2.809688730110E-04
    8.912511104532E-04   -3.083846829036E+02    3.750838929222E+02    1.666306200724E-01   -3.205893807866E-01    1.805160826802E-03   -2.877399061096E-03    1.725937360192E+01   -4.026624020089E-02   -2.770993695594E-04
    9.440610573198E-04   -2.873191836910E+02    3.532409923729E+02    1.498342170107E-01   -3.048563408422E-01    1.662439610213E-03   -2.719874301213E-03    1.705808490885E+01   -4.053206500414E-02   -2.732684044380E-04
    1.000000190176E-03   -2.675711565284E+02    3.327239112565E+02    1.340633801807E-01   -2.900773875056E-01    1.528919383632E-03   -2.571702094597E-03    1.685895199066E+01   -4.077936002050E-02   -2.694779714769E-04
    1.059253924943E-03   -2.490595144298E+02    3.134514412165E+02    1.192576244199E-01   -2.761926770164E-01    1.404026281103E-03   -2.432316040326E-03    1.666194322745E+01   -4.100828989720E-02   -2.657299437113E-04
    1.122018664127E-03   -2.317081501904E+02    2.953473538718E+02    1.053601593586E-01   -2.631460451576E-01    1.287221615580E-03   -2.301184455201E-03    1.646702704006E+01   -4.121901528824E-02   -2.620260748314E-04
    1.188502447811E-03   -2.154456307429E+02    2.783400951160E+02    9.231766327590E-02   -2.508847809971E-01    1.177999733545E-03   -2.177808233878E-03    1.627417187508E+01   -4.141169282429E-02   -2.583680005956E-04
    1.258925643231E-03   -2.002049105039E+02    2.623624984060E+02    8.008007101069E-02   -2.393594146814E-01    1.075886002711E-03   -2.061718841977E-03    1.608334618944E+01   -4.158647508166E-02   -2.547572402160E-04
    1.333521675200E-03   -1.859230621598E+02    2.473515154878E+02    6.860037478278E-02   -2.285235181342E-01    9.804349220402E-04   -1.952476431344E-03    1.589451843453E+01   -4.174351055039E-02   -2.511951977031E-04
    1.412537799822E-03   -1.725410240081E+02    2.332479636769E+02    5.783443726772E-02   -2.183335180069E-01    8.912283477911E-04   -1.849668071247E-03    1.570765703979E+01   -4.188294360175E-02   -2.476831631800E-04
    1.496235924044E-03   -1.600033628060E+02    2.199962886429E+02    4.774081615021E-02   -2.087485201044E-01    8.078738283268E-04   -1.752906088158E-03    1.552273039591E+01   -4.200491445523E-02   -2.442223141545E-04
    1.584893473776E-03   -1.482580511831E+02    2.075443417568E+02    3.828059945702E-02   -1.997301445897E-01    7.300030410229E-04   -1.661826507520E-03    1.533970683739E+01   -4.210955914532E-02   -2.408137167567E-04
    1.678804313446E-03   -1.372562586899E+02    1.958431710729E+02    2.941725098366E-02   -1.912423712798E-01    6.572703248246E-04   -1.576087590983E-03    1.515855462466E+01   -4.219700948826E-02   -2.374583269304E-04
    1.778279720043E-03   -1.269521556684E+02    1.848468251287E+02    2.111646520971E-02   -1.832513944326E-01    5.893513027014E-04   -1.495368463402E-03    1.497924192566E+01   -4.226739304910E-02   -2.341569915881E-04
    1.883649414877E-03   -1.173027292192E+02    1.745121688419E+02    1.334603116809E-02   -1.757254864869E-01    5.259415889698E-04   -1.419367824521E-03    1.480173679678E+01   -4.232083310929E-02   -2.309104497153E-04
    1.995262656475E-03   -1.082676104080E+02    1.647987106419E+02    6.075704630998E-03   -1.686348701228E-01    4.667555754418E-04   -1.347802739324E-03    1.462600716326E+01   -4.235744863526E-02   -2.277193334343E-04
    2.113489398229E-03   -9.980891209415E+01    1.556684402232E+02   -7.229118434119E-04   -1.619515981863E-01    4.115252920993E-04   -1.280407502720E-03    1.445202079908E+01   -4.237735424832E-02   -2.245841690146E-04
    2.238721514648E-03   -9.189107671366E+01    1.470856762498E+02   -7.076481498601E-03   -1.556494409846E-01    3.599993376245E-04   -1.216932573901E-03    1.427974530608E+01   -4.238066019625E-02   -2.215053778357E-04
    2.371374100268E-03   -8.448073341921E+01    1.390169234145E+02   -1.301003904530E-02   -1.497037805114E-01    3.119418755762E-04   -1.157143576148E-03    1.410914809262E+01   -4.236747232726E-02   -2.184832772967E-04
    2.511886845517E-03   -7.754656394112E+01    1.314307382173E+02   -1.854708987549E-02   -1.440915111314E-01    2.671316918077E-04   -1.100820357671E-03    1.394019635151E+01   -4.233789206660E-02   -2.155180816676E-04
    2.660725494121E-03   -7.105917674842E+01    1.242976030402E+02   -2.370970313841E-02   -1.387909464152E-01    2.253613101241E-04   -1.047756110478E-03    1.377285703735E+01   -4.229201639662E-02   -2.126099028884E-04
    2.818383386855E-03   -6.499098890690E+01    1.175898079182E+02   -2.851859912476E-02   -1.337817316783E-01    1.864361620221E-04   -9.977565430877E-04    1.360709684321E+01   -4.222993784086E-02   -2.097587513012E-04
    2.985383096773E-03   -5.931611518724E+01    1.112813395561E+02   -3.299323129236E-02   -1.290447618959E-01    1.501738073295E-04   -9.506391039264E-04    1.344288217663E+01   -4.215174445290E-02   -2.069645363248E-04
    3.162278161326E-03   -5.401026398616E+01    1.053477771573E+02   -3.715186325681E-02   -1.245621046699E-01    1.164032027285E-04   -9.062322523465E-04    1.328017913504E+01   -4.205751981084E-02   -2.042270670609E-04
    3.349654917123E-03   -4.905063964044E+01    9.976619464180E+01   -4.101164106039E-02   -1.203169279415E-01    8.496401520904E-05   -8.643747743238E-04    1.311895348042E+01   -4.194734301812E-02   -2.015460528316E-04
    3.548134443398E-03   -4.441585074204E+01    9.451506886358E+01   -4.458866101056E-02   -1.162934321584E-01    5.570597770971E-05   -8.249151400812E-04    1.295917061340E+01   -4.182128871200E-02   -1.989211036478E-04
    3.758374620643E-03   -4.008582405678E+01    8.957419342846E+01   -4.789803338363E-02   -1.124767866068E-01    2.848828418629E-05   -7.877109008524E-04    1.280079554667E+01   -4.167942708029E-02   -1.963517306014E-04
    3.981072311218E-03   -3.604172378213E+01    8.492459784878E+01   -5.095394219221E-02   -1.088530697131E-01    3.179022239859E-06   -7.526281229254E-04    1.264379287777E+01   -4.152182388811E-02   -1.938373461821E-04
    4.216965669175E-03   -3.226587572714E+01    8.054847161784E+01   -5.376970132622E-02   -1.054092130107E-01   -2.034535958697E-05   -7.195408560461E-04    1.248812676128E+01   -4.134854051544E-02   -1.913772645142E-04
    4.466836586940E-03   -2.874169615976E+01    7.642909294923E+01   -5.635780725917E-02   -1.021329485842E-01   -4.220055164105E-05   -6.883306343917E-04    1.233376088036E+01   -4.115963400724E-02   -1.889707015113E-04
    4.731513286975E-03   -2.545362502572E+01    7.255076188549E+01   -5.872998854084E-02   -9.901275977701E-02   -6.249485216621E-05   -6.588860080417E-04    1.218065841785E+01   -4.095515713751E-02   -1.866167749469E-04
    5.011873067012E-03   -2.238706327480E+01    6.889873751206E+01   -6.089725227511E-02   -9.603783496810E-02   -8.132960734088E-05   -6.311021030902E-04    1.202878202671E+01   -4.073515848914E-02   -1.843145044373E-04
    5.308845207934E-03   -1.952831402530E+01    6.545917900730E+01   -6.286992778502E-02   -9.319802422407E-02   -9.879962421411E-05   -6.048802085216E-04    1.187809380009E+01   -4.049968255124E-02   -1.820628113365E-04
    5.623414053982E-03   -1.686452735657E+01    6.221909031879E+01   -6.465770762448E-02   -9.048379867313E-02   -1.149935580112E-04   -5.801273883661E-04    1.172855524092E+01   -4.024876983617E-02   -1.798605185395E-04
    5.956622275455E-03   -1.438364849892E+01    5.916626823553E+01   -6.626968611093E-02   -8.788621243574E-02   -1.299942754069E-04   -5.567561175344E-04    1.158012723120E+01   -3.998245701841E-02   -1.777063501941E-04
    6.309574324750E-03   -1.207436919882E+01    5.628925363385E+01   -6.771439554768E-02   -8.539686695113E-02   -1.438791953235E-04   -5.346839397669E-04    1.143277000098E+01   -3.970077709769E-02   -1.755989313196E-04
    6.683440097183E-03   -9.926082077622E+00    5.357728571609E+01   -6.899984027501E-02   -8.300787757051E-02   -1.567206085099E-04   -5.138331464383E-04    1.128644309717E+01   -3.940375958895E-02   -1.735367873318E-04
    7.079458808720E-03   -7.928837796847E+00    5.102025905499E+01   -7.013352869333E-02   -8.071184228371E-02   -1.685859772090E-04   -4.941304749097E-04    1.114110535234E+01   -3.909143074207E-02   -1.715183434762E-04
    7.498943103492E-03   -6.073304861990E+00    4.860868327655E+01   -7.112250338867E-02   -7.850181246073E-02   -1.795382160783E-04   -4.755068252621E-04    1.099671485349E+01   -3.876381379451E-02   -1.695419241684E-04
    7.943283404678E-03   -4.350731880838E+00    4.633364519754E+01   -7.197336950168E-02   -7.637126547750E-02   -1.896359556518E-04   -4.578969941354E-04    1.085322891114E+01   -3.842092925983E-02   -1.676057522472E-04
    8.413952523210E-03   -2.752912169828E+00    4.418677331205E+01   -7.269232142704E-02   -7.431407915505E-02   -1.989337890737E-04   -4.412394249397E-04    1.071060402867E+01   -3.806279525636E-02   -1.657079481398E-04
    8.912510539550E-03   -1.272150521171E+00    4.216020444025E+01   -7.328516798758E-02   -7.232450787929E-02   -2.074825034202E-04   -4.254759731485E-04    1.056879587238E+01   -3.768942787949E-02   -1.638465289484E-04
    9.440609974739E-03    9.876798258555E-02    4.024655242690E+01   -7.375735617536E-02   -7.039716032580E-02   -2.153292963922E-04   -4.105516859014E-04    1.042775924219E+01   -3.730084162181E-02   -1.620194074609E-04
    1.000000126784E-02    1.366607235200E+00    3.843887876182E+01   -7.411399356315E-02   -6.852697870251E-02   -2.225179792850E-04   -3.964145950416E-04    1.028744804352E+01   -3.689704984577E-02   -1.602243910974E-04
    1.059253857795E-02    2.537707572066E+00    3.673066500579E+01   -7.435986948248E-02   -6.670921943227E-02   -2.290891670508E-04   -3.830155228028E-04    1.014781526040E+01   -3.647806531389E-02   -1.584591808012E-04
    1.122018593000E-02    3.618011548449E+00    3.511578690879E+01   -7.449947506230E-02   -6.493943519967E-02   -2.350804562652E-04   -3.703078993754E-04    1.000881293026E+01   -3.604390078133E-02   -1.567213698878E-04
    1.188502372469E-02    4.613088134556E+00    3.358849011787E+01   -7.453702221585E-02   -6.321345829544E-02   -2.405265917256E-04   -3.582475916797E-04    9.870392120738E+00   -3.559456965665E-02   -1.550084428692E-04
    1.258925563425E-02    5.528155414200E+00    3.214336738940E+01   -7.447646165242E-02   -6.152738520555E-02   -2.454596223024E-04   -3.467927427830E-04    9.732502908839E+00   -3.513008673737E-02   -1.533177742712E-04
    1.333521590666E-02    6.368101896557E+00    3.077533719766E+01   -7.432150000616E-02   -5.987756237393E-02   -2.499090468245E-04   -3.359036212612E-04    9.595094363031E+00   -3.465046902572E-02   -1.516466274684E-04
    1.412537710278E-02    7.137506516977E+00    2.947962366569E+01   -7.407561615214E-02   -5.826057309521E-02   -2.539019505503E-04   -3.255424800400E-04    9.458114528660E+00   -3.415573663206E-02   -1.499921535641E-04
    1.496235829195E-02    7.840657410558E+00    2.825173773662E+01   -7.374207678604E-02   -5.667322548777E-02   -2.574631328384E-04   -3.156734242144E-04    9.321510417317E+00   -3.364591377307E-02   -1.483513903469E-04
    1.584893373306E-02    8.481569533551E+00    2.708745951275E+01   -7.332395133886E-02   -5.511254150496E-02   -2.606152265753E-04   -3.062622874125E-04    9.185228000780E+00   -3.312102987252E-02   -1.467212613635E-04
    1.678804207023E-02    9.064001211664E+00    2.598282168551E+01   -7.282412629991E-02   -5.357574693811E-02   -2.633788099575E-04   -2.972765162558E-04    9.049212210199E+00   -3.258112077187E-02   -1.450985751489E-04
    1.778279607314E-02    9.591469670264E+00    2.493409400448E+01   -7.224531900966E-02   -5.206026238722E-02   -2.657725110642E-04   -2.886850626557E-04    8.913406941365E+00   -3.202623006072E-02   -1.434800246682E-04
    1.883649295469E-02    1.006726562032E+01    2.393776871438E+01   -7.159009099386E-02   -5.056369515765E-02   -2.678131058006E-04   -2.804582835675E-04    8.777755066894E+00   -3.145641053498E-02   -1.418621870279E-04
    1.995262529991E-02    1.049446695858E+01    2.299054690515E+01   -7.086086090284E-02   -4.908383205436E-02   -2.695156096983E-04   -2.725678479428E-04    8.642198456289E+00   -3.087172579209E-02   -1.402415235231E-04
    2.113489264250E-02    1.087595163712E+01    2.208932572348E+01   -7.005991711849E-02   -4.761863304873E-02   -2.708933640485E-04   -2.649866506747E-04    8.506678004937E+00   -3.027225197322E-02   -1.386143800992E-04
    2.238721372731E-02    1.121440975645E+01    2.123118639613E+01   -6.918943009202E-02   -4.616622579273E-02   -2.719581168574E-04   -2.576887333494E-04    8.371133673223E+00   -2.965807966228E-02   -1.369769883144E-04
    2.371373949942E-02    1.151235493245E+01    2.041338301921E+01   -6.825146447386E-02   -4.472490095918E-02   -2.727200990994E-04   -2.506492116777E-04    8.235504537062E+00   -2.902931595214E-02   -1.353254669065E-04
    2.511886686283E-02    1.177213498953E+01    1.963333206561E+01   -6.724799109697E-02   -4.329310838114E-02   -2.731880967827E-04   -2.438442094624E-04    8.099728851140E+00   -2.838608668688E-02   -1.336558240652E-04
    2.660725325452E-02    1.199594201458E+01    1.888860258283E+01   -6.618089887265E-02   -4.186945398558E-02   -2.733695192513E-04   -2.372507991732E-04    7.963744126682E+00   -2.772853889386E-02   -1.319639605572E-04
    2.818383208192E-02    1.218582182683E+01    1.817690703085E+01   -6.505200666019E-02   -4.045269748744E-02   -2.732704643009E-04   -2.308469490030E-04    7.827487225181E+00   -2.705684341242E-02   -1.302456738269E-04
    2.985382907523E-02    1.234368289829E+01    1.749609273282E+01   -6.386307516864E-02   -3.904175083403E-02   -2.728957805891E-04   -2.246114765119E-04    7.690894470076E+00   -2.637119773110E-02   -1.284966632421E-04
    3.162277960863E-02    1.247130476524E+01    1.684413390536E+01   -6.261581894942E-02   -3.763567737951E-02   -2.722491278901E-04   -2.185240089370E-04    7.553901778368E+00   -2.567182904274E-02   -1.267125366602E-04
    3.349654704782E-02    1.257034596737E+01    1.621912423961E+01   -6.131191853839E-02   -3.623369177105E-02   -2.713330357612E-04   -2.125649503119E-04    7.416444814425E+00   -2.495899752687E-02   -1.248888185143E-04
    3.548134218475E-02    1.264235155219E+01    1.561927000414E+01   -5.995303280355E-02   -3.483516052265E-02   -2.701489612252E-04   -2.067154555449E-04    7.278459168212E+00   -2.423299986638E-02   -1.230209596300E-04
    3.758374382392E-02    1.268876017643E+01    1.504288364745E+01   -5.854081155605E-02   -3.343960325683E-02   -2.686973461011E-04   -2.009574117217E-04    7.139880560679E+00   -2.349417300700E-02   -1.211043490209E-04
    3.981072058850E-02    1.271091083771E+01    1.448837787758E+01   -5.707690848072E-02   -3.204669458722E-02   -2.669776746798E-04   -1.952734269116E-04    7.000645079137E+00   -2.274289816493E-02   -1.191343279342E-04
    4.216965401853E-02    1.271004927032E+01    1.395426019491E+01   -5.556299443781E-02   -3.065626660652E-02   -2.649885324769E-04   -1.896468267453E-04    6.860689445409E+00   -2.197960508470E-02   -1.171062064188E-04
    4.466836303778E-02    1.268733403412E+01    1.343912786172E+01   -5.400077118891E-02   -2.926831194567E-02   -2.627276668599E-04   -1.840616591542E-04    6.719951320091E+00   -2.120477654901E-02   -1.150152827415E-04
    4.731512987035E-02    1.264384232709E+01    1.294166329050E+01   -5.239198559569E-02   -2.788298735866E-02   -2.601920504139E-04   -1.785027076548E-04    6.578369646315E+00   -2.041895313824E-02   -1.128568659879E-04
    5.011872749299E-02    1.258057555024E+01    1.246062983612E+01   -5.073844433799E-02   -2.650061778067E-02   -2.573779479960E-04   -1.729555136215E-04    6.435885036731E+00   -1.962273823363E-02   -1.106263022248E-04
    5.308844871396E-02    1.249846465544E+01    1.199486797409E+01   -4.904202918615E-02   -2.512170079286E-02   -2.542809884361E-04   -1.674064078993E-04    6.292440207038E+00   -1.881680325153E-02   -1.083190045695E-04
    5.623413697503E-02    1.239837530067E+01    1.154329185880E+01   -4.730471287343E-02   -2.374691142416E-02   -2.508962420999E-04   -1.618425524036E-04    6.147980461013E+00   -1.800189309646E-02   -1.059304876644E-04
    5.956621897853E-02    1.228111284414E+01    1.110488624349E+01   -4.552857558597E-02   -2.237710719345E-02   -2.472183054281E-04   -1.562519920082E-04    6.002454230399E+00   -1.717883180608E-02   -1.034564069197E-04
    6.309573924774E-02    1.214742720328E+01    1.067870375372E+01   -4.371582209219E-02   -2.101333328792E-02   -2.432413937878E-04   -1.506237172439E-04    5.855813674299E+00   -1.634852835908E-02   -1.008926030074E-04
    6.683439673506E-02    1.199801760622E+01    1.026386250403E+01   -4.186879951811E-02   -1.965682775113E-02   -2.389594440500E-04   -1.449477382277E-04    5.708015342478E+00   -1.551198260604E-02   -9.823515207107E-05
    7.079458359939E-02    1.183353726316E+01    9.859544048205E+00   -3.999001576093E-02   -1.830902653189E-02   -2.343662284253E-04   -1.392151702024E-04    5.559020907097E+00   -1.467029127267E-02   -9.548042212812E-05
    7.498942628119E-02    1.165459798524E+01    9.464991653396E+00   -3.808215851523E-02   -1.697156822124E-02   -2.294554811779E-04   -1.334183309605E-04    5.408797967225E+00   -1.382465397253E-02   -9.262513612443E-05
    7.943282901137E-02    1.146177477793E+01    9.079508888045E+00   -3.614811486570E-02   -1.564629827992E-02   -2.242210399310E-04   -1.275508503066E-04    5.257320930300E+00   -1.297637915356E-02   -8.966644207996E-05
    8.413951989832E-02    1.125561043679E+01    8.702458517058E+00   -3.419099137991E-02   -1.433527251404E-02   -2.186570035580E-04   -1.216077917102E-04    5.104571975572E+00   -1.212688988276E-02   -8.660199082324E-05
    8.912509974568E-02    1.103662017320E+01    8.333261689418E+00   -3.221413459281E-02   -1.304075954150E-02   -2.127579086523E-04   -1.155857857996E-04    4.950542102227E+00   -1.127772935929E-02   -8.343002164005E-05
    9.440609376280E-02    1.080529629744E+01    7.971397408793E+00   -3.022115174982E-02   -1.176524193939E-02   -2.065189258949E-04   -1.094831753605E-04    4.795232266114E+00   -1.043056602258E-02   -8.014945603295E-05
    1.000000063392E-01    1.056211298657E+01    7.616402273017E+00   -2.821593162662E-02   -1.051141572661E-02   -1.999360801966E-04   -1.033001710228E-04    4.638654607523E+00   -9.587198099310E-03   -7.676000014052E-05
    1.059253790647E-01    1.030753116472E+01    7.267870466690E+00   -2.620266518947E-02   -9.282187785923E-03   -1.930064963757E-04   -9.703901648383E-05    4.480833771826E+00   -8.749557403976E-03   -7.326225582373E-05
    1.122018521873E-01    1.004200352108E+01    6.925453986510E+00   -2.418586583308E-02   -8.080670808191E-03   -1.857286598788E-04   -9.070416174053E-05    4.321808322784E+00   -7.919712194053E-03   -6.965783781468E-05
    1.188502297128E-01    9.765979693360E+00    6.588863078752E+00   -2.217038875836E-02   -6.910175242465E-03   -1.781027459978E-04   -8.430244141703E-05    4.161632248415E+00   -7.099868810120E-03   -6.594950679140E-05
    1.258925483619E-01    9.479911640412E+00    6.257866859324E+00   -2.016144916087E-02   -5.774197713934E-03   -1.701309018280E-04   -7.784325653199E-05    4.000376555642E+00   -6.292371844105E-03   -6.214129441224E-05
    1.333521506131E-01    9.184259224920E+00    5.932294082969E+00   -1.816463886752E-02   -4.676405464399E-03   -1.618176628415E-04   -7.133875704081E-05    3.838130947832E+00   -5.499702605920E-03   -5.823865633668E-05
    1.412537620735E-01    8.879496031783E+00    5.612034021472E+00   -1.618593940493E-02   -3.620615631838E-03   -1.531702991310E-04   -6.480400766597E-05    3.675005577883E+00   -4.724475052278E-03   -5.424860536147E-05
    1.496235734345E-01    8.566115429377E+00    5.297037401852E+00   -1.423173376036E-02   -2.610769776934E-03   -1.441993012216E-04   -5.825716012654E-05    3.511132862616E+00   -3.969429789791E-03   -5.017987592629E-05
    1.584893272837E-01    8.244636891598E+00    4.987317346711E+00   -1.230881262312E-02   -1.650901814758E-03   -1.349187990092E-04   -5.171959302163E-05    3.346669343415E+00   -3.237424627957E-03   -4.604306401143E-05
    1.678804100600E-01    7.915612587182E+00    4.682950246712E+00   -1.042437567440E-02   -7.450991280034E-04   -1.253470812626E-04   -4.521602624641E-05    3.181797571066E+00   -2.531421716300E-03   -4.185077910988E-05
    1.778279494585E-01    7.579634227640E+00    4.384076483224E+00   -8.586026620888E-03    1.025438375393E-04   -1.155071204986E-04   -3.877459950961E-05    3.016727985735E+00   -1.854470742295E-03   -3.761778531014E-05
    1.883649176061E-01    7.237340163153E+00    4.090900904615E+00   -6.801760211860E-03    8.879803573477E-04   -1.054271275620E-04   -3.242690005166E-05    2.851700757142E+00   -1.209687512938E-03   -3.336113114088E-05
    1.995262403507E-01    6.889422698343E+00    3.803692943433E+00   -5.079939628985E-03    1.607275242989E-03   -9.514112550171E-05   -2.620792643278E-05    2.686987540655E+00   -6.002273452756E-04   -2.910026142570E-05
    2.113489130272E-01    6.536635583426E+00    3.522786244021E+00   -3.429262306662E-03    2.256678285771E-03   -8.468953318498E-05   -2.015597246050E-05    2.522893095215E+00   -2.925263805966E-05   -2.485710352920E-05
    2.238721230814E-01    6.179801615013E+00    3.248577650598E+00   -1.858711970454E-03    2.832707792476E-03   -7.411974548958E-05   -1.431241327520E-05    2.359756697544E+00    5.001060147480E-04   -2.065611886987E-05
    2.371373799615E-01    5.819820254414E+00    2.981525385144E+00   -3.774943987131E-04    3.332244472948E-03   -6.348669244721E-05   -8.721373641761E-06    2.197953274046E+00    9.847957978215E-04   -1.652430890920E-05
    2.511886527050E-01    5.457675138775E+00    2.722146222682E+00    1.005045882118E-03    3.752635656276E-03   -5.285335422529E-05   -3.429256692307E-06    2.037894157052E+00    1.421895328971E-03   -1.249116300056E-05
    2.660725156783E-01    5.094441320464E+00    2.471011449447E+00    2.279531052358E-03    4.091809428065E-03   -4.229120214458E-05    1.515890072711E-06    1.880027355590E+00    1.808676515459E-03   -8.588533524844E-06
    2.818383029529E-01    4.731292021555E+00    2.228741368082E+00    3.436680965201E-03    4.348397773503E-03   -3.188052785148E-05    6.065195525913E-06    1.724837212723E+00    2.142675013061E-03   -4.850421712792E-06
    2.985382718274E-01    4.369504631183E+00    1.995998094155E+00    4.467473233230E-03    4.521867156894E-03   -2.171061303007E-05    1.016999630995E-05    1.572843301610E+00    2.421769509438E-03   -1.312655495294E-06
    3.162277760400E-01    4.010465602596E+00    1.773476372830E+00    5.363336216181E-03    4.612654135594E-03   -1.187968051547E-05    1.378310125484E-05    1.424598391584E+00    2.644269792942E-03    1.987561186887E-06
    3.349654492440E-01    3.655673820934E+00    1.561892134251E+00    6.116378771157E-03    4.622302568591E-03   -2.494553942474E-06    1.686030778372E-05    1.280685293299E+00    2.809013213396E-03    5.012249886203E-06
    3.548133993551E-01    3.306741911150E+00    1.361968506755E+00    6.719660521306E-03    4.553597701665E-03    6.330062829759E-06    1.936218302620E-05    1.141712370252E+00    2.915468659386E-03    7.723433355919E-06
    3.758374144141E-01    2.965394833423E+00    1.174419020210E+00    7.167506070823E-03    4.410690860463E-03    1.447279389217E-05    2.125611257533E-05    1.008307482486E+00    2.963846547602E-03    1.008410924794E-05
    3.981071806482E-01    2.633464970270E+00    9.999277662333E-01    7.455865887663E-03    4.199206634913E-03    2.180741547205E-05    2.251860497263E-05    8.811101099944E-01    2.955212501436E-03    1.205944462440E-05
    4.216965134532E-01    2.312882739545E+00    8.391263430791E-01    7.582725378408E-03    3.926322265724E-03    2.820544843882E-05    2.313781875993E-05    7.607613890943E-01    2.891601355100E-03    1.361821138259E-05
    4.466836020616E-01    2.005661569235E+00    6.925675128686E-01    7.548561744825E-03    3.600806453309E-03    3.353969752694E-05    2.311624911614E-05    6.478917890947E-01    2.776126806782E-03    1.473447726013E-05
    4.731512687095E-01    1.713875837693E+00    5.606956494950E-01    7.356845259230E-03    3.233002021922E-03    3.768894357733E-05    2.247347035085E-05    5.431061622139E-01    2.613080410250E-03    1.538955799839E-05
    5.011872431586E-01    1.439630112755E+00    4.438142751649E-01    7.014577180473E-03    2.834733869918E-03    4.054402331073E-05    2.124877574282E-05    4.469659228517E-01    2.408011578403E-03    1.557422204486E-05
    5.308844534858E-01    1.185017711359E+00    3.420512950531E-01    6.532850017504E-03    2.419120608051E-03    4.201555672929E-05    1.950348384296E-05    3.599681607998E-01    2.167777814449E-03    1.529111797768E-05
    5.623413341023E-01    9.520662377101E-01    2.553229723292E-01    5.927406272323E-03    2.000265514646E-03    4.204360091806E-05    1.732258603548E-05    2.825215755296E-01    1.900551397379E-03    1.455736420510E-05
    5.956621520251E-01    7.426673440137E-01    1.832982798821E-01    5.219157657737E-03    1.592800570358E-03    4.060950814856E-05    1.481528989474E-05    2.149192503403E-01    1.615765164346E-03    1.340719647382E-05
    6.309573524797E-01    5.584874711361E-01    1.253660724831E-01    4.434605653166E-03    1.211257250537E-03    3.775024272840E-05    1.211386153337E-05    1.573084801655E-01    1.323975683489E-03    1.189450896808E-05
    6.683439249830E-01    4.008557736605E-01    8.060861135499E-02    3.606071543206E-03    8.692413815911E-04    3.357527178597E-05    9.369989038442E-06    1.096581507569E-01    1.036616771953E-03    1.009503106333E-05
    7.079457911159E-01    2.706247772013E-01    4.778643657491E-02    2.771593826414E-03    5.783994442741E-04    2.828596347166E-05    6.747677319733E-06    7.172456523682E-02    7.656097726120E-04    8.107769102558E-06
    7.498942152746E-01    1.679985518249E-01    2.534154176871E-02    1.974264289128E-03    3.471861347782E-04    2.219677215323E-05    4.411475659890E-06    4.301716729154E-02    5.227875657912E-04    6.055136152673E-06
    7.943282397597E-01    9.232226636000E-02    1.142842741672E-02    1.260625260490E-03    1.794875289997E-04    1.575628735990E-05    2.508688513157E-06    2.276636497851E-02    3.190751867698E-04    4.080897713798E-06
    8.413951456455E-01    4.182587996213E-02    3.986117041006E-03    6.774580195030E-04    7.324185981185E-05    9.563092516053E-06    1.144326643594E-06    9.896681067275E-03    1.633420060179E-04    2.344469518108E-06
    8.912509409587E-01    1.331339137911E-02    8.689156222602E-04    2.656452815966E-04    1.937640895368E-05    4.362935281236E-06    3.484592494237E-07    3.009832382454E-03    6.077194831401E-05    1.008719287485E-06
    9.440608777821E-01    1.787595399079E-03    5.996874025388E-05    4.800151220134E-05    1.767224572389E-06    9.847063328952E-07    3.918671201329E-08    3.842111287000E-04    1.037220298676E-05    2.138060621863E-07
