# Q1 =   100.0000 , Q2 =   500.0000
# x  F3Wp(LO) F3Wm(LO) F3Wp(NLO) F3Wm(NLO) F3Wp(NNLO) F3Wm(NNLO) F3Z(LO) F3Z(NLO) F3Z(NNLO)
    1.000000316960E-05   -4.897126596780E+04    4.913469084173E+04    5.116143717147E+01   -4.988320655502E+01    4.329621780530E-01   -4.203024589032E-01    4.229435371030E+01    3.293647582756E-01    3.247667367173E-03
    1.059254059240E-05   -4.596128194697E+04    4.612283578881E+04    4.805861891477E+01   -4.680433845597E+01    4.066912944850E-01   -3.943673199915E-01    4.181012731613E+01    3.231751047210E-01    3.161324823949E-03
    1.122018806381E-05   -4.313604341045E+04    4.329574762250E+04    4.514544074267E+01   -4.391478110967E+01    3.820238209252E-01   -3.700281357303E-01    4.133143971843E+01    3.170706828615E-01    3.076903774154E-03
    1.188502598494E-05   -4.048421408103E+04    4.064208981988E+04    4.241027724263E+01   -4.120291287307E+01    3.588615779052E-01   -3.471868636481E-01    4.085822732215E+01    3.110505163061E-01    2.994368828955E-03
    1.258925802843E-05   -3.799515326005E+04    3.815122143936E+04    3.984221619648E+01   -3.865782525255E+01    3.371124060700E-01   -3.257514794099E-01    4.039042725046E+01    3.051136411307E-01    2.913685108122E-03
    1.333521844269E-05   -3.565887314806E+04    3.581315444132E+04    3.743101481466E+01   -3.626927914625E+01    3.166897968851E-01   -3.056356071162E-01    3.992797733727E+01    2.992591040558E-01    2.834818246767E-03
    1.412537978909E-05   -3.346599878415E+04    3.361851362736E+04    3.516705867323E+01   -3.402766376862E+01    2.975125458814E-01   -2.867581742732E-01    3.947081611806E+01    2.934859626985E-01    2.757734370888E-03
    1.496236113743E-05   -3.140773044335E+04    3.155849903774E+04    3.304132315294E+01   -3.192395810071E+01    2.795044274369E-01   -2.690430839832E-01    3.901888282161E+01    2.877932855293E-01    2.682400103065E-03
    1.584893674715E-05   -2.947580834125E+04    2.962485065589E+04    3.104533725378E+01   -2.994969470034E+01    2.625938890400E-01   -2.524189111695E-01    3.857211736129E+01    2.821801516507E-01    2.608782551460E-03
    1.678804526291E-05   -2.766247950425E+04    2.780981527869E+04    2.917114962603E+01   -2.809692573546E+01    2.467137649742E-01   -2.368186155422E-01    3.813046032748E+01    2.766456507822E-01    2.536849310498E-03
    1.778279945500E-05   -2.596046667262E+04    2.610611541944E+04    2.741129668776E+01   -2.635819110132E+01    2.318010069890E-01   -2.221792724706E-01    3.769385297762E+01    2.711888830565E-01    2.466568446946E-03
    1.883649653694E-05   -2.436293911156E+04    2.450692011897E+04    2.575877269746E+01   -2.472648849361E+01    2.177964317726E-01   -2.084418204434E-01    3.726223722913E+01    2.658089589386E-01    2.397908504902E-03
    1.995262909442E-05   -2.286348521330E+04    2.300581754762E+04    2.420700166315E+01   -2.319524531810E+01    2.046444841073E-01   -1.955508239905E-01    3.683555565138E+01    2.605049990990E-01    2.330838492131E-03
    2.113489666185E-05   -2.145608678019E+04    2.159678928837E+04    2.274981097498E+01   -2.175829232396E+01    1.922930133221E-01   -1.834542511802E-01    3.641375145738E+01    2.552761343074E-01    2.265327874329E-03
    2.238721798482E-05   -2.013509488585E+04    2.027418619788E+04    2.138140665764E+01   -2.040983885547E+01    1.806930659280E-01   -1.721032647199E-01    3.599676849583E+01    2.501215054276E-01    2.201346578299E-03
    2.371374400920E-05   -1.889520721730E+04    1.903270574869E+04    2.009635013223E+01   -1.914444961640E+01    1.697986885368E-01   -1.614520259417E-01    3.558455124310E+01    2.450402628633E-01    2.138864975297E-03
    2.511887163984E-05   -1.773144680740E+04    1.786737076155E+04    1.888953642163E+01   -1.795702287373E+01    1.595667440412E-01   -1.514575107459E-01    3.517704479592E+01    2.400315671376E-01    2.077853888887E-03
    2.660725831458E-05   -1.663914207228E+04    1.677350944285E+04    1.775617367550E+01   -1.684276998370E+01    1.499567386996E-01   -1.420793368869E-01    3.477419486158E+01    2.350945882700E-01    2.018284573588E-03
    2.818383744181E-05   -1.561390807349E+04    1.574673664674E+04    1.669176396035E+01   -1.579719618414E+01    1.409306607894E-01   -1.332796018345E-01    3.437594775223E+01    2.302285058362E-01    1.960128725150E-03
    2.985383475271E-05   -1.465162893001E+04    1.478293628709E+04    1.569208522626E+01   -1.481608255876E+01    1.324528274109E-01   -1.250227307831E-01    3.398225037637E+01    2.254325088551E-01    1.903358467113E-03
    3.162278562252E-05   -1.374844130932E+04    1.387824482858E+04    1.475317438205E+01   -1.389546911314E+01    1.244897414193E-01   -1.172753330843E-01    3.359305023136E+01    2.207057956747E-01    1.847946351202E-03
    3.349655341806E-05   -1.290071893153E+04    1.302903579073E+04    1.387131140457E+01   -1.303163888668E+01    1.170099587163E-01   -1.100060692368E-01    3.320829539562E+01    2.160475738768E-01    1.793865344450E-03
    3.548134893245E-05   -1.210505802416E+04    1.223190520272E+04    1.304300442923E+01   -1.222110304158E+01    1.099839610963E-01   -1.031855243220E-01    3.282793452142E+01    2.114570601674E-01    1.741088833352E-03
    3.758375097145E-05   -1.135826366956E+04    1.148365795073E+04    1.226497574441E+01   -1.146058685807E+01    1.033840391705E-01   -9.678609004379E-02    3.245191682665E+01    2.069334802920E-01    1.689590611956E-03
    3.981072815955E-05   -1.065733698986E+04    1.078129496290E+04    1.153414866280E+01   -1.074701660636E+01    9.718418024508E-02   -9.078185385244E-02    3.208019208727E+01    2.024760688979E-01    1.639344882740E-03
    4.216966203819E-05   -9.999463118370E+03    1.012200118064E+04    1.084763518135E+01   -1.007750720691E+01    9.135996506666E-02   -8.514849487860E-02    3.171271063058E+01    1.980840694703E-01    1.590326246636E-03
    4.466837153263E-05   -9.381999908910E+03    9.503134268032E+03    1.020272440665E+01   -9.449350655332E+00    8.588846988990E-02   -7.986318621594E-02    3.134942332748E+01    1.937567341458E-01    1.542509704096E-03
    4.731513886856E-05   -8.802467338000E+03    8.922214013889E+03    9.596871688930E+00   -8.860005158710E+00    8.074817484079E-02   -7.490450324730E-02    3.099028158505E+01    1.894933239565E-01    1.495870645156E-03
    5.011873702437E-05   -8.258537557272E+03    8.376912384197E+03    9.027688422798E+00   -8.307084934720E+00    7.591887749357E-02   -7.025233756770E-02    3.063523733913E+01    1.852931082124E-01    1.450384848211E-03
    5.308845881011E-05   -7.748025556245E+03    7.865044184852E+03    8.492932473733E+00   -7.788350639854E+00    7.138161260206E-02   -6.588781618506E-02    3.028424304760E+01    1.811553647842E-01    1.406028474708E-03
    5.623414766941E-05   -7.268880398038E+03    7.384558297330E+03    7.990499191865E+00   -7.301700381592E+00    6.711857586969E-02   -6.179322561710E-02    2.993725168139E+01    1.770793798780E-01    1.362778065759E-03
    5.956623030659E-05   -6.819176992815E+03    6.933529452121E+03    7.518412977706E+00   -6.845161286930E+00    6.311305286041E-02   -5.795194105150E-02    2.959421671861E+01    1.730644479735E-01    1.320610534753E-03
    6.309575124703E-05   -6.397108376013E+03    6.510150506920E+03    7.074819363209E+00   -6.416881583490E+00    5.934935217090E-02   -5.434835900938E-02    2.925509213703E+01    1.691098717344E-01    1.279503167027E-03
    6.683440944536E-05   -6.000978460360E+03    6.112725198619E+03    6.657977582938E+00   -6.015123168889E+00    5.581274273721E-02   -5.096783499781E-02    2.891983240670E+01    1.652149619254E-01    1.239433612429E-03
    7.079459706283E-05   -5.629195232611E+03    5.739661340015E+03    6.266253596788E+00   -5.638254635629E+00    5.248939480609E-02   -4.779662454575E-02    2.858839248271E+01    1.613790373131E-01    1.200379883190E-03
    7.498944054238E-05   -5.280264367723E+03    5.389464433959E+03    5.898113542953E+00   -5.284744723876E+00    4.936632489168E-02   -4.482182795630E-02    2.826072779804E+01    1.576014245969E-01    1.162320347699E-03
    7.943284411759E-05   -4.952783234852E+03    5.060731679326E+03    5.552117593942E+00   -4.953156177788E+00    4.643134375786E-02   -4.203133845268E-02    2.793679425631E+01    1.538814583315E-01    1.125233729485E-03
    8.413953589964E-05   -4.645435271134E+03    4.752146344760E+03    5.226914180755E+00   -4.642139970141E+00    4.367300774823E-02   -3.941379349250E-02    2.761654822366E+01    1.502184808050E-01    1.089099099743E-03
    8.912511669514E-05   -4.356984700670E+03    4.462472487639E+03    4.921234588966E+00   -4.350429898576E+00    4.108057309315E-02   -3.695852913095E-02    2.729994652266E+01    1.466118420032E-01    1.053895876031E-03
    9.440611171657E-05   -4.086271577555E+03    4.190549997078E+03    4.633887868916E+00   -4.076837496168E+00    3.864395299304E-02   -3.465553688312E-02    2.698694642464E+01    1.430608995869E-01    1.019603815610E-03
    1.000000253568E-04   -3.832207133055E+03    3.935289941071E+03    4.363756066916E+00   -3.820247262895E+00    3.635367736283E-02   -3.249542396781E-02    2.667750564244E+01    1.395650185142E-01    9.862030143309E-04
    1.059253992091E-04   -3.593769408268E+03    3.695670199128E+03    4.109789747276E+00   -3.579612187522E+00    3.420085501961E-02   -3.046937506076E-02    2.637158232309E+01    1.361235714254E-01    9.536739005777E-04
    1.122018735254E-04   -3.369999154762E+03    3.470731362887E+03    3.871003789149E+00   -3.353949546545E+00    3.217713821118E-02   -2.856911691817E-02    2.606913504080E+01    1.327359382654E-01    9.219972344342E-04
    1.188502523153E-04   -3.159995986744E+03    3.259572888250E+03    3.646473440770E+00   -3.142336956343E+00    3.027468928338E-02   -2.678688528609E-02    2.577012278882E+01    1.294015062838E-01    8.911540992437E-04
    1.258925723037E-04   -2.962914769320E+03    3.061349483618E+03    3.435330619518E+00   -2.943908673856E+00    2.848614952288E-02   -2.511539348126E-02    2.547450497249E+01    1.261196699464E-01    8.611259016042E-04
    1.333521759735E-04   -2.777962228367E+03    2.875267719733E+03    3.236760426578E+00   -2.757852113348E+00    2.680460959565E-02   -2.354780310721E-02    2.518224140212E+01    1.228898308955E-01    8.318943665020E-04
    1.412537889366E-04   -2.604393768419E+03    2.700582847539E+03    3.049997896348E+00   -2.583404594559E+00    2.522358227184E-02   -2.207769652339E-02    2.489329228534E+01    1.197113978589E-01    8.034415331364E-04
    1.496236018893E-04   -2.441510485800E+03    2.536595811284E+03    2.874324926345E+00   -2.419850273202E+00    2.373697636671E-02   -2.069905100598E-02    2.460761821964E+01    1.165837865995E-01    7.757497521157E-04
    1.584893574245E-04   -2.288656365032E+03    2.382650444895E+03    2.709067404334E+00   -2.266517268389E+00    2.233907256291E-02   -1.940621449128E-02    2.432518018481E+01    1.135064198364E-01    7.488016829438E-04
    1.678804419868E-04   -2.145215647253E+03    2.238130840379E+03    2.553592510114E+00   -2.122774964585E+00    2.102450061461E-02   -1.819388281130E-02    2.404593953572E+01    1.104787272081E-01    7.225802854506E-04
    1.778279832772E-04   -2.010610360125E+03    2.102458877686E+03    2.407306182677E+00   -1.988031479172E+00    1.978821796338E-02   -1.705707832738E-02    2.376985799336E+01    1.075001451623E-01    6.970688232191E-04
    1.883649534286E-04   -1.884297999283E+03    1.975091906141E+03    2.269650742967E+00   -1.861731285312E+00    1.862548966738E-02   -1.599112986673E-02    2.349689763845E+01    1.045701170558E-01    6.722508560504E-04
    1.995262782958E-04   -1.765769352063E+03    1.855520568137E+03    2.140102662395E+00   -1.743352980727E+00    1.753186956164E-02   -1.499165390194E-02    2.322702090323E+01    1.016880925969E-01    6.481102371822E-04
    2.113489532207E-04   -1.654546454748E+03    1.743266756352E+03    2.018170468286E+00   -1.632407193790E+00    1.650318257626E-02   -1.405453685628E-02    2.296019056353E+01    9.885352852253E-02    6.246311092859E-04
    2.238721656565E-04   -1.550180675168E+03    1.637881696318E+03    1.903392777843E+00   -1.528434615994E+00    1.553550813517E-02   -1.317591860032E-02    2.269636973085E+01    9.606588804845E-02    6.017979047237E-04
    2.371374250594E-04   -1.452250912943E+03    1.538944146635E+03    1.795336453097E+00   -1.431004159857E+00    1.462516458236E-02   -1.235217675806E-02    2.243552184439E+01    9.332464095046E-02    5.795953375921E-04
    2.511887004750E-04   -1.360361910151E+03    1.446058709607E+03    1.693594867239E+00   -1.339711222609E+00    1.376869451556E-02   -1.157991217869E-02    2.217761066261E+01    9.062926350477E-02    5.580084006541E-04
    2.660725662789E-04   -1.274142665666E+03    1.358854245545E+03    1.597786280951E+00   -1.254176066098E+00    1.296285115037E-02   -1.085593519931E-02    2.192260025469E+01    8.797923842628E-02    5.370223663656E-04
    2.818383565518E-04   -1.193244946775E+03    1.276982384360E+03    1.507552316454E+00   -1.174042287389E+00    1.220458531523E-02   -1.017725276919E-02    2.167045499279E+01    8.537405483264E-02    5.166227806340E-04
    2.985383286022E-04   -1.117341892131E+03    1.200116128473E+03    1.422556518462E+00   -1.098975381990E+00    1.149103344700E-02   -9.541056367108E-03    2.142113954321E+01    8.281320820143E-02    4.967954600185E-04
    3.162278361789E-04   -1.046126700421E+03    1.127948541462E+03    1.342483020113E+00   -1.028661409599E+00    1.081950619588E-02   -8.944710657805E-03    2.117461885773E+01    8.029620031721E-02    4.775264887656E-04
    3.349655129464E-04   -9.793113994994E+02    1.060191517153E+03    1.267035273691E+00   -9.628057249138E-01    1.018747777416E-02   -8.385742846325E-03    2.093085816482E+01    7.782253923024E-02    4.588022159313E-04
    3.548134668321E-04   -9.166256910472E+02    9.965746242499E+02    1.195934867809E+00   -9.011317949301E-01    9.592575953301E-03   -7.861832685209E-03    2.068982296094E+01    7.539173922950E-02    4.406092522810E-04
    3.758374858894E-04   -8.578158661203E+02    9.368440218448E+02    1.128920415352E+00   -8.433800871373E-01    9.032572671781E-03   -7.370803093810E-03    2.045147900054E+01    7.300332081097E-02    4.229344674030E-04
    3.981072563587E-04   -8.026437872389E+02    8.807614414745E+02    1.065746509740E+00   -7.893070258875E-01    8.505375219647E-03   -6.910611355752E-03    2.021579228750E+01    7.065681053106E-02    4.057649864614E-04
    4.216965936497E-04   -7.508859329364E+02    8.281032316331E+02    1.006182745217E+00   -7.386840128066E-01    8.009017964441E-03   -6.479340855222E-03    1.998272906557E+01    6.835174115515E-02    3.890881874439E-04
    4.466836870101E-04   -7.023325009345E+02    7.786594609102E+02    9.500127985541E-01   -6.912965069418E-01    7.541654584180E-03   -6.075193330201E-03    1.975225580859E+01    6.608765150095E-02    3.728916981572E-04
    4.731513586915E-04   -6.567865663468E+02    7.322330761576E+02    8.970335615600E-01   -6.469431632257E-01    7.101550772076E-03   -5.696481555701E-03    1.952433921061E+01    6.386408644607E-02    3.571633939884E-04
    5.011873384724E-04   -6.140632915357E+02    6.886391123079E+02    8.470543337771E-01   -6.054350200469E-01    6.687077408905E-03   -5.341622565479E-03    1.929894617588E+01    6.168059688754E-02    3.418913940927E-04
    5.308845544473E-04   -5.739891844524E+02    6.477039506758E+02    7.998960669466E-01   -5.665947403975E-01    6.296704114160E-03   -5.009131201301E-03    1.907604380852E+01    5.953673973863E-02    3.270640597196E-04
    5.623414410462E-04   -5.364014024873E+02    6.092646227658E+02    7.553906420283E-01   -5.302558977767E-01    5.928993231335E-03   -4.697614103117E-03    1.885559940139E+01    5.743207786759E-02    3.126699909677E-04
    5.956622653057E-04   -5.011470990327E+02    5.731681567981E+02    7.133802044612E-01   -4.962623061880E-01    5.582594163465E-03   -4.405764058008E-03    1.863758042600E+01    5.536618010970E-02    2.986980229101E-04
    6.309574724727E-04   -4.680828101451E+02    5.392709643265E+02    6.737165341630E-01   -4.644673913102E-01    5.256238059530E-03   -4.132354696955E-03    1.842195452118E+01    5.333862123511E-02    2.851372252967E-04
    6.683440520859E-04   -4.370738788401E+02    5.074382644919E+02    6.362604551966E-01   -4.347336002233E-01    4.948732826617E-03   -3.876235516963E-03    1.820868948169E+01    5.134898193547E-02    2.719768983307E-04
    7.079459257502E-04   -4.079939147156E+02    4.775435436006E+02    6.008812816621E-01   -4.069318473538E-01    4.658958447099E-03   -3.636327208954E-03    1.799775324658E+01    4.939684881154E-02    2.592065703733E-04
    7.498943578865E-04   -3.807242867314E+02    4.494680478598E+02    5.674562975902E-01   -3.809409944137E-01    4.385862583339E-03   -3.411617272065E-03    1.778911388734E+01    4.748181436299E-02    2.468159955391E-04
    7.943283908219E-04   -3.551536471161E+02    4.231003072365E+02    5.358702687438E-01   -3.566473622479E-01    4.128456453110E-03   -3.201155897458E-03    1.758273959529E+01    4.560347695347E-02    2.347951512942E-04
    8.413953056587E-04   -3.311774844860E+02    3.983356885299E+02    5.060149843633E-01   -3.339442726366E-01    3.885810954129E-03   -3.004052105514E-03    1.737859866909E+01    4.376144089722E-02    2.231342354256E-04
    8.912511104532E-04   -3.086977043864E+02    3.750759758640E+02    4.777888270858E-01   -3.127316181855E-01    3.657053030526E-03   -2.819470119276E-03    1.717665950195E+01    4.195531631484E-02    2.118236641690E-04
    9.440610573198E-04   -2.876222355736E+02    3.532289769195E+02    4.510963692058E-01   -2.929154588129E-01    3.441362259177E-03   -2.646625960891E-03    1.697689056820E+01    4.018471923673E-02    2.008540693961E-04
    1.000000190176E-03   -2.678646604567E+02    3.327081533237E+02    4.258479932221E-01   -2.744076420235E-01    3.237967646037E-03   -2.484784253607E-03    1.677926040955E+01    3.844927157005E-02    1.902162965890E-04
    1.059253924943E-03   -2.493438682176E+02    3.134322737173E+02    4.019595383003E-01   -2.571254484387E-01    3.046144620323E-03   -2.333255237910E-03    1.658373762099E+01    3.674860113859E-02    1.799014021759E-04
    1.122018664127E-03   -2.319837292170E+02    2.953250881065E+02    3.793519631445E-01   -2.409912570274E-01    2.865212205075E-03   -2.191391935397E-03    1.639029083641E+01    3.508234159015E-02    1.699006515724E-04
    1.188502447811E-03   -2.157127893833E+02    2.783150221936E+02    3.579510348360E-01   -2.259322319841E-01    2.694530376519E-03   -2.058587522155E-03    1.619888871312E+01    3.345013254983E-02    1.602055164646E-04
    1.258925643231E-03   -2.004639833530E+02    2.623348904615E+02    3.376870341629E-01   -2.118800285392E-01    2.533497569777E-03   -1.934272846043E-03    1.600949991699E+01    3.185161953922E-02    1.508076728518E-04
    1.333521675200E-03   -1.861743652172E+02    2.473216268599E+02    3.184944795490E-01   -1.987705168224E-01    2.381548344940E-03   -1.817914099522E-03    1.582209310638E+01    3.028645406151E-02    1.416989989137E-04
    1.412537799822E-03   -1.727848557923E+02    2.332160320140E+02    3.003118679325E-01   -1.865435226711E-01    2.238151195012E-03   -1.709010635992E-03    1.563663691582E+01    2.875429345800E-02    1.328715724246E-04
    1.496235924044E-03   -1.602400054000E+02    2.199625359421E+02    2.830814315477E-01   -1.751425843364E-01    2.102806487500E-03   -1.607092919685E-03    1.545309993914E+01    2.725480117584E-02    1.243176691914E-04
    1.584893473776E-03   -1.484877712067E+02    2.075089753288E+02    2.667489096490E-01   -1.645147241076E-01    1.975044532675E-03   -1.511720602043E-03    1.527145071210E+01    2.578764664509E-02    1.160297605728E-04
    1.678804313446E-03   -1.374793082286E+02    1.958063844630E+02    2.512633342510E-01   -1.546102339434E-01    1.854423769800E-03   -1.422480715678E-03    1.509165769447E+01    2.435250527972E-02    1.080005118152E-04
    1.778279720043E-03   -1.271687731638E+02    1.848087990005E+02    2.365768290059E-01   -1.453824742517E-01    1.740529064066E-03   -1.338985980074E-03    1.491368925152E+01    2.294905864495E-02    1.002227789129E-04
    1.883649414877E-03   -1.175131402642E+02    1.744730717645E+02    2.226444204661E-01   -1.367876850057E-01    1.632970108604E-03   -1.260873210115E-03    1.473751363514E+01    2.157699435930E-02    9.268960830165E-05
    1.995262656475E-03   -1.084720285094E+02    1.647586998458E+02    2.094238609282E-01   -1.287848083625E-01    1.531379923885E-03   -1.187801824074E-03    1.456309896416E+01    2.023600620053E-02    8.539423366467E-05
    2.113489398229E-03   -1.000075393889E+02    1.556276623093E+02    1.968754623744E-01   -1.213353225450E-01    1.435413449014E-03   -1.119452443210E-03    1.439041320421E+01    1.892579413293E-02    7.833007447272E-05
    2.238721514648E-03   -9.208410464222E+01    1.470442678548E+02    1.849619394789E-01   -1.144030851566E-01    1.344746218586E-03   -1.055525570573E-03    1.421942414686E+01    1.764606434886E-02    7.149073400758E-05
    2.371374100268E-03   -8.466834334463E+01    1.389750118233E+02    1.736482645720E-01   -1.079541868402E-01    1.259073124233E-03   -9.957403663134E-04    1.405009938821E+01    1.639652932059E-02    6.486999766423E-05
    2.511886845517E-03   -7.772892776759E+01    1.313884419733E+02    1.629015291850E-01   -1.019568135542E-01    1.178107244439E-03   -9.398334827440E-04    1.388240630684E+01    1.517690787111E-02    5.846183078501E-05
    2.660725494121E-03   -7.123645747318E+01    1.242550324901E+02    1.526908152846E-01   -9.638111734858E-02    1.101578753562E-03   -8.875579785034E-04    1.371631204111E+01    1.398692511533E-02    5.226037738261E-05
    2.818383386855E-03   -6.516334113903E+01    1.175470657228E+02    1.429870741833E-01   -9.119909507552E-02    1.029233893860E-03   -8.386822981914E-04    1.355178346578E+01    1.282631268697E-02    4.625995819854E-05
    2.985383096773E-03   -5.948368563904E+01    1.112385211740E+02    1.337630128906E-01   -8.638447453387E-02    9.608340112105E-04   -7.929893146049E-04    1.338878716802E+01    1.169480867545E-02    4.045506872752E-05
    3.162278161326E-03   -5.417319193490E+01    1.053049712984E+02    1.249929874549E-01   -8.191260759314E-02    8.961546496816E-04   -7.502754297574E-04    1.322728942273E+01    1.059215771352E-02    3.484037811486E-05
    3.349654917123E-03   -4.920905736052E+01    9.972348369145E+01    1.166529028680E-01   -7.776036986915E-02    8.349847017233E-04   -7.103497312141E-04    1.306725616712E+01    9.518111040725E-03    2.941072730919E-05
    3.548134443398E-03   -4.456988390752E+01    9.447252927603E+01    1.087201191168E-01   -7.390606656357E-02    7.771256099633E-04   -6.730332005897E-04    1.290865297472E+01    8.472426537900E-03    2.416112721788E-05
    3.758374620643E-03   -4.023559214302E+01    8.953189612055E+01    1.011733630266E-01   -7.032934404925E-02    7.223906185725E-04   -6.381579698389E-04    1.275144502896E+01    7.454868837698E-03    1.908675756085E-05
    3.981072311218E-03   -3.618734041542E+01    8.488260854023E+01    9.399264552622E-02   -6.701110690517E-02    6.706040696420E-04   -6.055666240783E-04    1.259559709561E+01    6.465209319493E-03    1.418296532608E-05
    4.216965669175E-03   -3.240744902280E+01    8.050685115997E+01    8.715918398863E-02   -6.393344004089E-02    6.216007431034E-04   -5.751115471215E-04    1.244107349494E+01    5.503226231112E-03    9.445263238730E-06
    4.466836586940E-03   -2.887932904002E+01    7.638789763305E+01    8.065532936940E-02   -6.107953558507E-02    5.752252367931E-04   -5.466543061256E-04    1.228783807319E+01    4.568704709820E-03    4.869328299644E-06
    4.731513286975E-03   -2.558741551869E+01    7.251004373050E+01    7.446449772993E-02   -5.843362430315E-02    5.313313849307E-04   -5.200650781772E-04    1.213585417348E+01    3.661436850298E-03    4.510005462776E-07
    5.011873067012E-03   -2.251710479204E+01    6.885854453253E+01    6.857110641665E-02   -5.598091108285E-02    4.897817105463E-04   -4.952221044695E-04    1.198508460603E+01    2.781221760574E-03   -3.813718331016E-06
    5.308845207934E-03   -1.965469563189E+01    6.541955547177E+01    6.296051327641E-02   -5.370751467502E-02    4.504469140559E-04   -4.720111860169E-04    1.183549161836E+01    1.927865591533E-03   -7.928666465019E-06
    5.623414053982E-03   -1.698733402270E+01    6.218007699040E+01    5.761896053017E-02   -5.160041082469E-02    4.132053913838E-04   -4.503252051952E-04    1.168703686474E+01    1.101181629423E-03   -1.189752254208E-05
    5.956622275455E-03   -1.450296133073E+01    5.912790259000E+01    5.253352160327E-02   -4.964737909932E-02    3.779427815446E-04   -4.300636792869E-04    1.153968137498E+01    3.009902971281E-04   -1.572380751913E-05
    6.309574324750E-03   -1.219026565896E+01    5.625157006699E+01    4.769205134556E-02   -4.783695293189E-02    3.445515425135E-04   -4.111323411995E-04    1.139338552339E+01   -4.728808017734E-04   -1.941088550338E-05
    6.683440097183E-03   -1.003863619319E+01    5.354031573775E+01    4.308313929912E-02   -4.615837275822E-02    3.129305527432E-04   -3.934427422295E-04    1.124810899733E+01   -1.220596842595E-03   -2.296196506313E-05
    7.079458808720E-03   -8.038120355433E+00    5.098403147042E+01    3.869606584039E-02   -4.460154204851E-02    2.829847373170E-04   -3.769118872318E-04    1.110381076580E+01   -1.942315777720E-03   -2.638010024749E-05
    7.498943103492E-03   -6.179383593154E+00    4.857322435062E+01    3.452076096782E-02   -4.315698610423E-02    2.546247161027E-04   -3.614618849663E-04    1.096044904752E+01   -2.638188338387E-03   -2.966819184386E-05
    7.943283404678E-03   -4.453671638642E+00    4.629897882364E+01    3.054776571974E-02   -4.181581331725E-02    2.277664752241E-04   -3.470196223207E-04    1.081798128097E+01   -3.308358020827E-03   -3.282898807290E-05
    8.413952523210E-03   -2.852775094199E+00    4.415292115455E+01    2.676819582716E-02   -4.056967895779E-02    2.023310572071E-04   -3.335164592420E-04    1.067636409236E+01   -3.952961104455E-03   -3.586508574830E-05
    8.912510539550E-03   -1.368996193486E+00    4.212718607103E+01    2.317370764345E-02   -3.941075117079E-02    1.782442699856E-04   -3.208879420292E-04    1.053555326553E+01   -4.572126725982E-03   -3.877893135557E-05
    9.440609974739E-03    4.882391899230E-03    4.021438545267E+01    1.975646612771E-02   -3.833167918121E-02    1.554364157293E-04   -3.090735350401E-04    1.039550371244E+01   -5.165976906098E-03   -4.157282198108E-05
    1.000000126784E-02    1.275626826748E+00    3.840757894233E+01    1.650911477036E-02   -3.732556324082E-02    1.338420326753E-04   -2.980163672490E-04    1.025616944457E+01   -5.734626651436E-03   -4.424890625424E-05
    1.059253857795E-02    2.449579585264E+00    3.670024636208E+01    1.342474730135E-02   -3.638592702143E-02    1.133996564715E-04   -2.876629962102E-04    1.011750354543E+01   -6.278184057799E-03   -4.680918527742E-05
    1.122018593000E-02    3.532685234941E+00    3.508626182482E+01    1.049688117834E-02   -3.550669127386E-02    9.405159270561E-05   -2.779631869993E-04    9.979458145085E+00   -6.796750474655E-03   -4.925551436246E-05
    1.188502372469E-02    4.530514636036E+00    3.355986943887E+01    7.719432538406E-03   -3.468214936327E-02    7.574370803036E-05   -2.688697018121E-04    9.841984397240E+00   -7.290420582937E-03   -5.158960221475E-05
    1.258925563425E-02    5.448287649311E+00    3.211566050485E+01    5.086692685490E-03   -3.390694448701E-02    5.842522917203E-05   -2.603381065224E-04    9.705032456737E+00   -7.759282715189E-03   -5.381301367504E-05
    1.333521590666E-02    6.290894451367E+00    3.074855212025E+01    2.593305953745E-03   -3.317604832358E-02    4.204855660971E-05   -2.523265873825E-04    9.568551461463E+00   -8.203419039674E-03   -5.592716996063E-05
    1.412537710278E-02    7.062915540032E+00    2.945376710337E+01    2.342488125902E-04   -3.248474113276E-02    2.656908977224E-05   -2.447957795726E-04    9.432489517170E+00   -8.622905881591E-03   -5.793334993448E-05
    1.496235829195E-02    7.768640512052E+00    2.822681515821E+01   -1.995189810131E-03   -3.182859322539E-02    1.194506182607E-05   -2.377086067359E-04    9.296793686184E+00   -9.017814044517E-03   -5.983269123382E-05
    1.584893373306E-02    8.412085688345E+00    2.706347520482E+01   -4.099427200104E-03   -3.120344774520E-02   -1.862615025286E-06   -2.310301311740E-04    9.161409980053E+00   -9.388209244929E-03   -6.162619178652E-05
    1.678804207023E-02    8.997010664918E+00    2.595977881009E+01   -6.082604370064E-03   -3.060540463062E-02   -1.489049492827E-05   -2.247274133838E-04    9.026283359604E+00   -9.734152546872E-03   -6.331471117732E-05
    1.778279607314E-02    9.526933846847E+00    2.491199464609E+01   -7.948602686125E-03   -3.003080577156E-02   -2.717273334733E-05   -2.187693789493E-04    8.891357738382E+00   -1.005570089059E-02   -6.489897124738E-05
    1.883649295469E-02    1.000514703656E+01    2.391661392086E+01   -9.701059782108E-03   -2.947622134880E-02   -3.874121702905E-05   -2.131266986258E-04    8.756575993771E+00   -1.035290773264E-02   -6.637955883526E-05
    1.995262529991E-02    1.043472913597E+01    2.297033672397E+01   -1.134338454799E-02   -2.893843720180E-02   -4.962568432265E-05   -2.077716719144E-04    8.621879986382E+00   -1.062582370783E-02   -6.775692724423E-05
    2.113489264250E-02    1.081855901780E+01    2.207005923290E+01   -1.287877142685E-02   -2.841444317829E-02   -5.985383872596E-05   -2.026781218867E-04    8.487210588102E+00   -1.087449744654E-02   -6.903139839242E-05
    2.238721372731E-02    1.115932761994E+01    2.121286173086E+01   -1.431021411517E-02   -2.790142262587E-02   -6.945145569241E-05   -1.978212954237E-04    8.352507720092E+00   -1.109897643854E-02   -7.020316501063E-05
    2.371373949942E-02    1.145954931266E+01    2.039599738952E+01   -1.564051887470E-02   -2.739674275710E-02   -7.844248643606E-05   -1.931777736779E-04    8.217710401657E+00   -1.129930807724E-02   -7.127229480111E-05
    2.511886686283E-02    1.172157259516E+01    1.961688177884E+01   -1.687231682570E-02   -2.689794581911E-02   -8.684914756989E-05   -1.887253834225E-04    8.082756814943E+00   -1.147554067913E-02   -7.223873092462E-05
    2.660725325452E-02    1.194759014725E+01    1.887308305205E+01   -1.800807637519E-02   -2.640274141227E-02   -9.469201603646E-05   -1.844431218151E-04    7.947584378746E+00   -1.162772481110E-02   -7.310229748771E-05
    2.818383208192E-02    1.213964829992E+01    1.816231278162E+01   -1.905011499347E-02   -2.590899953846E-02   -1.019901125592E-04   -1.803110840389E-04    7.812129841894E+00   -1.175591467543E-02   -7.386270341123E-05
    2.985382907523E-02    1.229965595548E+01    1.748241740539E+01   -2.000061086196E-02   -2.541474453465E-02   -1.087609839423E-04   -1.763103979631E-04    7.676329393620E+00   -1.186016958593E-02   -7.451954637064E-05
    3.162277960863E-02    1.242939299826E+01    1.683137025242E+01   -2.086161398221E-02   -2.491814985374E-02   -1.150207776103E-04   -1.724231652107E-04    7.540118793833E+00   -1.194055576909E-02   -7.507231913175E-05
    3.349654704782E-02    1.253051823189E+01    1.620726411875E+01   -2.163505743840E-02   -2.441753367277E-02   -1.207843276900E-04   -1.686324069245E-04    7.403433524998E+00   -1.199714819960E-02   -7.552041521434E-05
    3.548134218475E-02    1.260457688431E+01    1.560830436853E+01   -2.232276852361E-02   -2.391135530340E-02   -1.260652036272E-04   -1.649220199339E-04    7.266208970073E+00   -1.203003268829E-02   -7.586313672304E-05
    3.758374382392E-02    1.265300770784E+01    1.503280253254E+01   -2.292647937081E-02   -2.339821236564E-02   -1.308757992294E-04   -1.612767310942E-04    7.128380616470E+00   -1.203930811942E-02   -7.609970067538E-05
    3.981072058850E-02    1.267714970674E+01    1.447917038109E+01   -2.344783832113E-02   -2.287683871265E-02   -1.352273913449E-04   -1.576820644803E-04    6.989884288666E+00   -1.202508899775E-02   -7.622924973341E-05
    4.216965401853E-02    1.267824853170E+01    1.394591445442E+01   -2.388842096953E-02   -2.234610335322E-02   -1.391302053732E-04   -1.541243126668E-04    6.850656415380E+00   -1.198750815871E-02   -7.625086230148E-05
    4.466836303778E-02    1.265746256630E+01    1.343163102863E+01   -2.424974104761E-02   -2.180500983010E-02   -1.425934811282E-04   -1.505905127853E-04    6.710634332286E+00   -1.192671973802E-02   -7.616356448832E-05
    4.731512987035E-02    1.261586873680E+01    1.293500150069E+01   -2.453326239921E-02   -2.125269650027E-02   -1.456255350232E-04   -1.470684296812E-04    6.569756624243E+00   -1.184290239401E-02   -7.596634360644E-05
    5.011872749299E-02    1.255446807228E+01    1.245478817640E+01   -2.474041064170E-02   -2.068843752660E-02   -1.482338269570E-04   -1.435465457122E-04    6.427963510058E+00   -1.173626280926E-02   -7.565816403601E-05
    5.308844871396E-02    1.247419105501E+01    1.198983044951E+01   -2.487258491783E-02   -2.011164451102E-02   -1.504250221070E-04   -1.400140556277E-04    6.285197276823E+00   -1.160703946599E-02   -7.523798415129E-05
    5.623413697503E-02    1.237590276714E+01    1.153904135380E+01   -2.493117086541E-02   -1.952186888614E-02   -1.522050576914E-04   -1.364608692538E-04    6.141402761335E+00   -1.145550664501E-02   -7.470477556619E-05
    5.956621897853E-02    1.226040788241E+01    1.110140448179E+01   -2.491755334088E-02   -1.891880492073E-02   -1.535792123471E-04   -1.328776208878E-04    5.996527889153E+00   -1.128197883082E-02   -7.405754592821E-05
    6.309573924774E-02    1.212845552178E+01    1.067597125687E+01   -2.483313014138E-02   -1.830229333578E-02   -1.545521763497E-04   -1.292556845923E-04    5.850524272914E+00   -1.108681533324E-02   -7.329536344941E-05
    6.683439673506E-02    1.198074400130E+01    1.026185854890E+01   -2.467932614382E-02   -1.767232548860E-02   -1.551281274669E-04   -1.255871986663E-04    5.703347874637E+00   -1.087042522139E-02   -7.241738462445E-05
    7.079458359939E-02    1.181792549962E+01    9.858246624268E+00   -2.445760810774E-02   -1.702904806129E-02   -1.553108081809E-04   -1.218650951480E-04    5.554959736651E+00   -1.063327254714E-02   -7.142288517888E-05
    7.498942628119E-02    1.164061067383E+01    9.464377420683E+00   -2.416950045992E-02   -1.637276812560E-02   -1.551036122357E-04   -1.180831366304E-04    5.405326785804E+00   -1.037588183762E-02   -7.031129427280E-05
    7.943282901137E-02    1.144937325094E+01    9.079553134955E+00   -2.381660121706E-02   -1.570395878645E-02   -1.545096723941E-04   -1.142359648151E-04    5.254422714484E+00   -1.009884386615E-02   -6.908223282543E-05
    8.413951989832E-02    1.124475461792E+01    8.703135121203E+00   -2.340059946945E-02   -1.502326470824E-02   -1.535319607224E-04   -1.103191517410E-04    5.102228944034E+00   -9.802821646169E-03   -6.773555564970E-05
    8.912509974568E-02    1.102726844595E+01    8.334543081669E+00   -2.292329323087E-02   -1.433150804140E-02   -1.521733943455E-04   -1.063292612350E-04    4.948735673697E+00   -9.488556623211E-03   -6.627139783046E-05
    9.440609376280E-02    1.079740537145E+01    7.973254541951E+00   -2.238660826185E-02   -1.362969419091E-02   -1.504369514157E-04   -1.022639174307E-04    4.793943018555E+00   -9.156875017167E-03   -6.469022557322E-05
    1.000000063392E-01    1.055563776289E+01    7.618804596545E+00   -2.179261767908E-02   -1.291901739104E-02   -1.483257979559E-04   -9.812188077856E-05    4.637862239184E+00   -8.808694251378E-03   -6.299289193191E-05
    1.059253790647E-01    1.030242460202E+01    7.270785911676E+00   -2.114356253553E-02   -1.220086577302E-02   -1.458434261146E-04   -9.390312960944E-05    4.480517066072E+00   -8.445029377133E-03   -6.118069651421E-05
    1.122018521873E-01    1.003821650041E+01    6.928848954147E+00   -2.044187280242E-02   -1.147682589658E-02   -1.429938049018E-04   -8.960894810413E-05    4.321945113809E+00   -8.066999436358E-03   -5.925545025180E-05
    1.188502297128E-01    9.763460885239E+00    6.592702442552E+00   -1.969018945535E-02   -1.074868632154E-02   -1.397815509200E-04   -8.524202525502E-05    4.162199392216E+00   -7.675833673132E-03   -5.721954773507E-05
    1.258925483619E-01    9.478607377187E+00    6.262113983138E+00   -1.889138674447E-02   -1.001843966178E-02   -1.362121066982E-04   -8.080654916846E-05    4.001349907576E+00   -7.272877276148E-03   -5.507603987903E-05
    1.333521506131E-01    9.184113380050E+00    5.936910854024E+00   -1.804859491842E-02   -9.288283127503E-03   -1.322919414836E-04   -7.630830772493E-05    3.839485346792E+00   -6.859596687941E-03   -5.282871347373E-05
    1.412537620735E-01    8.880449901983E+00    5.616980899324E+00   -1.716522318152E-02   -8.560617079542E-03   -1.280287714505E-04   -7.175479308042E-05    3.676714836593E+00   -6.437584272687E-03   -5.048217579120E-05
    1.496235734345E-01    8.568107646491E+00    5.302273503909E+00   -1.624498180176E-02   -7.838040367236E-03   -1.234317867010E-04   -6.715529094682E-05    3.513169776822E+00   -6.008561674274E-03   -4.804193592089E-05
    1.584893272837E-01    8.247603323483E+00    4.992800531998E+00   -1.529190464441E-02   -7.123343668989E-03   -1.185119187632E-04   -6.252098568144E-05    3.349005698127E+00   -5.574382631175E-03   -4.551449962128E-05
    1.678804100600E-01    7.919486274608E+00    4.688637246328E+00   -1.431036959839E-02   -6.419498063987E-03   -1.132821093757E-04   -5.786503702103E-05    3.184404170559E+00   -5.137033583491E-03   -4.290745493848E-05
    1.778279494585E-01    7.584345341044E+00    4.389923057075E+00   -1.330511763703E-02   -5.729639750408E-03   -1.077576064809E-04   -5.320264979088E-05    3.019574696840E+00   -4.698632755269E-03   -4.022956135759E-05
    1.883649176061E-01    7.242815988394E+00    4.096862032395E+00   -1.228126924492E-02   -5.057049614196E-03   -1.019562770134E-04   -4.855112315314E-05    2.854756570519E+00   -4.261426846654E-03   -3.749083529000E-05
    1.995262403507E-01    6.895587657886E+00    3.809723053403E+00   -1.124433731089E-02   -4.405127076915E-03   -9.589893560587E-05   -4.392987207809E-05    2.690220652669E+00   -3.827784967523E-03   -3.470262911870E-05
    2.113489130272E-01    6.543411299614E+00    3.528839482552E+00   -1.020023549822E-02   -3.777357341123E-03   -8.960968586778E-05   -3.936041391345E-05    2.526271012857E+00   -3.400189349446E-03   -3.187770122200E-05
    2.238721230814E-01    6.187107023452E+00    3.254608195490E+00   -9.155280414781E-03   -3.177271469325E-03   -8.311626946527E-05   -3.486631087372E-05    2.363246369178E+00   -2.981222254480E-03   -2.903027211954E-05
    2.371373799615E-01    5.827571776080E+00    2.987487805099E+00   -8.116186423436E-03   -2.608398433345E-03   -7.645041562905E-05   -3.047305790134E-05    2.201521248644E+00   -2.573548436643E-03   -2.617606173188E-05
    2.511886527050E-01    5.465786920487E+00    2.727995884692E+00   -7.090050911609E-03   -2.074208540590E-03   -6.964818210373E-05   -2.620790454512E-05    2.041506774607E+00   -2.179892644587E-03   -2.333230180747E-05
    2.660725156783E-01    5.102825554488E+00    2.476704974993E+00   -6.084327951126E-03   -1.578047679869E-03   -6.275027462895E-05   -2.209959783572E-05    1.883650971326E+00   -1.803011405712E-03   -2.051771606463E-05
    2.818383029529E-01    4.739859355453E+00    2.234237137603E+00   -5.106787896365E-03   -1.123062062699E-03   -5.580232812643E-05   -1.817803288278E-05    1.728438457295E+00   -1.445658478222E-03   -1.775245993167E-05
    2.985382718274E-01    4.378164680713E+00    2.001256797871E+00   -4.165459919584E-03   -7.121133154101E-04   -4.885512898820E-05   -1.447379622247E-05    1.576389379367E+00   -1.110543330576E-03   -1.505801018549E-05
    3.162277760400E-01    4.019127579758E+00    1.778461603599E+00   -3.268554436471E-03   -3.476843014609E-04   -4.196475145396E-05   -1.101758813930E-05    1.428057417974E+00   -8.002820304144E-04   -1.245699335120E-05
    3.349654492440E-01    3.664247291143E+00    1.566571015772E+00   -2.424361710666E-03   -3.177640561372E-05   -3.519257343081E-05   -7.839509862665E-06    1.284026672049E+00   -5.173401100565E-04   -9.972941215742E-06
    3.548133993551E-01    3.315137691718E+00    1.366312347070E+00   -1.641122680139E-03    2.342001885070E-04   -2.860513092359E-05   -4.968203347024E-06    1.144907209392E+00   -2.639670667018E-04   -7.629959829820E-06
    3.758374144141E-01    2.973526046275E+00    1.178403976498E+00   -9.268678530833E-04    4.495408933166E-04   -2.227375735679E-05   -2.429835579120E-06    1.011329047035E+00   -4.212243694622E-05   -5.452297993104E-06
    3.981071806482E-01    2.641248258981E+00    1.003535502422E+00   -2.892197711791E-04    6.143622857998E-04   -1.627394577024E-05   -2.469238689082E-07    8.839343069200E-01    1.466062321190E-04   -3.463800765979E-06
    4.216965134532E-01    2.320239658745E+00    8.423446561266E-01    2.648454164577E-04    7.297139872290E-04   -1.068435571430E-05    1.562992391313E-06    7.633672777087E-01    3.010927257608E-04   -1.687233393858E-06
    4.466836020616E-01    2.012520149430E+00    6.953908975075E-01    7.292814524457E-04    7.976802518508E-04   -5.585371633731E-06    2.988815048254E-06    6.502621068124E-01    4.207673198746E-04   -1.434631336003E-07
    4.731512687095E-01    1.720172321947E+00    5.631257643206E-01    1.099304086893E-03    8.214625819584E-04   -1.057102319364E-06    4.027450625862E-06    5.452278517247E-01    5.057153828068E-04    1.149511912025E-06
    5.011872431586E-01    1.445310851754E+00    4.458602650107E-01    1.371773984338E-03    8.054322024710E-04    2.823309856178E-06    4.685411721436E-06    4.488306418240E-01    5.567758442379E-04    2.177691490465E-06
    5.308844534858E-01    1.190041189524E+00    3.437299178610E-01    1.545630323565E-03    7.551384451007E-04    5.985223836730E-06    4.980363402305E-06    3.615727498966E-01    5.756344603637E-04    2.932357737236E-06
    5.623413341023E-01    9.564051825164E-01    2.566584695850E-01    1.622371015415E-03    6.772557742600E-04    8.369052097734E-06    4.942471647219E-06    2.838684529653E-01    5.649048125550E-04    3.411499416664E-06
    5.956621520251E-01    7.463108448338E-01    1.843219262840E-01    1.606569416196E-03    5.794490983568E-04    9.932029993868E-06    4.615354719761E-06    2.160166946015E-01    5.281875451985E-04    3.621344926094E-06
    6.309573524797E-01    5.614429921093E-01    1.261153342225E-01    1.506406994674E-03    4.701336629481E-04    1.065540819117E-05    4.056353900052E-06    1.581707516493E-01    4.700950827032E-04    3.577943185867E-06
    6.683439249830E-01    4.031508934090E-01    8.112584811913E-02    1.334185463436E-03    3.581039093876E-04    1.055327779623E-05    3.335741982289E-06    1.103053945224E-01    3.962250553230E-04    3.308697519209E-06
    7.079457911159E-01    2.723084073224E-01    4.811709264382E-02    1.106754159361E-03    2.520057998265E-04    9.683185445854E-06    2.534358506301E-06    7.218242424639E-02    3.130601358074E-04    2.853699859237E-06
    7.498942152746E-01    1.691412692360E-01    2.553180161914E-02    8.457412188306E-04    1.596326306527E-04    8.158550568041E-06    1.739011953765E-06    4.331602254114E-02    2.277644064037E-04    2.266630861845E-06
    7.943282397597E-01    9.301521467741E-02    1.152236875770E-02    5.773893428810E-04    8.704056321113E-05    6.162498957767E-06    1.034833631042E-06    2.294010303619E-02    1.478344633732E-04    1.614856181584E-06
    8.413951456455E-01    4.217739722387E-02    4.022500601253E-03    3.316203474514E-04    3.751906348762E-05    3.961655504702E-06    4.936659284741E-07    9.980867204384E-03    8.054166343252E-05    9.780982355121E-07
    8.912509409587E-01    1.344197838996E-02    8.779450828920E-04    1.395456083688E-04    1.054108895497E-05    1.915256911396E-06    1.577168731694E-07    3.039126517551E-03    3.205130821153E-05    4.444746162341E-07
    9.440608777821E-01    1.808657316077E-03    6.071994362931E-05    2.747162241904E-05    1.036805658099E-06    4.631966151241E-07    1.884703886895E-08    3.887536934982E-04    5.945019859201E-06    1.007172428927E-07
