# Q1 =   100.0000 , Q2 =   500.0000
# x  F1Wp(LO) F1Wm(LO) F1Wp(NLO) F1Wm(NLO) F1Wp(NNLO) F1Wm(NNLO) F1Z(LO) F1Z(NLO) F1Z(NNLO)
    1.000000316960E-05    1.477096855723E+05    1.476891719567E+05   -6.130618604284E+02   -6.130864754169E+02    3.276670603858E+00    3.276707696579E+00    1.003069610713E+05   -5.173597575703E+02    2.807936185511E+00
    1.059254059240E-05    1.386484716026E+05    1.386281929770E+05   -5.753822243820E+02   -5.754060936255E+02    3.063230564489E+00    3.063268551865E+00    9.415322724167E+04   -4.855618888376E+02    2.625096622761E+00
    1.122018806381E-05    1.301432125764E+05    1.301231662515E+05   -5.400181664588E+02   -5.400413016566E+02    2.863586606873E+00    2.863625414518E+00    8.837706397330E+04   -4.557181456007E+02    2.454071722669E+00
    1.188502598494E-05    1.221597963619E+05    1.221399796796E+05   -5.068274007907E+02   -5.068498135082E+02    2.676852777578E+00    2.676892333270E+00    8.295530430655E+04   -4.277084510552E+02    2.294102958980E+00
    1.258925802843E-05    1.146662038651E+05    1.146466141975E+05   -4.756763834207E+02   -4.756980850910E+02    2.502199702352E+00    2.502239935997E+00    7.786620275238E+04   -4.014201058888E+02    2.144480236866E+00
    1.333521844269E-05    1.076323806374E+05    1.076130153869E+05   -4.464397754084E+02   -4.464607773336E+02    2.338850990816E+00    2.338891834418E+00    7.308934809642E+04   -3.767473351787E+02    2.004538815902E+00
    1.412537978909E-05    1.010301163169E+05    1.010109729156E+05   -4.189999387182E+02   -4.190202520711E+02    2.186079867416E+00    2.186121255036E+00    6.860558152148E+04   -3.535908629567E+02    1.873656426655E+00
    1.496236113743E-05    9.483293147767E+04    9.481400738705E+04   -3.932464631265E+02   -3.932660989524E+02    2.043206016063E+00    2.043247883785E+00    6.439691976259E+04   -3.318575129519E+02    1.751250570138E+00
    1.584893674715E-05    8.901597142284E+04    8.899726413358E+04   -3.690757221899E+02   -3.690946914074E+02    1.909592624620E+00    1.909634910518E+00    6.044648297696E+04   -3.114598338584E+02    1.636775988265E+00
    1.678804526291E-05    8.355590650170E+04    8.353741353323E+04   -3.463904565211E+02   -3.464087699240E+02    1.784643616844E+00    1.784686260948E+00    5.673842704518E+04   -2.923157476503E+02    1.529722294742E+00
    1.778279945500E-05    7.843083851376E+04    7.841255741396E+04   -3.250993825389E+02   -3.251170507976E+02    1.667801058889E+00    1.667844003151E+00    5.325788000605E+04   -2.743482193947E+02    1.429611755309E+00
    1.883649653694E-05    7.362021289198E+04    7.360214123685E+04   -3.051168254056E+02   -3.051338590685E+02    1.558542731223E+00    1.558585919483E+00    4.999088241653E+04   -2.574849474767E+02    1.335997209556E+00
    1.995262909442E-05    6.910473626313E+04    6.908687165649E+04   -2.863623744639E+02   -2.863787839589E+02    1.456379854158E+00    1.456423232110E+00    4.692433136338E+04   -2.416580728139E+02    1.248460124192E+00
    2.113489666185E-05    6.486629905943E+04    6.484863913259E+04   -2.687605598116E+02   -2.687763554471E+02    1.360854957406E+00    1.360898472570E+00    4.404592790538E+04   -2.268039059084E+02    1.166608769559E+00
    2.238721798482E-05    6.088790288226E+04    6.087044529371E+04   -2.522405487584E+02   -2.522557407252E+02    1.271539884880E+00    1.271583486565E+00    4.134412774292E+04   -2.128626706794E+02    1.090076511893E+00
    2.371374400920E-05    5.715359232328E+04    5.713633475837E+04   -2.367358609325E+02   -2.367504593050E+02    1.188033926084E+00    1.188077565358E+00    3.880809491482E+04   -1.997782640338E+02    1.018520213917E+00
    2.511887163984E-05    5.364839097333E+04    5.363133114400E+04   -2.221841009062E+02   -2.221981156435E+02    1.109962066220E+00    1.110005695878E+00    3.642765833919E+04   -1.874980302226E+02    9.516187370269E-01
    2.660725831458E-05    5.035824133261E+04    5.034137697705E+04   -2.085267071414E+02   -2.085401480889E+02    1.036973346661E+00    1.037016921196E+00    3.419327100389E+04   -1.759725489698E+02    8.890715379349E-01
    2.818383744181E-05    4.726994844991E+04    4.725327733229E+04   -1.957087165339E+02   -1.957215934245E+02    9.687393307125E-01    9.687828062820E-01    3.209597168950E+04   -1.651554367654E+02    8.305973554151E-01
    2.985383475271E-05    4.437112699094E+04    4.435464690110E+04   -1.836785432997E+02   -1.836908657553E+02    9.049526659926E-01    9.049960003904E-01    3.012734902118E+04   -1.550031602632E+02    7.759329797389E-01
    3.162278562252E-05    4.165015156167E+04    4.163386031485E+04   -1.723877714756E+02   -1.723995490081E+02    8.453257383426E-01    8.453688909677E-01    2.827950773111E+04   -1.454748611661E+02    7.248321004451E-01
    3.349655341806E-05    3.909611007968E+04    3.908000551621E+04   -1.617909601657E+02   -1.618022021785E+02    7.895894112735E-01    7.896323431005E-01    2.654503699100E+04   -1.365321918707E+02    6.770642273137E-01
    3.548134893245E-05    3.669876000890E+04    3.668283999394E+04   -1.518454607631E+02   -1.518561765524E+02    7.374918456017E-01    7.375345191515E-01    2.491698068926E+04   -1.281391612158E+02    6.324136799696E-01
    3.758375097145E-05    3.444848727246E+04    3.443274969569E+04   -1.425112453685E+02   -1.425214441242E+02    6.887973939256E-01    6.888397732366E-01    2.338880952693E+04   -1.202619896816E+02    5.906786415388E-01
    3.981072815955E-05    3.233626769090E+04    3.232071046627E+04   -1.337507457686E+02   -1.337604365761E+02    6.432855655350E-01    6.433276161342E-01    2.195439482874E+04   -1.128689735006E+02    5.516702725857E-01
    4.216966203819E-05    3.035363079316E+04    3.033825185862E+04   -1.255287023349E+02   -1.255378941758E+02    6.007500573502E-01    6.007917462254E-01    2.060798396566E+04   -1.059303571398E+02    5.152118815633E-01
    4.466837153263E-05    2.849262583929E+04    2.847742315650E+04   -1.178120221674E+02   -1.178207239210E+02    5.609978462822E-01    5.610391418532E-01    1.934417727945E+04   -9.941821358572E+01    4.811381478312E-01
    4.731513886856E-05    2.674578993064E+04    2.673076148471E+04   -1.105696459658E+02   -1.105778664103E+02    5.238483394387E-01    5.238892115301E-01    1.815790642491E+04   -9.330633199481E+01    4.492943941849E-01
    5.011873702437E-05    2.510611807675E+04    2.509126187598E+04   -1.037724230784E+02   -1.037801708920E+02    4.891325784359E-01    4.891729982499E-01    1.704441404114E+04   -8.757011224478E+01    4.195359056933E-01
    5.308845881011E-05    2.356703510164E+04    2.355234917726E+04   -9.739299423997E+01   -9.740027800202E+01    4.566924944621E-01    4.567324345509E-01    1.599923467180E+04   -8.218646597486E+01    3.917272919745E-01
    5.623414766941E-05    2.212236926273E+04    2.210785166866E+04   -9.140568146590E+01   -9.141250965817E+01    4.263802104906E-01    4.264196447303E-01    1.501817684870E+04   -7.713372366617E+01    3.657418898280E-01
    5.956623030659E-05    2.076632750446E+04    2.075197631705E+04   -8.578638477893E+01   -8.579276578672E+01    3.980573884003E-01    3.980962919640E-01    1.409730628546E+04   -7.239154748742E+01    3.414612043049E-01
    6.309575124703E-05    1.949347222137E+04    1.947928553911E+04   -8.051248524253E+01   -8.051842735581E+01    3.715946174664E-01    3.716329667983E-01    1.323293009630E+04   -6.794084946341E+01    3.187743851873E-01
    6.683440944536E-05    1.829869944779E+04    1.828467539112E+04   -7.556275395556E+01   -7.556826537010E+01    3.468708418677E-01    3.469086146572E-01    1.242158198383E+04   -6.376371467428E+01    2.975777368640E-01
    7.079459706283E-05    1.717721838629E+04    1.716335509732E+04   -7.091726663999E+01   -7.092235545851E+01    3.237728247224E-01    3.238099998787E-01    1.166000833588E+04   -5.984332917500E+01    2.777742594738E-01
    7.498944054238E-05    1.612453219276E+04    1.611082783505E+04   -6.655732347864E+01   -6.656199771186E+01    3.021946463348E-01    3.022312039617E-01    1.094515517592E+04   -5.616391234526E+01    2.592732193304E-01
    7.943284411759E-05    1.513641993977E+04    1.512287269808E+04   -6.246537387480E+01   -6.246964144261E+01    2.820372344457E-01    2.820731558164E-01    1.027415591357E+04   -5.271065339328E+01    2.419897467433E-01
    8.413953589964E-05    1.420891968353E+04    1.419552776359E+04   -5.862494582167E+01   -5.862881455418E+01    2.632079243883E-01    2.632431919213E-01    9.644319844662E+03   -4.946965174977E+01    2.258444594365E-01
    8.912511669514E-05    1.333831257770E+04    1.332507420599E+04   -5.502057964440E+01   -5.502405728302E+01    2.456200475503E-01    2.456546447845E-01    9.053121362332E+03   -4.642786115213E+01    2.107631101966E-01
    9.440611171657E-05    1.252110795576E+04    1.250802137926E+04   -5.163776578678E+01   -5.164085998530E+01    2.291925459541E-01    2.292264575250E-01    8.498189825763E+03   -4.357303714198E+01    1.966762568795E-01
    1.000000253568E-04    1.175402933024E+04    1.174109281622E+04   -4.846288642720E+01   -4.846560475286E+01    2.138496115135E-01    2.138828231297E-01    7.977300051737E+03   -4.089368779431E+01    1.835189535393E-01
    1.059253992091E-04    1.103400125112E+04    1.102121308692E+04   -4.548316068184E+01   -4.548551061635E+01    1.995203483509E-01    1.995528467701E-01    7.488363389594E+03   -3.837902747391E+01    1.712304612979E-01
    1.122018735254E-04    1.035813697140E+04    1.034549546419E+04   -4.268659317838E+01   -4.268858211898E+01    1.861384567320E-01    1.861702297381E-01    7.029419344423E+03   -3.601893343636E+01    1.597539777202E-01
    1.188502523153E-04    9.723726866191E+03    9.711230342792E+03   -4.006192577560E+01   -4.006356103611E+01    1.736419371307E-01    1.736729735110E-01    6.598627712003E+03   -3.380390508375E+01    1.490363834216E-01
    1.258925723037E-04    9.128227566217E+03    9.115874372859E+03   -3.759859226532E+01   -3.759988107716E+01    1.619728133323E-01    1.620031028544E-01    6.194261198891E+03   -3.172502573738E+01    1.390280049728E-01
    1.333521759735E-04    8.569251757348E+03    8.557040259468E+03   -3.528667585476E+01   -3.528762536792E+01    1.510768732431E-01    1.511064066329E-01    5.814698494880E+03   -2.977392675683E+01    1.296823929633E-01
    1.412537889366E-04    8.044558604816E+03    8.032487186854E+03   -3.311686925615E+01   -3.311748654024E+01    1.409034262646E-01    1.409321951842E-01    5.458417769691E+03   -2.794275385934E+01    1.209561142449E-01
    1.496236018893E-04    7.552044765502E+03    7.540111830694E+03   -3.108043723085E+01   -3.108072927611E+01    1.314050762242E-01    1.314330732497E-01    5.123990569043E+03   -2.622413551068E+01    1.128085574931E-01
    1.584893574245E-04    7.089735951715E+03    7.077939921894E+03   -2.916918143501E+01   -2.916915515328E+01    1.225375088564E-01    1.225647274566E-01    4.810076085273E+03   -2.461115325815E+01    1.052017512253E-01
    1.678804419868E-04    6.655779013391E+03    6.644118328787E+03   -2.737540742853E+01   -2.737506965424E+01    1.142592929276E-01    1.142857274427E-01    4.515415780035E+03   -2.309731388941E+01    9.810019349951E-02
    1.778279832772E-04    6.248434502528E+03    6.236907621576E+03   -2.569189369626E+01   -2.569125118740E+01    1.065316940214E-01    1.065573396417E-01    4.238828334502E+03   -2.167652328932E+01    9.147069245133E-02
    1.883649534286E-04    5.866069699532E+03    5.854675098679E+03   -2.411186259634E+01   -2.411092203544E+01    9.931850041641E-02    9.934335316174E-02    3.979204913274E+03   -2.034306192322E+01    8.528221718492E-02
    1.995262782958E-04    5.507152063630E+03    5.495888237145E+03   -2.262895307772E+01   -2.262772107282E+01    9.258586003933E-02    9.260991673845E-02    3.735504716286E+03   -1.909156181322E+01    7.950575814488E-02
    2.113489532207E-04    5.170243086073E+03    5.159108545863E+03   -2.123719507803E+01   -2.123567816364E+01    8.630212790887E-02    8.632538617910E-02    3.506750804276E+03   -1.791698493252E+01    7.411419647066E-02
    2.238721656565E-04    4.853992520508E+03    4.842985795933E+03   -1.993098549455E+01   -1.992919013258E+01    8.043772337728E-02    8.046018160454E-02    3.292026180386E+03   -1.681460292729E+01    6.908218173911E-02
    2.371374250594E-04    4.557132967616E+03    4.546252605310E+03   -1.870506563282E+01   -1.870299821356E+01    7.496499655049E-02    7.498665386946E-02    3.090470112379E+03   -1.577997808564E+01    6.438601756561E-02
    2.511887004750E-04    4.278474791275E+03    4.267719354969E+03   -1.755450003790E+01   -1.755216688094E+01    6.985810327409E-02    6.987895954871E-02    2.901274679998E+03   -1.480894547330E+01    6.000355453929E-02
    2.660725662789E-04    4.016901346895E+03    4.006269417244E+03   -1.647465662737E+01   -1.647206398254E+01    6.509288816355E-02    6.511294396772E-02    2.723681534334E+03   -1.389759616790E+01    5.591409004567E-02
    2.818383565518E-04    3.771364503666E+03    3.760854678075E+03   -1.546118804982E+01   -1.545834209813E+01    6.064677518725E-02    6.066603178579E-02    2.556978856809E+03   -1.304226152752E+01    5.209827455631E-02
    2.985383286022E-04    3.540880440315E+03    3.530491332776E+03   -1.451001418383E+01   -1.450692103839E+01    5.649866525849E-02    5.651712458835E-02    2.400498503902E+03   -1.223949842156E+01    4.853802391960E-02
    3.162278361789E-04    3.324525699194E+03    3.314255940116E+03   -1.361730571377E+01   -1.361397142072E+01    5.262884042937E-02    5.264650508106E-02    2.253613327324E+03   -1.148607537050E+01    4.521643730450E-02
    3.349655129464E-04    3.121433482476E+03    3.111281718527E+03   -1.277946871496E+01   -1.277589925439E+01    4.901887425458E-02    4.903574745387E-02    2.115734658620E+03   -1.077895953738E+01    4.211772042722E-02
    3.548134668321E-04    2.930790175940E+03    2.920755069886E+03   -1.199313018744E+01   -1.198933147431E+01    4.565154793843E-02    4.566763352830E-02    1.986309948325E+03   -1.011530451982E+01    3.922711372997E-02
    3.758374858894E-04    2.751832084759E+03    2.741912315309E+03   -1.125512447333E+01   -1.125110235838E+01    4.251077185420E-02    4.252607427700E-02    1.864820549117E+03   -9.492438887742E+00    3.653082515989E-02
    3.981072563587E-04    2.583842371359E+03    2.574036633015E+03   -1.056248051632E+01   -1.055824078697E+01    3.958151216903E-02    3.959603644889E-02    1.750779636191E+03   -8.907855431755E+00    3.401596731988E-02
    4.216965936497E-04    2.426148180262E+03    2.416455183166E+03   -9.912409900330E+00   -9.907958281623E+00    3.684972217938E-02    3.686347390486E-02    1.643730254625E+03   -8.359201069068E+00    3.167049865308E-02
    4.466836870101E-04    2.278117939345E+03    2.268536409135E+03   -9.302295623260E+00   -9.297637778745E+00    3.430227807808E-02    3.431526338509E-02    1.543243486563E+03   -7.844267369778E+00    2.948316842233E-02
    4.731513586915E-04    2.139158826774E+03    2.129687504440E+03   -8.729681560981E+00   -8.724823093629E+00    3.192691887079E-02    3.193914442567E-02    1.448916730906E+03   -7.360981665625E+00    2.744346524276E-02
    5.011873384724E-04    2.008714393410E+03    1.999352035157E+03   -8.192262579025E+00   -8.187209032133E+00    2.971219017474E-02    2.972366315766E-02    1.360372088597E+03   -6.907398705362E+00    2.554156893915E-02
    5.308845544473E-04    1.886262331087E+03    1.877007708196E+03   -7.687875251879E+00   -7.682632109979E+00    2.764739164907E-02    2.765811973762E-02    1.277254846972E+03   -6.481692822877E+00    2.376830551315E-02
    5.623414410462E-04    1.771312377292E+03    1.762164275989E+03   -7.214489150448E+00   -7.209061840214E+00    2.572252781092E-02    2.573251916394E-02    1.199232056745E+03   -6.082150584793E+00    2.211510501002E-02
    5.956622653057E-04    1.663404349534E+03    1.654361570862E+03   -6.770198669624E+00   -6.764592560777E+00    2.392826206066E-02    2.393752530233E-02    1.125991197072E+03   -5.707163893858E+00    2.057396213368E-02
    6.309574724727E-04    1.562106299477E+03    1.553167659164E+03   -6.353215354572E+00   -6.347435760791E+00    2.225587366137E-02    2.226441786546E-02    1.057238921951E+03   -5.355223513217E+00    1.913739939176E-02
    6.683440520859E-04    1.467012780541E+03    1.458177108885E+03   -5.961860699538E+00   -5.955912879368E+00    2.069721750898E-02    2.070505218346E-02    9.926998836830E+02   -5.024912989426E+00    1.779843263069E-02
    7.079459257502E-04    1.377743221806E+03    1.369009363553E+03   -5.594559389212E+00   -5.588448546978E+00    1.924468650835E-02    1.925182158011E-02    9.321156285300E+02   -4.714902948952E+00    1.655053880255E-02
    7.498943578865E-04    1.293940401794E+03    1.285307216022E+03   -5.249832955903E+00   -5.243564242625E+00    1.789117639013E-02    1.789762219000E-02    8.752435601976E+02   -4.423945745569E+00    1.538762582240E-02
    7.943283908219E-04    1.215269015523E+03    1.206735375531E+03   -4.926293825006E+00   -4.919872339318E+00    1.663005279988E-02    1.663582004784E-02    8.218559666704E+02   -4.150870435433E+00    1.430400437168E-02
    8.413953056587E-04    1.141414329868E+03    1.132979123071E+03   -4.622639728008E+00   -4.616070517080E+00    1.545512053137E-02    1.546022032208E-02    7.717391070165E+02   -3.894578062322E+00    1.329436153815E-02
    8.912511104532E-04    1.072080921438E+03    1.063743049259E+03   -4.337648458902E+00   -4.330936519366E+00    1.436059475694E-02    1.436503854539E-02    7.246923542276E+02   -3.654037232678E+00    1.235373616613E-02
    9.440610573198E-04    1.006991491683E+03    9.987498694579E+02   -4.070172952048E+00   -4.063323230932E+00    1.334107412114E-02    1.334487370859E-02    6.805273905207E+02   -3.428279961915E+00    1.147749580289E-02
    1.000000190176E-03    9.458857547942E+02    9.377393116728E+02   -3.819136662866E+00   -3.812154058530E+00    1.239151558438E-02    1.239468310453E-02    6.390674520633E+02   -3.216397776282E+00    1.066131514381E-02
    1.059253924943E-03    8.885193938283E+02    8.804670726839E+02   -3.583529232430E+00   -3.576418595513E+00    1.150721090167E-02    1.150975880710E-02    6.001466200418E+02   -3.017538054317E+00    9.901155878194E-03
    1.122018664127E-03    8.346630809947E+02    8.267038383372E+02   -3.362402418982E+00   -3.355168553351E+00    1.068376463385E-02    1.068570568257E-02    5.636091553014E+02   -2.830900593541E+00    9.193247847629E-03
    1.188502447811E-03    7.841015575972E+02    7.762343634899E+02   -3.154866277593E+00   -3.147513941302E+00    9.917073578680E-03    9.918420821065E-03    5.293088735011E+02   -2.655734386571E+00    8.534071420699E-03
    1.258925643231E-03    7.366327711288E+02    7.288566091105E+02   -2.960085577550E+00   -2.952619483814E+00    9.203307557780E-03    9.204074323627E-03    4.971085590828E+02   -2.491334597844E+00    7.920341029043E-03
    1.333521675200E-03    6.920670648555E+02    6.843809318665E+02   -2.777276438044E+00   -2.769701256210E+00    8.538891444322E-03    8.539091330191E-03    4.668794148888E+02   -2.337039724560E+00    7.348989766263E-03
    1.412537799822E-03    6.502264172271E+02    6.426293235404E+02   -2.605703171061E+00   -2.598023527599E+00    7.920488364545E-03    7.920135221316E-03    4.385005456180E+02   -2.192228932489E+00    6.817154992385E-03
    1.496235924044E-03    6.109437279587E+02    6.034346971160E+02   -2.444675318337E+00   -2.436895797838E+00    7.344983994854E-03    7.344091915518E-03    4.118584729789E+02   -2.056319555538E+00    6.322164876840E-03
    1.584893473776E-03    5.740621479450E+02    5.666402166978E+02   -2.293544870553E+00   -2.285670016740E+00    6.809471884229E-03    6.808055191912E-03    3.868466806102E+02   -1.928764749114E+00    5.861525819799E-03
    1.678804313446E-03    5.394344502145E+02    5.320986684702E+02   -2.151703657143E+00   -2.143737973897E+00    6.311239733217E-03    6.309312969439E-03    3.633651868744E+02   -1.809051287468E+00    5.432910692990E-03
    1.778279720043E-03    5.069224394702E+02    4.996718702443E+02   -2.018580896504E+00   -2.010528848897E+00    5.847756569067E-03    5.845334482223E-03    3.413201438566E+02   -1.696697496384E+00    5.034147848244E-03
    1.883649414877E-03    4.763963980387E+02    4.692301174113E+02   -1.893640897516E+00   -1.885506912868E+00    5.416660763313E-03    5.413758297396E-03    3.206234610892E+02   -1.591251313583E+00    4.663210847793E-03
    1.995262656475E-03    4.477345656406E+02    4.406516627202E+02   -1.776380901644E+00   -1.768169370588E+00    5.015748829104E-03    5.012381112649E-03    3.011924522470E+02   -1.492288467732E+00    4.318208862588E-03
    2.113489398229E-03    4.208226511307E+02    4.138222280227E+02   -1.666329057866E+00   -1.658044335433E+00    4.642964952820E-03    4.639147288088E-03    2.829495035538E+02   -1.399410769570E+00    3.997377699737E-03
    2.238721514648E-03    3.955533741942E+02    3.886345459766E+02   -1.563042522088E+00   -1.554688928810E+00    4.296391211226E-03    4.292139063606E-03    2.658217625336E+02   -1.312244508069E+00    3.699071417292E-03
    2.371374100268E-03    3.718260352016E+02    3.649879299062E+02   -1.466105673534E+00   -1.457687496565E+00    3.974238430517E-03    3.969567418166E-03    2.497408458853E+02   -1.230438945312E+00    3.421754488993E-03
    2.511886845517E-03    3.495461113080E+02    3.427878699094E+02   -1.375128440169E+00   -1.366649934427E+00    3.674837641415E-03    3.669763525117E-03    2.346425651810E+02   -1.153664903388E+00    3.163994479734E-03
    2.660725494121E-03    3.286248775301E+02    3.219456539403E+02   -1.289744727863E+00   -1.281210117193E+00    3.396632099331E-03    3.391170772586E-03    2.204666695287E+02   -1.081613438827E+00    2.924455205179E-03
    2.818383386855E-03    3.089790509845E+02    3.023780120560E+02   -1.209610945762E+00   -1.201024424117E+00    3.138169826473E-03    3.132337305807E-03    2.071566039633E+02   -1.013994598217E+00    2.701890338617E-03
    2.985383096773E-03    2.905304569434E+02    2.840067824793E+02   -1.134404622249E+00   -1.125770354902E+00    2.898096643672E-03    2.891909059166E-03    1.946592826562E+02   -9.505362502826E-01    2.495137437434E-03
    3.162278161326E-03    2.732057153906E+02    2.667585981622E+02   -1.063823106041E+00   -1.055145230819E+00    2.675149660599E-03    2.668623246645E-03    1.829248760467E+02   -8.909829897963E-01    2.303112362388E-03
    3.349654917123E-03    2.569359468146E+02    2.505645925879E+02   -9.975823471548E-01   -9.888649756964E-01    2.468151194372E-03    2.461302280629E-03    1.719066110382E+02   -8.350951088906E-01    2.124804063954E-03
    3.548134443398E-03    2.416564960579E+02    2.353601236283E+02   -9.354157528356E-01   -9.266629718774E-01    2.276003088667E-03    2.268848091242E-03    1.615605834583E+02   -7.826476316319E-01    1.959269711891E-03
    3.758374620643E-03    2.273066730281E+02    2.210845142640E+02   -8.770731134737E-01   -8.682889861675E-01    2.097681405310E-03    2.090236818141E-03    1.518455819688E+02   -7.334294076568E-01    1.805630143997E-03
    3.981072311218E-03    2.138295094719E+02    2.076808093676E+02   -8.223195952030E-01   -8.135081624613E-01    1.932231469288E-03    1.924513855722E-03    1.427229228859E+02   -6.872422620769E-01    1.663065617725E-03
    4.216965669175E-03    2.011715305595E+02    1.950955472984E+02   -7.709347939607E-01   -7.621000758346E-01    1.778763238212E-03    1.770789222791E-03    1.341562950592E+02   -6.439001972495E-01    1.530811839865E-03
    4.466836586940E-03    1.892825405113E+02    1.832785455386E+02   -7.227118478234E-01   -7.138578449132E-01    1.636446978188E-03    1.628233238614E-03    1.261116142867E+02   -6.032286437264E-01    1.408156258800E-03
    4.731513286975E-03    1.781154213772E+02    1.721826994839E+02   -6.774566039172E-01   -6.685872988179E-01    1.504509225445E-03    1.496072484734E-03    1.185568866623E+02   -5.650637572561E-01    1.294434601677E-03
    5.011873067012E-03    1.676259441722E+02    1.617637935902E+02   -6.349868365990E-01   -6.261061953814E-01    1.382229015319E-03    1.373586034121E-03    1.114620803164E+02   -5.292517590517E-01    1.189027640698E-03
    5.308845207934E-03    1.577725915600E+02    1.519803240691E+02   -5.951315135442E-01   -5.862434872737E-01    1.268934360001E-03    1.260101929083E-03    1.047990049982E+02   -4.956483164856E-01    1.091358172627E-03
    5.623414053982E-03    1.485163914508E+02    1.427933324979E+02   -5.577301071109E-01   -5.488386334056E-01    1.163998960417E-03    1.154993893302E-03    9.854119907080E+01   -4.641179619909E-01    1.000888198959E-03
    5.956622275455E-03    1.398207608196E+02    1.341662496513E+02   -5.226319481016E-01   -5.137409527299E-01    1.066839136393E-03    1.057678262134E-03    9.266382344803E+01   -4.345335477401E-01    9.171162931766E-04
    6.309574324750E-03    1.316513590772E+02    1.260647488861E+02   -4.896956191432E-01   -4.808090176632E-01    9.769109599459E-04    9.676111160180E-04    8.714356201862E+01   -4.067757337564E-01    8.395751421082E-04
    6.683440097183E-03    1.239759504464E+02    1.184566085316E+02   -4.587883854179E-01   -4.499100848609E-01    8.937075792319E-04    8.842856045372E-04    8.195852818689E+01   -3.807325075429E-01    7.678292506997E-04
    7.079458808720E-03    1.167642747818E+02    1.113115827250E+02   -4.297856604097E-01   -4.209195610067E-01    8.167567204529E-04    8.072294484092E-04    7.708817714771E+01   -3.562987332595E-01    7.014727993196E-04
    7.498943103492E-03    1.099879263270E+02    1.046012801846E+02   -4.025705045677E-01   -3.937205015223E-01    7.456183563216E-04    7.360026080176E-04    7.251322355285E+01   -3.333757286762E-01    6.401276438259E-04
    7.943283404678E-03    1.036202398575E+02    9.829905036931E+01   -3.770331545929E-01   -3.682031399003E-01    6.798825287875E-04    6.701951061796E-04    6.821556419278E+01   -3.118708679669E-01    5.834414478552E-04
    8.413952523210E-03    9.763618388671E+01    9.237987670336E+01   -3.530705820182E-01   -3.442644463321E-01    6.191673186622E-04    6.094249977866E-04    6.417820547686E+01   -2.916972092219E-01    5.310859410272E-04
    8.912510539550E-03    9.201226037609E+01    8.682027630436E+01   -3.305860787491E-01   -3.218077132965E-01    5.631169498186E-04    5.533364739876E-04    6.038519532972E+01   -2.727731447091E-01    4.827552924975E-04
    9.440609974739E-03    8.672641060534E+01    8.159820587416E+01   -3.094888681532E-01   -3.007421666982E-01    5.114000203422E-04    5.015980932912E-04    5.682155927273E+01   -2.550220726932E-01    4.381645933263E-04
    1.000000126784E-02    8.175792681925E+01    7.669297336652E+01   -2.896937400974E-01   -2.809826009539E-01    4.637078521239E-04    4.539011310718E-04    5.347324042839E+01   -2.383720894614E-01    3.970484403673E-04
    1.059253857795E-02    7.708736929761E+01    7.208515507936E+01   -2.711207084724E-01   -2.624490365652E-01    4.197529511462E-04    4.099580397256E-04    5.032704320840E+01   -2.227557003220E-01    3.591596150345E-04
    1.122018593000E-02    7.269648850613E+01    6.775651782928E+01   -2.536946897842E-01   -2.450663987597E-01    3.792675709865E-04    3.695010119971E-04    4.737058045295E+01   -2.081095483785E-01    3.242678505363E-04
    1.188502372469E-02    6.856815201720E+01    6.368994589725E+01   -2.373452015255E-01   -2.287642159087E-01    3.420023727552E-04    3.322806406881E-04    4.459222380983E+01   -1.943741599907E-01    2.921586817618E-04
    1.258925563425E-02    6.468627594128E+01    5.986937248644E+01   -2.220060792506E-01   -2.134763366484E-01    3.077251757868E-04    2.980646690603E-04    4.198105717746E+01   -1.814937060158E-01    2.626323729465E-04
    1.333521590666E-02    6.103576054138E+01    5.627971536461E+01   -2.076152109995E-01   -1.991406643479E-01    2.762197920828E-04    2.666368249238E-04    3.952683298944E+01   -1.694157776849E-01    2.355029171122E-04
    1.412537710278E-02    5.760242980455E+01    5.290681646517E+01   -1.941142881331E-01   -1.856989079849E-01    2.472849395939E-04    2.377957334939E-04    3.721993118699E+01   -1.580911763225E-01    2.105971030690E-04
    1.496235829195E-02    5.437297472108E+01    4.973738519772E+01   -1.814485715487E-01   -1.730963483984E-01    2.207332290095E-04    2.113539036728E-04    3.505132071016E+01   -1.474737160405E-01    1.877536454035E-04
    1.584893373306E-02    5.133490004872E+01    4.675894524535E+01   -1.695666723545E-01   -1.612816189950E-01    1.963902192870E-04    1.871367829834E-04    3.301252335650E+01   -1.375200386243E-01    1.668223733624E-04
    1.678804207023E-02    4.847647432717E+01    4.395978461423E+01   -1.584203460308E-01   -1.502064999356E-01    1.740935369719E-04    1.649818761937E-04    3.109557984787E+01   -1.281894397945E-01    1.476634743861E-04
    1.778279607314E-02    4.578668298166E+01    4.132890877422E+01   -1.479642994117E-01   -1.398257251354E-01    1.536920558253E-04    1.447379241404E-04    2.929301799585E+01   -1.194437062776E-01    1.301467893002E-04
    1.883649295469E-02    4.325518429755E+01    3.885599667268E+01   -1.381560095860E-01   -1.300968011743E-01    1.350451322065E-04    1.262641381863E-04    2.759782281790E+01   -1.112469629251E-01    1.141511552576E-04
    1.995262529991E-02    4.087226809495E+01    3.653135945059E+01   -1.289555540106E-01   -1.209798374069E-01    1.180218926106E-04    1.094294866989E-04    2.600340848790E+01   -1.035655292826E-01    9.956379333913E-05
    2.113489264250E-02    3.862881694299E+01    3.434590170044E+01   -1.203254511723E-01   -1.124373866087E-01    1.025005699922E-04    9.411203017054E-05    2.450359201237E+01   -9.636778504904E-02    8.627973791971E-05
    2.238721372731E-02    3.651626975686E+01    3.229108510956E+01   -1.122305111511E-01   -1.044342955081E-01    8.836788560669E-05    8.019830169384E-05    2.309256852588E+01   -8.962404387604E-02    7.420130499110E-05
    2.371373949942E-02    3.452658763370E+01    3.035889434454E+01   -1.046376954908E-01   -9.693756460475E-02    7.551847336818E-05    6.758272977747E-05    2.176488810775E+01   -8.330643500493E-02    6.323759686096E-05
    2.511886686283E-02    3.265222177625E+01    2.854180502614E+01   -9.751598575043E-02   -8.991621664923E-02    6.385434362350E-05    5.616710038668E-05    2.051543401766E+01   -7.738879221237E-02    5.330404056576E-05
    2.660725325452E-02    3.088608341087E+01    2.683275370104E+01   -9.083626035495E-02   -8.334117339242E-02    5.328438433965E-05    4.586005618394E-05    1.933940228660E+01   -7.184654973681E-02    4.432195827039E-05
    2.818383208192E-02    2.922151554187E+01    2.522510965266E+01   -8.457117908835E-02   -7.718513994901E-02    4.372389651603E-05    3.657662976623E-05    1.823228255589E+01   -6.665664463241E-02    3.621816691573E-05
    2.985382907523E-02    2.765226644940E+01    2.371264845797E+01   -7.869507484841E-02   -7.142249638548E-02    3.509416187211E-05    2.823780892816E-05    1.718984010129E+01   -6.179742522368E-02    2.892460543466E-05
    3.162277960863E-02    2.617246482108E+01    2.228952718078E+01   -7.318385220928E-02   -6.602919607457E-02    2.732204056374E-05    2.077013168331E-05    1.620809896748E+01   -5.724856527566E-02    2.237798760297E-05
    3.349654704782E-02    2.477659642003E+01    2.095026110382E+01   -6.801489238870E-02   -6.098267040605E-02    2.033959691717E-05    1.410530901124E-05    1.528332614691E+01   -5.299098353549E-02    1.651947879370E-05
    3.548134218475E-02    2.345948219067E+01    1.968970190086E+01   -6.316696421260E-02   -5.626173943923E-02    1.408375117238E-05    8.179873301262E-06    1.441201673580E+01   -4.900676829752E-02    1.129439490712E-05
    3.758374382392E-02    2.221625772311E+01    1.850301716968E+01   -5.862014074948E-02   -5.184652816102E-02    8.495955587321E-06    2.934850820366E-06    1.359088001357E+01   -4.527910671104E-02    6.651922055799E-06
    3.981072058850E-02    2.104235399459E+01    1.738567124371E+01   -5.435572127597E-02   -4.771838800113E-02    3.521893215513E-06   -1.684543504620E-06    1.281682639008E+01   -4.179221853940E-02    2.544855553015E-06
    4.216965401853E-02    1.993347930432E+01    1.633340719845E+01   -5.035615822656E-02   -4.385982324717E-02   -8.888023469350E-07   -5.729190713847E-06    1.208695516367E+01   -3.853129407254E-02   -1.070643259776E-06
    4.466836303778E-02    1.888560233669E+01    1.534222998714E+01   -4.660498885676E-02   -4.025442207648E-02   -4.782807616577E-06   -9.246333243661E-06    1.139854304571E+01   -3.548243595796E-02   -4.235273524981E-06
    4.731512987035E-02    1.789493628506E+01    1.440839063701E+01   -4.308677133586E-02   -3.688679190743E-02   -8.203351697561E-06   -1.227982259309E-05    1.074903340519E+01   -3.263260470363E-02   -6.986805935337E-06
    5.011872749299E-02    1.695792397551E+01    1.352837144467E+01   -3.978702501556E-02   -3.374249880102E-02   -1.119044186186E-05   -1.487035052910E-05    1.013602619195E+01   -2.996956763116E-02   -9.360279454113E-06
    5.308844871396E-02    1.607122392491E+01    1.269887210392E+01   -3.669217459703E-02   -3.080801062004E-02   -1.378107360027E-05   -1.705566520186E-05    9.557268493268E+00   -2.748185103770E-02   -1.138818485147E-05
    5.623413697503E-02    1.523169729543E+01    1.191679672662E+01   -3.378949803415E-02   -2.807064376213E-02   -1.600942605230E-05   -1.887077309108E-05    9.010645697830E+00   -2.515869541879E-02   -1.310063582614E-05
    5.956621897853E-02    1.443639568040E+01    1.117924168978E+01   -3.106707789448E-02   -2.551851317016E-02   -1.790704417181E-05   -2.034812812867E-05    8.494173221805E+00   -2.299001350931E-02   -1.452552885547E-05
    6.309573924774E-02    1.368254968147E+01    1.048348426693E+01   -2.851375600299E-02   -2.314048542140E-02   -1.950300857287E-05   -2.151780893192E-05    8.005988769305E+00   -2.096635098334E-02   -1.568869255980E-05
    6.683439673506E-02    1.296755823387E+01    9.826971997784E+00   -2.611909117581E-02   -2.092613467830E-02   -2.082409406765E-05   -2.240768513156E-05    7.544345096622E+00   -1.907884963973E-02   -1.661402741409E-05
    7.079458359939E-02    1.228897864027E+01    9.207312753838E+00   -2.387331986549E-02   -1.886570129518E-02   -2.189491785449E-05   -2.304357371016E-05    7.107603252293E+00   -1.731921291040E-02   -1.732363658354E-05
    7.498942628119E-02    1.164451727602E+01    8.622265459007E+00   -2.176731954398E-02   -1.695005287892E-02   -2.273807829035E-05   -2.344938622136E-05    6.694226266250E+00   -1.567967353298E-02   -1.783794862637E-05
    7.943282901137E-02    1.103202093179E+01    8.069731427029E+00   -1.979257465886E-02   -1.517064760911E-02   -2.337428514740E-05   -2.364726770177E-05    6.302773263185E+00   -1.415296323664E-02   -1.817583276256E-05
    8.413951989832E-02    1.044946876931E+01    7.547746286000E+00   -1.794114503242E-02   -1.351949965101E-02   -2.382248214108E-05   -2.365772795116E-05    5.931893981552E+00   -1.273228431642E-02   -1.835470729230E-05
    8.912509974568E-02    9.894964854955E+00    7.054472448994E+00   -1.620563652309E-02   -1.198914645149E-02   -2.409996271045E-05   -2.349976597827E-05    5.580323671882E+00   -1.141128293354E-02   -1.839064187900E-05
    9.440609376280E-02    9.366731251448E+00    6.588192103757E+00   -1.457917382400E-02   -1.057261775548E-02   -2.422247972302E-05   -2.319098817665E-05    5.246878358137E+00   -1.018402402287E-02   -1.829845418332E-05
    1.000000063392E-01    8.863101645097E+00    6.147300690567E+00   -1.305537525342E-02   -9.263406163212E-03   -2.420435013514E-05   -2.274772086760E-05    4.930450443416E+00   -9.044967674356E-03   -1.809180148308E-05
    1.059253790647E-01    8.382515490283E+00    5.730300840170E+00   -1.162832939729E-02   -8.055439054317E-03   -2.405855564956E-05   -2.218511762139E-05    4.630004643718E+00   -7.988946861875E-03   -1.778326778926E-05
    1.122018521873E-01    7.923512651750E+00    5.335796741583E+00   -1.029257345539E-02   -6.943051698203E-03   -2.379683751454E-05   -2.151726203097E-05    4.344574232278E+00   -7.011146387474E-03   -1.738444627061E-05
    1.188502297128E-01    7.484728536234E+00    4.962488917431E+00   -9.043073148985E-03   -5.920961387203E-03   -2.342979608652E-05   -2.075726604775E-05    4.073257583234E+00   -6.107082923497E-03   -1.690602013986E-05
    1.258925483619E-01    7.064889698424E+00    4.609169377184E+00   -7.875204034527E-03   -4.984242401143E-03   -2.296697452124E-05   -1.991736450561E-05    3.815214998678E+00   -5.272586017317E-03   -1.635783628742E-05
    1.333521506131E-01    6.662809911438E+00    4.274717121920E+00   -6.784734162672E-03   -4.128301681602E-03   -2.241695827796E-05   -1.900900458807E-05    3.569665805921E+00   -4.503779985354E-03   -1.574898018887E-05
    1.412537620735E-01    6.277386696937E+00    3.958093974456E+00   -5.767807352113E-03   -3.348854806701E-03   -2.178746227860E-05   -1.804293604305E-05    3.335885713313E+00   -3.797066301508E-03   -1.508784734747E-05
    1.496235734345E-01    5.907598308415E+00    3.658340708509E+00   -4.820928045006E-03   -2.641902550664E-03   -2.108542880300E-05   -1.702929171054E-05    3.113204412490E+00   -3.149106893675E-03   -1.438221164914E-05
    1.584893272837E-01    5.552501158436E+00    3.374573442946E+00   -3.940946219468E-03   -2.003707324875E-03   -2.031711537555E-05   -1.597766797856E-05    2.901003411197E+00   -2.556807590938E-03   -1.363929056942E-05
    1.678804100600E-01    5.211227696948E+00    3.105980277184E+00   -3.125042795220E-03   -1.430769592405E-03   -1.948819717311E-05   -1.489720135967E-05    2.698714089468E+00   -2.017301903131E-03   -1.286581201929E-05
    1.778279494585E-01    4.882984726950E+00    2.851818127681E+00   -2.370715140168E-03   -9.198040273950E-04   -1.860386810510E-05   -1.379663992607E-05    2.505815959780E+00   -1.527934922230E-03   -1.206807759422E-05
    1.883649176061E-01    4.567052157600E+00    2.611409730466E+00   -1.675762240429E-03   -4.677151992353E-04   -1.766894810784E-05   -1.268441016135E-05    2.321835117771E+00   -1.086247134024E-03   -1.125202490430E-05
    1.995262403507E-01    4.262782187364E+00    2.384140766992E+00   -1.038269142989E-03   -7.157260684918E-05   -1.668799662925E-05   -1.156867816629E-05    2.146342865126E+00   -6.899579626149E-04   -1.042328853334E-05
    2.113489130272E-01    3.969598906862E+00    2.169457065402E+00   -4.565901826066E-04    2.714151115207E-04   -1.566543321333E-05   -1.045740416795E-05    1.978954483465E+00   -3.369488438912E-04   -9.587259523488E-06
    2.238721230814E-01    3.686998305462E+00    1.966861822459E+00    7.066957791270E-05    5.639269497830E-04   -1.460566593763E-05   -9.358388988127E-06    1.819328133999E+00   -2.524560941087E-05   -8.749143139544E-06
    2.371373799615E-01    3.414548657341E+00    1.775912783243E+00    5.446753586755E-04    8.085574146063E-04   -1.351322820264E-05   -8.279310794322E-06    1.667163852340E+00    2.470000519533E-04   -7.914014487073E-06
    2.511886527050E-01    3.151891251270E+00    1.596219306272E+00    9.663868948370E-04    1.007845599727E-03   -1.239292398913E-05   -7.227750080626E-06    1.522202601129E+00    4.815302994374E-04   -7.086871330748E-06
    2.660725156783E-01    2.898741412811E+00    1.427439230830E+00    1.336586775303E-03    1.164305475570E-03   -1.124998114428E-05   -6.211200409240E-06    1.384225334714E+00    6.800022658543E-04   -6.272683172609E-06
    2.818383029529E-01    2.654889746985E+00    1.269275451152E+00    1.655913895699E-03    1.280457326954E-03   -1.009021147567E-05   -5.237061996149E-06    1.253052019786E+00    8.440108570946E-04   -5.476435292821E-06
    2.985382718274E-01    2.420203502651E+00    1.121472088802E+00    1.924903159676E-03    1.358860149588E-03   -8.920175360107E-06   -4.312614754673E-06    1.128540543331E+00    9.751134701246E-04   -4.703166012211E-06
    3.162277760400E-01    2.194627925341E+00    9.838101407501E-01    2.144032681812E-03    1.402144650806E-03   -7.747347128590E-06   -3.444966958083E-06    1.010585424351E+00    1.074856847353E-03   -3.957994897080E-06
    3.349654492440E-01    1.978187421497E+00    8.561024665880E-01    2.313779851776E-03    1.413046281028E-03   -6.580275573435E-06   -2.640975271690E-06    8.991162281026E-01    1.144806236101E-03   -3.246138972444E-06
    3.548133993551E-01    1.770986302212E+00    7.381879657800E-01    2.434687687444E-03    1.394437436338E-03   -5.428731425707E-06   -1.907131632603E-06    7.940955613129E-01    1.186576938524E-03   -2.572913241227E-06
    3.758374144141E-01    1.573208806110E+00    6.299247858617E-01    2.507442919803E-03    1.349357604704E-03   -4.303830426092E-06   -1.249412392578E-06    6.955165035306E-01    1.201868210044E-03   -1.943710905830E-06
    3.981071806482E-01    1.385118017116E+00    5.311823984893E-01    2.532967167666E-03    1.281039764182E-03   -3.218116520360E-06   -6.730854750809E-07    6.033993042015E-01    1.192499274935E-03   -1.363957679253E-06
    4.216965134532E-01    1.207053190043E+00    4.418323851918E-01    2.512522335864E-03    1.192930764353E-03   -2.185584556263E-06   -1.824722170417E-07    5.177871472879E-01    1.160446958577E-03   -8.390334620499E-07
    4.466836020616E-01    1.039424873116E+00    3.617377947038E-01    2.447830925859E-03    1.088702722671E-03   -1.221615479099E-06    2.193375938726E-07    4.387407568762E-01    1.107884060577E-03   -3.741535171953E-07
    4.731512687095E-01    8.827070680086E-01    2.907409758533E-01    2.341211187826E-03    9.722516393731E-04   -3.427892130634E-07    5.308158071479E-07    3.663315897337E-01    1.037217081814E-03    2.579982173600E-08
    5.011872431586E-01    7.374254918627E-01    2.286498647945E-01    2.195725820590E-03    8.476784894342E-04    4.334689869303E-07    7.523643567666E-07    3.006333371874E-01    9.511212327702E-04    3.565047655256E-07
    5.308844534858E-01    6.041407997748E-01    1.752228271920E-01    2.015341031254E-03    7.192470301920E-04    1.089463979660E-06    8.867075247501E-07    2.417114435782E-01    8.525697446484E-04    6.144972978747E-07
    5.623413341023E-01    4.834253857436E-01    1.301523434639E-01    1.805089893671E-03    5.913115463292E-04    1.608095989975E-06    9.392820027196E-07    1.896103473584E-01    7.448533174128E-04    7.975479419688E-07
    5.956621520251E-01    3.758321072509E-01    9.304810451631E-02    1.571229623848E-03    4.682069287111E-04    1.974097186174E-06    9.185822951955E-07    1.443381738764E-01    6.315840010816E-04    9.051261043044E-07
    6.309573524797E-01    2.818529657353E-01    6.342048967933E-02    1.321375891889E-03    3.540931268086E-04    2.175736715993E-06    8.363959912567E-07    1.058486660015E-01    5.166758055938E-04    9.389564398946E-07
    6.683439249830E-01    2.018654319380E-01    4.066597193843E-02    1.064587254304E-03    2.527467210728E-04    2.207096875490E-06    7.078323727486E-07    7.402024918251E-02    4.042916899147E-04    9.036622971133E-07
    7.079457911159E-01    1.360637226778E-01    2.405679507057E-02    8.113575581838E-04    1.672950077787E-04    2.071036048729E-06    5.510065575263E-07    4.863231007639E-02    2.987431288135E-04    8.074804085953E-07
    7.498942152746E-01    8.437192782475E-02    1.273836483579E-02    5.734483737063E-04    9.989436745966E-05    1.782917208596E-06    3.861904913481E-07    2.933905366312E-02    2.043232887805E-04    6.630021014934E-07
    7.943282397597E-01    4.633545272585E-02    5.739282880222E-03    3.634501622542E-04    5.136776580377E-05    1.375105864616E-06    2.341835390191E-07    1.564172739803E-02    1.250470215772E-04    4.878534508899E-07
    8.413951456455E-01    2.098679558210E-02    2.000939029721E-03    1.938774264199E-04    2.084212419619E-05    9.019724756555E-07    1.136046944575E-07    6.860609635067E-03    6.425609816549E-05    3.051301463625E-07
    8.912509409587E-01    6.681240638804E-03    4.361982497074E-04    7.542193659521E-05    5.477970367247E-06    4.443165249338E-07    3.681548347225E-08    2.109011618842E-03    2.401442036628E-05    1.431672103278E-07
    9.440608777821E-01    8.976857675205E-04    3.012318157130E-05    1.349387977573E-05    4.952988773353E-07    1.090499234325E-07    4.439358464257E-09    2.727194540967E-04    4.115347467877E-06    3.342110558896E-08
