# Q1 =   100.0000 , Q2 =   500.0000
# x  F3Wp(LO) F3Wm(LO) F3Wp(NLO) F3Wm(NLO) F3Wp(NNLO) F3Wm(NNLO) F3Z(LO) F3Z(NLO) F3Z(NNLO)
    1.000000316960E-05   -4.896195160591E+04    4.912604594116E+04    1.640578768828E+01   -1.643046779410E+01    3.902157264132E-02   -3.974691869895E-02    4.246739854691E+01   -6.903212411497E-03   -1.874150861846E-04
    1.059254059240E-05   -4.595251830953E+04    4.611473258258E+04    1.539669249740E+01   -1.542444491985E+01    3.660620989994E-02   -3.732206938666E-02    4.198083512530E+01   -7.693935579249E-03   -1.849072650481E-04
    1.122018806381E-05   -4.312779699369E+04    4.328815271049E+04    1.444942600020E+01   -1.448018754203E+01    3.433955797911E-02   -3.504568491729E-02    4.149983732826E+01   -8.468310337723E-03   -1.823489244037E-04
    1.188502598494E-05   -4.047645343362E+04    4.063497185323E+04    1.356019657073E+01   -1.359390488265E+01    3.221244488762E-02   -3.290861766539E-02    4.102434125281E+01   -9.226527386059E-03   -1.797432745952E-04
    1.258925802843E-05   -3.798784885723E+04    3.814455099462E+04    1.272544520687E+01   -1.276203854061E+01    3.021631007743E-02   -3.090239591651E-02    4.055428371695E+01   -9.968771373745E-03   -1.770932607462E-04
    1.333521844269E-05   -3.565199727347E+04    3.580690390223E+04    1.194183125727E+01   -1.198125034574E+01    2.834311790823E-02   -2.901895274705E-02    4.008960225323E+01   -1.069523955959E-02   -1.744015110121E-04
    1.412537978909E-05   -3.345952541888E+04    3.361265707400E+04    1.120622076690E+01   -1.124840166372E+01    2.658532543264E-02   -2.725075558834E-02    3.963023509912E+01   -1.140608251888E-02   -1.716709660300E-04
    1.496236113743E-05   -3.140163516185E+04    3.155301214238E+04    1.051566682307E+01   -1.056055174999E+01    2.493584454656E-02   -2.559073718294E-02    3.917612118860E+01   -1.210149346479E-02   -1.689043730907E-04
    1.584893674715E-05   -2.947006821358E+04    2.961971058532E+04    9.867408536696E+00   -9.914938543021E+00    2.338804387116E-02   -2.403225511746E-02    3.872720014397E+01   -1.278165807120E-02   -1.661044257295E-04
    1.678804526291E-05   -2.765707300437E+04    2.780500060245E+04    9.258852656778E+00   -9.308969466924E+00    2.193567768907E-02   -2.256908366730E-02    3.828341226748E+01   -1.344673125388E-02   -1.632737608160E-04
    1.778279945500E-05   -2.595537359226E+04    2.610160602377E+04    8.687565806478E+00   -8.740211032242E+00    2.057288935714E-02   -2.119483211129E-02    3.784469853192E+01   -1.409689184277E-02   -1.604148530932E-04
    1.883649653694E-05   -2.435814047942E+04    2.450269712598E+04    8.151261568553E+00   -8.206379074814E+00    1.929418133759E-02   -1.990567025473E-02    3.741100057319E+01   -1.473231562197E-02   -1.575305419766E-04
    1.995262909442E-05   -2.285896321917E+04    2.300186323944E+04    7.647796119986E+00   -7.705329593460E+00    1.809439780021E-02   -1.869476746326E-02    3.698226068226E+01   -1.535316773370E-02   -1.546229790432E-04
    2.113489666185E-05   -2.145182470376E+04    2.159308703595E+04    7.175156377415E+00   -7.235050149858E+00    1.696868515795E-02   -1.755784783102E-02    3.655842179711E+01   -1.595961422694E-02   -1.516946834945E-04
    2.238721798482E-05   -2.013107702985E+04    2.027072039419E+04    6.731452756343E+00   -6.793651695106E+00    1.591250122783E-02   -1.649038247981E-02    3.613942749422E+01   -1.655181920031E-02   -1.487479749983E-04
    2.371374400920E-05   -1.889141884476E+04    1.902946174593E+04    6.314911593683E+00   -6.379363192212E+00    1.492157700530E-02   -1.548811175150E-02    3.572522198116E+01   -1.712993876349E-02   -1.457852430470E-04
    2.511887163984E-05   -1.772787408280E+04    1.786433481236E+04    5.923869851989E+00   -5.990516635218E+00    1.399190696385E-02   -1.454703751532E-02    3.531575008853E+01   -1.769417663655E-02   -1.428086954777E-04
    2.660725831458E-05   -1.663577200621E+04    1.677066864496E+04    5.556761064656E+00   -5.625551780592E+00    1.311972978891E-02   -1.366340712075E-02    3.491095726075E+01   -1.824462199638E-02   -1.398205339397E-04
    2.818383744181E-05   -1.561072847082E+04    1.574407889115E+04    5.212120311530E+00   -5.283002384261E+00    1.230151702290E-02   -1.283369832495E-02    3.451078954991E+01   -1.878146300698E-02   -1.368217379569E-04
    2.985383475271E-05   -1.464862834115E+04    1.478045020936E+04    4.888570721132E+00   -4.961492177272E+00    1.153396623768E-02   -1.205460514942E-02    3.411519360754E+01   -1.930485425606E-02   -1.338179157598E-04
    3.162278562252E-05   -1.374560898454E+04    1.387591976313E+04    4.584819885185E+00   -4.659729345192E+00    1.081404515258E-02   -1.132302460237E-02    3.372411667675E+01   -1.981494847769E-02   -1.308076054528E-04
    3.349655341806E-05   -1.289804477801E+04    1.302686172793E+04    4.299654676318E+00   -4.376501346208E+00    1.013850855957E-02   -1.063604421280E-02    3.333750658463E+01   -2.031189658652E-02   -1.277939754254E-04
    3.548134893245E-05   -1.210253256574E+04    1.222987274865E+04    4.031936250138E+00   -4.110670047194E+00    9.504973253016E-03   -9.990930336342E-03    3.295531173505E+01   -2.079584766867E-02   -1.247789741324E-04
    3.758375097145E-05   -1.135587800892E+04    1.148175828934E+04    3.780595990708E+00   -3.861167158190E+00    8.910740689166E-03   -9.385102826438E-03    3.257748110007E+01   -2.126694902187E-02   -1.217645023749E-04
    3.981072815955E-05   -1.065508277305E+04    1.077951982058E+04    3.544630651678E+00   -3.626989947033E+00    8.353395463728E-03   -8.816182992740E-03    3.220396421277E+01   -2.172534617268E-02   -1.187524122389E-04
    4.216966203819E-05   -9.997332501489E+03    1.012034279292E+04    3.323098171823E+00   -3.407197216818E+00    7.830670191723E-03   -8.281895158954E-03    3.183471116016E+01   -2.217118288012E-02   -1.157445090609E-04
    4.466837153263E-05   -9.379985526835E+03    9.501585348268E+03    3.115114720272E+00   -3.200921494842E+00    7.340436435745E-03   -7.780117719901E-03    3.146967257559E+01   -2.260461674283E-02   -1.127425509220E-04
    4.731513886856E-05   -8.800562275047E+03    8.920767723990E+03    2.919852274948E+00   -3.007286881001E+00    6.880696189890E-03   -7.308859335742E-03    3.110879963127E+01   -2.302575196342E-02   -1.097482497023E-04
    5.011873702437E-05   -8.256735319642E+03    8.375562307057E+03    2.736528371572E+00   -2.825560453581E+00    6.449573882967E-03   -6.866250935936E-03    3.075204403077E+01   -2.343475700237E-02   -1.067632719637E-04
    5.308845881011E-05   -7.746320046171E+03    7.863784298507E+03    2.564413771008E+00   -2.654996937094E+00    6.045308876581E-03   -6.450538211121E-03    3.039935800220E+01   -2.383174996567E-02   -1.037892387053E-04
    5.623414766941E-05   -7.267265889509E+03    7.383382950697E+03    2.402822218399E+00   -2.494910605882E+00    5.666248418158E-03   -6.060074569045E-03    3.005069428939E+01   -2.421687998593E-02   -1.008276697164E-04
    5.956623030659E-05   -6.817648108795E+03    6.932433342223E+03    2.251109549770E+00   -2.344657816878E+00    5.310841027374E-03   -5.693314520337E-03    2.970600614583E+01   -2.459027589344E-02   -9.788021220881E-05
    6.309575124703E-05   -6.395660067059E+03    6.509128657514E+03    2.108671109588E+00   -2.203634427582E+00    4.977630289244E-03   -5.348732254946E-03    2.936524732716E+01   -2.495206950527E-02   -9.494829767146E-05
    6.683440944536E-05   -5.999605984543E+03    6.111772940129E+03    1.974939326785E+00   -2.071273372428E+00    4.665249026959E-03   -5.025198622620E-03    2.902837208371E+01   -2.530238155059E-02   -9.203337250331E-05
    7.079459706283E-05   -5.627894136679E+03    5.738774290702E+03    1.849382857855E+00   -1.947044168950E+00    4.372413830502E-03   -4.721196112770E-03    2.869533515335E+01   -2.564136886718E-02   -8.913684071011E-05
    7.498944054238E-05   -5.279030469413E+03    5.388638482245E+03    1.731498661197E+00   -1.830443549076E+00    4.097919923441E-03   -4.435607804563E-03    2.836609175423E+01   -2.596913003941E-02   -8.626006450184E-05
    7.943284411759E-05   -4.951612606289E+03    5.059962967198E+03    1.620818868392E+00   -1.721004475267E+00    3.840636342081E-03   -4.167307875819E-03    2.804059757744E+01   -2.628579977224E-02   -8.340436443952E-05
    8.413953589964E-05   -4.644324223247E+03    4.751431252199E+03    1.516902844343E+00   -1.618286793667E+00    3.599501411112E-03   -3.915239641818E-03    2.771880877899E+01   -2.659150174933E-02   -8.057106703468E-05
    8.912511669514E-05   -4.355929768569E+03    4.461807618003E+03    1.419336975959E+00   -1.521878249110E+00    3.373518497684E-03   -3.678411307824E-03    2.740068197358E+01   -2.688634885141E-02   -7.776131916843E-05
    9.440611171657E-05   -4.085269506798E+03    4.189932163379E+03    1.327733014238E+00   -1.431389280049E+00    3.161752024053E-03   -3.455891985203E-03    2.708617422698E+01   -2.717052844306E-02   -7.497620691099E-05
    1.000000253568E-04   -3.831254866760E+03    3.934716153095E+03    1.241726518122E+00   -1.346456784423E+00    2.963323727191E-03   -3.246803577673E-03    2.677524304870E+01   -2.744405283223E-02   -7.221737364561E-05
    1.059253992091E-04   -3.592864075017E+03    3.695137651351E+03    1.160975393823E+00   -1.266739130128E+00    2.777409145491E-03   -3.050334982524E-03    2.646784638462E+01   -2.770708829919E-02   -6.948530184139E-05
    1.122018735254E-04   -3.369138057247E+03    3.470237423125E+03    1.085158885437E+00   -1.191915653342E+00    2.603238120498E-03   -2.865711883269E-03    2.616394261004E+01   -2.795975062213E-02   -6.678155257410E-05
    1.188502523153E-04   -3.159176591107E+03    3.259115087010E+03    1.013974819430E+00   -1.121685371952E+00    2.440076340532E-03   -2.692211836009E-03    2.586349052142E+01   -2.820215403125E-02   -6.410701295952E-05
    1.258925723037E-04   -2.962134695149E+03    3.060925504098E+03    9.471406339730E-01   -1.055765777976E+00    2.287245729492E-03   -2.529156758001E-03    2.556644932945E+01   -2.843441121758E-02   -6.146269218796E-05
    1.333521759735E-04   -2.777219239302E+03    2.874875388445E+03    8.843738551345E-01   -9.938917040612E-01    2.144106029836E-03   -2.375910204449E-03    2.527277865190E+01   -2.865658306371E-02   -5.884956269014E-05
    1.412537889366E-04   -2.603685763342E+03    2.700220125496E+03    8.254761290486E-01   -9.358142595496E-01    2.010056203930E-03   -2.231877965831E-03    2.498243850589E+01   -2.886892998710E-02   -5.626856066476E-05
    1.496236018893E-04   -2.440835490557E+03    2.536260785736E+03    7.701620758132E-01   -8.812998318020E-01    1.884532030615E-03   -2.096492868366E-03    2.469538930047E+01   -2.907140927625E-02   -5.372058657331E-05
    1.584893574245E-04   -2.288012524664E+03    2.382341321570E+03    7.182288091441E-01   -8.301291487882E-01    1.767003851498E-03   -1.969231992946E-03    2.441159182899E+01   -2.926417776780E-02   -5.120647942858E-05
    1.678804419868E-04   -2.144601218709E+03    2.237845936199E+03    6.694710846250E-01   -7.820963991241E-01    1.656974454337E-03   -1.849598914255E-03    2.413100726191E+01   -2.944730963449E-02   -4.872712240058E-05
    1.778279832772E-04   -2.010023705416E+03    2.102196613931E+03    6.236948181477E-01   -7.370084061642E-01    1.553977084982E-03   -1.737135046505E-03    2.385359713768E+01   -2.962097049093E-02   -4.628328517683E-05
    1.883649534286E-04   -1.883737579061E+03    1.974850802034E+03    5.807182961295E-01   -6.946838498702E-01    1.457573583535E-03   -1.631402705241E-03    2.357932335650E+01   -2.978523115620E-02   -4.387573016224E-05
    1.995262782958E-04   -1.765233719585E+03    1.855299234817E+03    5.403709428236E-01   -6.549525713831E-01    1.367352633379E-03   -1.531995593325E-03    2.330814817193E+01   -2.994024573002E-02   -4.150518643230E-05
    2.113489532207E-04   -1.654034250223E+03    1.743063891225E+03    5.024926370760E-01   -6.176547960322E-01    1.282928118054E-03   -1.438523795467E-03    2.304003418303E+01   -3.008595247786E-02   -3.917235021190E-05
    2.238721656565E-04   -1.549690620439E+03    1.637696077752E+03    4.669330709980E-01   -5.826405990899E-01    1.204006501825E-03   -1.350634051745E-03    2.277494432635E+01   -3.022266203511E-02   -3.687788528497E-05
    2.371374250594E-04   -1.451781806499E+03    1.538774628974E+03    4.335511480255E-01   -5.497690231654E-01    1.130038974608E-03   -1.267986393797E-03    2.251284186800E+01   -3.035031147299E-02   -3.462242357613E-05
    2.511887004750E-04   -1.359912622450E+03    1.445904218503E+03    4.022144179038E-01   -5.189092635633E-01    1.060916602411E-03   -1.190263799347E-03    2.225369039510E+01   -3.046904826268E-02   -3.240656531980E-05
    2.660725662789E-04   -1.273712134737E+03    1.358713773566E+03    3.727985463149E-01   -4.899354772607E-01    9.962700671249E-04   -1.117168700849E-03    2.199745380732E+01   -3.057893029506E-02   -3.023088001925E-05
    2.818383565518E-04   -1.192832174094E+03    1.276854986871E+03    3.451868171413E-01   -4.627321362505E-01    9.358152207652E-04   -1.048421789858E-03    2.174409630898E+01   -3.068015440319E-02   -2.809590649542E-05
    2.985383286022E-04   -1.116945938747E+03    1.200000919775E+03    3.192696652182E-01   -4.371900240943E-01    8.792892196356E-04   -9.837608942285E-04    2.149358240032E+01   -3.077270523103E-02   -2.600215345255E-05
    3.162278361789E-04   -1.045746683323E+03    1.127844691159E+03    2.949442784237E-01   -4.132066309629E-01    8.264428478610E-04   -9.229399249349E-04    2.124587686872E+01   -3.085669905197E-02   -2.395009996992E-05
    3.349655129464E-04   -9.789464882055E+02    1.060098246751E+03    2.721140086434E-01   -3.906857419881E-01    7.770458277507E-04   -8.657278870275E-04    2.100094477993E+01   -3.093223753250E-02   -2.194019590751E-05
    3.548134668321E-04   -9.162751043994E+02    9.964912039559E+02    2.506882785341E-01   -3.695366346053E-01    7.308783747699E-04   -8.119079515534E-04    2.075875146933E+01   -3.099939871978E-02   -1.997280742994E-05
    3.758374858894E-04   -8.574788692792E+02    9.367697675693E+02    2.305820922531E-01   -3.496754036933E-01    6.877353833618E-04   -7.612765843755E-04    2.051926253190E+01   -3.105826653676E-02   -1.804843754841E-05
    3.981072563587E-04   -8.023196888614E+02    8.806957120149E+02    2.117153890328E-01   -3.310220689328E-01    6.474243331555E-04   -7.136427113362E-04    2.028244381367E+01   -3.110892337743E-02   -1.616739562480E-05
    4.216965936497E-04   -7.505740825266E+02    8.280454260305E+02    1.940132775194E-01   -3.135019401280E-01    6.097645199502E-04   -6.688280008235E-04    2.004826140206E+01   -3.115145010014E-02   -1.433001918305E-05
    4.466836870101E-04   -7.020322863566E+02    7.786090159687E+02    1.774053666399E-01   -2.970449107536E-01    5.745594416231E-04   -6.266619253879E-04    1.981668161618E+01   -3.118592602163E-02   -1.253661849048E-05
    4.731513586915E-04   -6.564974114909E+02    7.321894641159E+02    1.618255756631E-01   -2.815850693522E-01    5.417305809779E-04   -5.869878839006E-04    1.958767099685E+01   -3.121242890983E-02   -1.078747733145E-05
    5.011873384724E-04   -6.137846541264E+02    6.886018386534E+02    1.472118699700E-01   -2.670612099225E-01    5.110478479840E-04   -5.496571077217E-04    1.936119629658E+01   -3.123103497331E-02   -9.082853307256E-06
    5.308845544473E-04   -5.737205539919E+02    6.476725520935E+02    1.335060130506E-01   -2.534151044538E-01    4.823979045574E-04   -5.145304484482E-04    1.913722446923E+01   -3.124181379630E-02   -7.422977697363E-06
    5.623414410462E-04   -5.361422983239E+02    6.092386652130E+02    1.206533336525E-01   -2.405919877867E-01    4.556491422292E-04   -4.814771476701E-04    1.891572265888E+01   -3.124485360272E-02   -5.808031664749E-06
    5.956622653057E-04   -5.008970685489E+02    5.731472336969E+02    1.086023113631E-01   -2.285411043946E-01    4.306779807867E-04   -4.503744461878E-04    1.869665818968E+01   -3.124021071737E-02   -4.238249126584E-06
    6.309574724727E-04   -4.678414270552E+02    5.392546948681E+02    9.730516752410E-02   -2.172145434367E-01    4.073693151435E-04   -4.211070916633E-04    1.847999855449E+01   -3.122794756556E-02   -2.713760607869E-06
    6.683440520859E-04   -4.368407415935E+02    5.074262920445E+02    8.671650000454E-02   -2.065673371094E-01    3.856129279811E-04   -3.935668764108E-04    1.826571140352E+01   -3.120815755023E-02   -1.234685696068E-06
    7.079459257502E-04   -4.077686449967E+02    4.775355342149E+02    7.679383320903E-02   -1.965572798981E-01    3.653074591973E-04   -3.676522035497E-04    1.805376453263E+01   -3.118089467810E-02    1.988394644972E-07
    7.498943578865E-04   -3.805065280524E+02    4.494636888669E+02    6.749706648413E-02   -1.871520093834E-01    3.463571329112E-04   -3.432676797887E-04    1.784412587148E+01   -3.114622394797E-02    1.586749335651E-06
    7.943283908219E-04   -3.549430634952E+02    4.230993059315E+02    5.878911393559E-02   -1.782927441906E-01    3.286720836256E-04   -3.203237331781E-04    1.763676347089E+01   -3.110420870641E-02    2.928970690766E-06
    8.413953056587E-04   -3.309737592072E+02    3.983377709364E+02    5.063470324391E-02   -1.699660392385E-01    3.121679955566E-04   -2.987356973414E-04    1.743164549032E+01   -3.105491063773E-02    4.225466273914E-06
    8.912511104532E-04   -3.085005388348E+02    3.750808855749E+02    4.300084816072E-02   -1.621319852113E-01    2.967657648853E-04   -2.784262610075E-04    1.722874018512E+01   -3.099838973989E-02    5.476209892234E-06
    9.440610573198E-04   -2.874313481423E+02    3.532364740082E+02    3.585658080318E-02   -1.547599904293E-01    2.823911822364E-04   -2.593195792347E-04    1.702801589298E+01   -3.093470431156E-02    6.681221092158E-06
    1.000000190176E-03   -2.676797855204E+02    3.327180133232E+02    2.917282809525E-02   -1.478208553612E-01    2.689746345627E-04   -2.413465496886E-04    1.682944102030E+01   -3.086391093455E-02    7.840510689814E-06
    1.059253924943E-03   -2.491647551690E+02    3.134442866612E+02    2.292225248855E-02   -1.412881978690E-01    2.564508253724E-04   -2.244414338769E-04    1.663298402796E+01   -3.078606445884E-02    8.954125737778E-06
    1.122018664127E-03   -2.318101415625E+02    2.953390576296E+02    1.707931904817E-02   -1.351359423778E-01    2.447585123698E-04   -2.085434282079E-04    1.643861341702E+01   -3.070121797776E-02    1.002214333850E-05
    1.188502447811E-03   -2.155445038939E+02    2.783307646871E+02    1.161990926862E-02   -1.293404533049E-01    2.338402602930E-04   -1.935944759122E-04    1.624629771317E+01   -3.060942282524E-02    1.104463666157E-05
    1.258925643231E-03   -2.003007892669E+02    2.623522342808E+02    6.521471629507E-03   -1.238793404518E-01    2.236422278282E-04   -1.795403533731E-04    1.605600545185E+01   -3.051074525691E-02    1.202172782826E-05
    1.333521675200E-03   -1.860160634918E+02    2.473404115806E+02    1.762770935810E-03   -1.187315886488E-01    2.141138601316E-04   -1.663301192851E-04    1.586770516223E+01   -3.040519940837E-02    1.295352167184E-05
    1.412537799822E-03   -1.726312584009E+02    2.332361077343E+02   -2.676062098634E-03   -1.138774731984E-01    2.052078649298E-04   -1.539159119605E-04    1.568136535084E+01   -3.029284809302E-02    1.384019184443E-05
    1.496235924044E-03   -1.600909346728E+02    2.199837626271E+02   -6.813731896122E-03   -1.092984805088E-01    1.968799946444E-04   -1.422527589686E-04    1.549695448469E+01   -3.017373538645E-02    1.468188919154E-05
    1.584893473776E-03   -1.483430592111E+02    2.075312221962E+02   -1.066778272618E-02   -1.049772335935E-01    1.890883316129E-04   -1.312983984736E-04    1.531444097391E+01   -3.004790350446E-02    1.547879729510E-05
    1.678804313446E-03   -1.373387961878E+02    1.958295294060E+02   -1.425469878044E-02   -1.008974100713E-01    1.817940543358E-04   -1.210131115895E-04    1.513379315383E+01   -2.991539278653E-02    1.623111821709E-05
    1.778279720043E-03   -1.270323109110E+02    1.848327280462E+02   -1.758990508680E-02   -9.704373691089E-02    1.749606326784E-04   -1.113594160502E-04    1.495497926645E+01   -2.977624168246E-02    1.693905416285E-05
    1.883649414877E-03   -1.173805857298E+02    1.744976785661E+02   -2.068795304533E-02   -9.340179066403E-02    1.685538436560E-04   -1.023026632207E-04    1.477796744157E+01   -2.963048673141E-02    1.760287946166E-05
    1.995262656475E-03   -1.083432472397E+02    1.647838852056E+02   -2.356246909649E-02   -8.995813073090E-02    1.625416317356E-04   -9.380940977748E-05    1.460272567715E+01   -2.947816254770E-02    1.822283176485E-05
    2.113489398229E-03   -9.988240409432E+01    1.556533337314E+02   -2.622623036552E-02   -8.670001471767E-02    1.568939777236E-04   -8.584877717360E-05    1.442922181910E+01   -2.931930180789E-02    1.879918572059E-05
    2.238721514648E-03   -9.196249477276E+01    1.470703391254E+02   -2.869119632398E-02   -8.361574852030E-02    1.515827757119E-04   -7.839158453834E-05    1.425742354050E+01   -2.915391473967E-02    1.933222924398E-05
    2.371374100268E-03   -8.455014469153E+01    1.390014026166E+02   -3.096873594808E-02   -8.069398583466E-02    1.465817175751E-04   -7.141038296737E-05    1.408729832016E+01   -2.898208664658E-02    1.982227136752E-05
    2.511886845517E-03   -7.761403208901E+01    1.314150774820E+02   -3.306937808752E-02   -7.792431794967E-02    1.418661845589E-04   -6.487934769875E-05    1.391881342062E+01   -2.880379277906E-02    2.026962395711E-05
    2.660725494121E-03   -7.112476214278E+01    1.242818430788E+02   -3.500298905102E-02   -7.529691429525E-02    1.374131454700E-04   -5.877416094376E-05    1.375193586540E+01   -2.861902902638E-02    2.067465409362E-05
    2.818383386855E-03   -6.505474881590E+01    1.175739866026E+02   -3.677908193834E-02   -7.280254638461E-02    1.332010612687E-04   -5.307198193101E-05    1.358663241577E+01   -2.842795152118E-02    2.103770701878E-05
    2.985383096773E-03   -5.937810395769E+01    1.112654920975E+02   -3.840614447020E-02   -7.043255072344E-02    1.292097954315E-04   -4.775125853742E-05    1.342286954666E+01   -2.823044782381E-02    2.135915749234E-05
    3.162278161326E-03   -5.407053321404E+01    1.053319362734E+02   -3.989246584586E-02   -6.817879400256E-02    1.254207649562E-04   -4.279171069255E-05    1.326061342205E+01   -2.802658124620E-02    2.163939685978E-05
    3.349654917123E-03   -4.910923832950E+01    9.975039071238E+01   -4.124606451352E-02   -6.603369104113E-02    1.218159053370E-04   -3.817423451740E-05    1.309982986964E+01   -2.781636869972E-02    2.187883660175E-05
    3.548134443398E-03   -4.447282544933E+01    9.449933007245E+01   -4.247377580227E-02   -6.398992114410E-02    1.183790555265E-04   -3.388075311256E-05    1.294048435482E+01   -2.759982514331E-02    2.207789401232E-05
    3.758374620643E-03   -4.014121905281E+01    8.955854592097E+01   -4.358251992721E-02   -6.204101528115E-02    1.150948987567E-04   -2.989445280504E-05    1.278254195437E+01   -2.737696359251E-02    2.223701386671E-05
    3.981072311218E-03   -3.609558117355E+01    8.490906585085E+01   -4.457866332554E-02   -6.018034505773E-02    1.119491493977E-04   -2.619925205611E-05    1.262596732890E+01   -2.714779515079E-02    2.235665407312E-05
    4.216965669175E-03   -3.231823558156E+01    8.053307755720E+01   -4.546817920225E-02   -5.840215895274E-02    1.089284919830E-04   -2.278005541783E-05    1.247072469511E+01   -2.691232903926E-02    2.243724794551E-05
    4.466836586940E-03   -2.879259662311E+01    7.641385756908E+01   -4.625659331753E-02   -5.670085179681E-02    1.060205240694E-04   -1.962261567286E-05    1.231677779729E+01   -2.667057264618E-02    2.247938729329E-05
    4.731513286975E-03   -2.550310243273E+01    7.253570435114E+01   -4.694932387740E-02   -5.507119188664E-02    1.032137027140E-04   -1.671347947454E-05    1.216408987834E+01   -2.642256985250E-02    2.248349000902E-05
    5.011873067012E-03   -2.243515224923E+01    6.888387550656E+01   -4.755121812029E-02   -5.350826659194E-02    1.004972943089E-04   -1.403993627119E-05    1.201262365007E+01   -2.616824754969E-02    2.245013243979E-05
    5.308845207934E-03   -1.957504758327E+01    6.544452883108E+01   -4.806687243201E-02   -5.200746280584E-02    9.786128808467E-05   -1.158997028899E-05    1.186234126345E+01   -2.590764656485E-02    2.237984292706E-05
    5.623414053982E-03   -1.690993700117E+01    6.220466698043E+01   -4.850068746636E-02   -5.056444861902E-02    9.529654988477E-05   -9.352214831524E-06    1.171320427822E+01   -2.564076747340E-02    2.227318484225E-05
    5.956622275455E-03   -1.442776430328E+01    5.915208552969E+01   -4.885672674616E-02   -4.917515618543E-02    9.279438621142E-05   -7.315886540194E-06    1.156517363176E+01   -2.536760935484E-02    2.213074042089E-05
    6.309574324750E-03   -1.211721988760E+01    5.627532421784E+01   -4.913864595566E-02   -4.783576565786E-02    9.034690062525E-05   -5.470839366868E-06    1.141820960818E+01   -2.508812466738E-02    2.195311136670E-05
    6.683440097183E-03   -9.967695103803E+00    5.356362118140E+01   -4.935023806614E-02   -4.654435810805E-02    8.794688953263E-05   -3.807384015474E-06    1.127227180701E+01   -2.480240061721E-02    2.174093126708E-05
    7.079458808720E-03   -7.969239414192E+00    5.100686999423E+01   -4.949476190465E-02   -4.529256172774E-02    8.558732308518E-05   -2.316347158813E-06    1.112731911191E+01   -2.451038692542E-02    2.149481908867E-05
    7.498943103492E-03   -6.112520189966E+00    4.859557934092E+01   -4.957535876140E-02   -4.408221819620E-02    8.326211690155E-05   -9.890051730135E-07    1.098330965899E+01   -2.421207792727E-02    2.121545081527E-05
    7.943283404678E-03   -4.388784977086E+00    4.632083516604E+01   -4.959497276425E-02   -4.290871602518E-02    8.096555771324E-05    1.829098269708E-07    1.084020080691E+01   -2.390746715397E-02    2.090351314959E-05
    8.413952523210E-03   -2.789826087575E+00    4.417426514116E+01   -4.955636308628E-02   -4.176921671080E-02    7.869241560267E-05    1.207304833289E-06    1.069794910514E+01   -2.359654755892E-02    2.055971626746E-05
    8.912510539550E-03   -1.307947366499E+00    4.214800531397E+01   -4.946211541977E-02   -4.066113187020E-02    7.643791906100E-05    2.091687486647E-06    1.055651026404E+01   -2.327931642310E-02    2.018479484157E-05
    9.440609974739E-03    6.406699618937E-02    4.023466880368E+01   -4.931465282126E-02   -3.958200765635E-02    7.419773206284E-05    2.843261435584E-06    1.041583912553E+01   -2.295575866750E-02    1.977948596960E-05
    1.000000126784E-02    1.332981735119E+00    3.842731641818E+01   -4.911624596649E-02   -3.852954241956E-02    7.196793286891E-05    3.468882690372E-06    1.027588963481E+01   -2.262587415142E-02    1.934464685212E-05
    1.059253857795E-02    2.505137978022E+00    3.671942907539E+01   -4.886899772197E-02   -3.750157812908E-02    6.974499456744E-05    3.975135926029E-06    1.013661481308E+01   -2.228964574127E-02    1.888102341370E-05
    1.122018593000E-02    3.586479025462E+00    3.510488192007E+01   -4.857495304869E-02   -3.649609243467E-02    6.752576363768E-05    4.368326917951E-06    9.997966732376E+00   -2.194707363345E-02    1.838948428702E-05
    1.188502372469E-02    4.582574546493E+00    3.357792003337E+01   -4.823596025204E-02   -3.551119126069E-02    6.530758633030E-05    4.654527376963E-06    9.859896492951E+00   -2.159815316630E-02    1.787090668643E-05
    1.258925563425E-02    5.498643282897E+00    3.213313563445E+01   -4.785376708355E-02   -3.454510208420E-02    6.308774468506E-05    4.839585187886E-06    9.722354201110E+00   -2.124288139132E-02    1.732620093526E-05
    1.333521590666E-02    6.339574361325E+00    3.076544668944E+01   -4.742994090244E-02   -3.359616769326E-02    6.086419645512E-05    4.929138278976E-06    9.585288951477E+00   -2.088125754726E-02    1.675633324528E-05
    1.412537710278E-02    7.109947295789E+00    2.947007683979E+01   -4.696619200741E-02   -3.266289831564E-02    5.863542152564E-05    4.928649641498E-06    9.448648812189E+00   -2.051328359302E-02    1.616224441406E-05
    1.496235829195E-02    7.814050762735E+00    2.824253657122E+01   -4.646388423768E-02   -3.174367728130E-02    5.639960987587E-05    4.843411057719E-06    9.312380814027E+00   -2.013896479201E-02    1.554497716255E-05
    1.584893373306E-02    8.455900223945E+00    2.707860554806E+01   -4.592438182297E-02   -3.083738341019E-02    5.415571073028E-05    4.678568749430E-06    9.176430943497E+00   -1.975831037302E-02    1.490559460517E-05
    1.678804207023E-02    9.039254475387E+00    2.597431604781E+01   -4.534896920422E-02   -2.994261067233E-02    5.190283436951E-05    4.439141966929E-06    9.040744143357E+00   -1.937133420815E-02    1.424520361039E-05
    1.778279607314E-02    9.567631179354E+00    2.492593742319E+01   -4.473885759510E-02   -2.905825438927E-02    4.964037670391E-05    4.130027883138E-06    8.905264316565E+00   -1.897805204677E-02    1.356495763641E-05
    1.883649295469E-02    1.004432145117E+01    2.392996153646E+01   -4.409519139187E-02   -2.818324659334E-02    4.736801255921E-05    3.756032938709E-06    8.769934337922E+00   -1.857848753891E-02    1.286605894433E-05
    1.995262529991E-02    1.047240356002E+01    2.298308910842E+01   -4.341898541924E-02   -2.731660476894E-02    4.508569121535E-05    3.321879575233E-06    8.634696074041E+00   -1.817268879698E-02    1.214976144282E-05
    2.113489264250E-02    1.085475579910E+01    2.208221692807E+01   -4.271141454678E-02   -2.645742935703E-02    4.279371957380E-05    2.832222132388E-06    8.499490411990E+00   -1.776069411353E-02    1.141737350028E-05
    2.238721372731E-02    1.119406857918E+01    2.122442587375E+01   -4.197339283357E-02   -2.560490166406E-02    4.049239784661E-05    2.291654181793E-06    8.364257297932E+00   -1.734253836118E-02    1.067026094126E-05
    2.371373949942E-02    1.149285579515E+01    2.040696969897E+01   -4.120583833264E-02   -2.475828221884E-02    3.818258167912E-05    1.704736954438E-06    8.228935786670E+00   -1.691829037168E-02    9.909867781875E-06
    2.511886686283E-02    1.175346552212E+01    1.962726454534E+01   -4.040966204738E-02   -2.391690935143E-02    3.586533496198E-05    1.075994187735E-06    8.093464107053E+00   -1.648802253784E-02    9.137646667776E-06
    2.660725325452E-02    1.197809006691E+01    1.888287913049E+01   -3.958572602071E-02   -2.308019837281E-02    3.354187590918E-05    4.099330761846E-07    7.957779736535E+00   -1.605182037974E-02    8.355171909190E-06
    2.818383208192E-02    1.216877543869E+01    1.817152558700E+01   -3.873483325203E-02   -2.224764099336E-02    3.121380585023E-05   -2.889467565154E-07    7.821819495339E+00   -1.560978400844E-02    7.564069957219E-06
    2.985382907523E-02    1.232743026921E+01    1.749105091143E+01   -3.785793955952E-02   -2.141880513533E-02    2.888360865182E-05   -1.016127939471E-06    7.685519657648E+00   -1.516202972317E-02    6.766035937553E-06
    3.162277960863E-02    1.245583422408E+01    1.683942899289E+01   -3.695578470488E-02   -2.059335280689E-02    2.655111381003E-05   -1.767099084739E-06    7.548816082733E+00   -1.470869172258E-02    5.962844107287E-06
    3.349654704782E-02    1.255564594057E+01    1.621475319153E+01   -3.602911547019E-02   -1.977094428265E-02    2.422107248608E-05   -2.537327897641E-06    7.411644367710E+00   -1.424991685847E-02    5.156354437043E-06
    3.548134218475E-02    1.262841053349E+01    1.561522944238E+01   -3.507889678750E-02   -1.895144745560E-02    2.189535755198E-05   -3.322225436448E-06    7.273940026401E+00   -1.378589493165E-02    4.348480677771E-06
    3.758374382392E-02    1.267556669627E+01    1.503916985632E+01   -3.410578936462E-02   -1.813471432028E-02    1.957686544912E-05   -4.117195521794E-06    7.135638694218E+00   -1.331681825756E-02    3.541246840686E-06
    3.981072058850E-02    1.269845342978E+01    1.448498679558E+01   -3.311067330272E-02   -1.732070299862E-02    1.726876116309E-05   -4.917591731232E-06    6.996676361747E+00   -1.284289716821E-02    2.736757540726E-06
    4.216965401853E-02    1.269831643813E+01    1.395118740644E+01   -3.209465349751E-02   -1.650945370943E-02    1.497460388518E-05   -5.718738454247E-06    6.856989642887E+00   -1.236441584077E-02    1.937192588937E-06
    4.466836303778E-02    1.267631421676E+01    1.343636858744E+01   -3.105811030450E-02   -1.570109077840E-02    1.269812119814E-05   -6.515867801860E-06    6.716516078553E+00   -1.188164327112E-02    1.144827420741E-06
    4.731512987035E-02    1.263352386392E+01    1.293921237655E+01   -3.000222460361E-02   -1.489582488659E-02    1.044345424672E-05   -7.304211810396E-06    6.575194479872E+00   -1.139489746771E-02    3.620245195050E-07
    5.011872749299E-02    1.257094664272E+01    1.245848174104E+01   -2.892794296256E-02   -1.409395553787E-02    8.214959780003E-06   -8.078938462959E-06    6.432965313923E+00   -1.090453255881E-02   -4.087658970073E-07
    5.308844871396E-02    1.248951333346E+01    1.199301675846E+01   -2.783628604410E-02   -1.329587364546E-02    6.017324566965E-06   -8.835207798489E-06    6.289771138993E+00   -1.041094158343E-02   -1.165006644646E-06
    5.623413697503E-02    1.239008938246E+01    1.154173117022E+01   -2.672829545817E-02   -1.250206431159E-02    3.855568873044E-06   -9.568069352284E-06    6.145557086906E+00   -9.914559458559E-03   -1.904077282116E-06
    5.956621897853E-02    1.227347989599E+01    1.110360930166E+01   -2.560505454481E-02   -1.171310963970E-02    1.734986815038E-06   -1.027261792072E-05    6.000271402910E+00   -9.415866000069E-03   -2.623270212151E-06
    6.309573924774E-02    1.214043449814E+01    1.067770333520E+01   -2.446786839775E-02   -1.092969156094E-02   -3.388203591521E-07   -1.094391446065E-05    5.853866044750E+00   -8.915389000527E-03   -3.319809363967E-06
    6.683439673506E-02    1.199165208103E+01    1.026313092661E+01   -2.331799079217E-02   -1.015258444248E-02   -2.359943778962E-06   -1.157702449463E-05    5.706297345616E+00   -8.413707353794E-03   -3.990848688883E-06
    7.079458359939E-02    1.182778547458E+01    9.859073155341E+00   -2.215681556276E-02   -9.382698564941E-03   -4.322176036502E-06   -1.216703830050E-05    5.557526745591E+00   -7.911439345117E-03   -4.633489572628E-06
    7.498942628119E-02    1.164944606457E+01    9.464772799083E+00   -2.098584299517E-02   -8.621020729808E-03   -6.219016556663E-06   -1.270909454145E-05    5.407521596201E+00   -7.409305064587E-03   -5.244754378295E-06
    7.943282901137E-02    1.145720838620E+01    9.079532920847E+00   -1.980665087543E-02   -7.868657743173E-03   -8.043714419459E-06   -1.319841044235E-05    5.256256041571E+00   -6.908040554046E-03   -5.821656910755E-06
    8.413951989832E-02    1.125161471611E+01    8.702715765804E+00   -1.862105945211E-02   -7.126827423786E-03   -9.789276963367E-06   -1.363031492452E-05    5.103711981751E+00   -6.408459904693E-03   -6.361179720521E-06
    8.912509974568E-02    1.103317969818E+01    8.333741950030E+00   -1.743091421184E-02   -6.396859445907E-03   -1.144841777097E-05   -1.400031844838E-05    4.949880121258E+00   -5.911443170214E-03   -6.860302263891E-06
    9.440609376280E-02    1.080239502597E+01    7.972089932867E+00   -1.623824595354E-02   -5.680195345683E-03   -1.301369679466E-05   -1.430401630139E-05    4.794761106266E+00   -5.417938794041E-03   -7.316022756215E-06
    1.000000063392E-01    1.055973421022E+01    7.617295758687E+00   -1.504524477315E-02   -4.978387498996E-03   -1.447756317103E-05   -1.453740279376E-05    4.638366753113E+00   -4.928965669184E-03   -7.725383649491E-06
    1.059253790647E-01    1.030565746042E+01    7.268953054918E+00   -1.385427049587E-02   -4.293088543077E-03   -1.583221261241E-05   -1.469668548464E-05    4.480721371101E+00   -4.445614700362E-03   -8.085518123309E-06
    1.122018521873E-01    1.004061670069E+01    6.926713254935E+00   -1.266783712142E-02   -3.626080912238E-03   -1.706987762530E-05   -1.477845926538E-05    4.321863174492E+00   -3.969042265753E-03   -8.393613545698E-06
    1.188502297128E-01    9.765060754206E+00    6.590286042062E+00   -1.148872426911E-02   -2.979221253750E-03   -1.818276085447E-05   -1.477975870032E-05    4.161845790848E+00   -3.500500787400E-03   -8.647055416425E-06
    1.258925483619E-01    9.479440718637E+00    6.259439976820E+00   -1.031983414756E-02   -2.354466362952E-03   -1.916313961421E-05   -1.469813235593E-05    4.000739858773E+00   -3.041292639811E-03   -8.843399027843E-06
    1.333521506131E-01    9.184215551132E+00    5.934003270990E+00   -9.164299253188E-03   -1.753851058979E-03   -2.000345548574E-05   -1.453172581978E-05    3.838634707595E+00   -2.592798739846E-03   -8.980434773437E-06
    1.412537620735E-01    8.879857886121E+00    5.613864669900E+00   -8.025463591830E-03   -1.179490680862E-03   -2.069641970167E-05   -1.427937117397E-05    3.675640111745E+00   -2.156468085488E-03   -9.056241529272E-06
    1.496235734345E-01    8.566860116696E+00    5.298974413583E+00   -6.906871763144E-03   -6.335403961223E-04   -2.123512837879E-05   -1.394067566407E-05    3.511888117341E+00   -1.733809332932E-03   -9.069241903639E-06
    1.584893272837E-01    8.245740697058E+00    4.989345159872E+00   -5.812328452500E-03   -1.181976180906E-04   -2.161320536237E-05   -1.351612375411E-05    3.347534892693E+00   -1.326399875187E-03   -9.018267983473E-06
    1.678804100600E-01    7.917050755977E+00    4.685052886015E+00   -4.745810472217E-03    3.643304735280E-04   -2.182495451147E-05   -1.300717249456E-05    3.182762628341E+00   -9.358531459068E-04   -8.902626854185E-06
    1.778279494585E-01    7.581380949431E+00    4.386237618012E+00   -3.711510802617E-03    8.118557568875E-04   -2.186553559759E-05   -1.241635079995E-05    3.017781420329E+00   -5.638305089054E-04   -8.722172521430E-06
    1.883649176061E-01    7.239368567120E+00    4.093103919443E+00   -2.713843921395E-03    1.222236878932E-03   -2.173116008044E-05   -1.174735544694E-05    2.852831116972E+00   -2.120119916747E-04   -8.477380973620E-06
    1.995262403507E-01    6.891704861420E+00    3.805921022659E+00   -1.757381581531E-03    1.593420704550E-03   -2.141930786248E-05   -1.100514111432E-05    2.688183082591E+00    1.179071995278E-04   -8.169427684939E-06
    2.113489130272E-01    6.539142554011E+00    3.525022471364E+00   -8.468729672409E-04    1.923474953309E-03   -2.092896501882E-05   -1.019600043183E-05    2.524141823908E+00    4.242444206918E-04   -7.800266152841E-06
    2.238721230814E-01    6.182503455226E+00    3.250805124849E+00    1.281010513026E-05    2.210653377333E-03   -2.026088182541E-05   -9.327629167454E-06    2.361046413794E+00    7.053501669900E-04   -7.372705621583E-06
    2.371373799615E-01    5.822686104020E+00    2.983727352873E+00    8.167001942809E-04    2.453429499424E-03   -1.941784918452E-05   -8.409170638571E-06    2.199271633668E+00    9.596332070776E-04   -6.890485513504E-06
    2.511886527050E-01    5.460673304298E+00    2.724306228566E+00    1.559797711099E-03    2.650567377408E-03   -1.840499073107E-05   -7.451232625068E-06    2.039228741221E+00    1.185595983025E-03   -6.358343623536E-06
    2.660725156783E-01    5.097539393581E+00    2.473113504589E+00    2.237121511471E-03    2.801177553776E-03   -1.723006560439E-05   -6.465868795460E-06    1.881365753666E+00    1.381862915367E-03   -5.782061301235E-06
    2.818383029529E-01    4.734457030622E+00    2.230770136044E+00    2.843799014852E-03    2.904805038332E-03   -1.590377560060E-05   -5.466515861677E-06    1.726167118287E+00    1.547226404522E-03   -5.168559085312E-06
    2.985382718274E-01    4.372703230966E+00    1.997939094073E+00    3.375143994238E-03    2.961471237971E-03   -1.444006674999E-05   -4.467876510200E-06    1.574152622574E+00    1.680687189495E-03   -4.525841020186E-06
    3.162277760400E-01    4.013664306174E+00    1.775316197920E+00    3.826774798614E-03    2.971767990047E-03   -1.285641317153E-05   -3.485728817938E-06    1.425875374641E+00    1.781515221927E-03   -3.863044558621E-06
    3.349654492440E-01    3.658839279467E+00    1.563618683292E+00    4.194769482392E-03    2.936926232346E-03   -1.117403953811E-05   -2.536703708047E-06    1.281918663064E+00    1.849286094291E-03   -3.190389655945E-06
    3.548133993551E-01    3.309841245443E+00    1.363571224823E+00    4.475780336718E-03    2.858886941319E-03   -9.418219107830E-06   -1.637885716035E-06    1.142891482642E+00    1.883950177774E-03   -2.519098477102E-06
    3.758374144141E-01    2.968396022483E+00    1.175889143440E+00    4.667238984193E-03    2.740365557257E-03   -7.618219384857E-06   -8.064034066643E-07    1.009422491593E+00    1.885889874593E-03   -1.861257785233E-06
    3.981071806482E-01    2.636337300213E+00    1.001258563868E+00    4.767552777234E-03    2.584905210754E-03   -5.807396447888E-06   -5.888355946420E-08    8.821521467857E-01    1.855981139127E-03   -1.229642453089E-06
    4.216965134532E-01    2.315597315993E+00    8.403133478183E-01    4.776333295261E-03    2.396912861309E-03   -4.022976860669E-06    5.892258204411E-07    7.617227494267E-01    1.795654295496E-03   -6.374129824432E-07
    4.466836020616E-01    2.008191894192E+00    6.936087284006E-01    4.694649399640E-03    2.181671095680E-03   -2.305699954872E-06    1.124418150114E-06    6.487661273060E-01    1.706951382991E-03   -9.778685802220E-08
    4.731512687095E-01    1.716198449562E+00    5.615917215946E-01    4.525294308070E-03    1.945316854468E-03   -6.990547583313E-07    1.536011456005E-06    5.438886851677E-01    1.592573515137E-03    3.764301867109E-07
    5.011872431586E-01    1.441725284453E+00    4.445686095335E-01    4.273110351469E-03    1.694773799741E-03    7.517235547133E-07    1.817100087598E-06    4.476535773850E-01    1.455930825933E-03    7.733990742798E-07
    5.308844534858E-01    1.186870196520E+00    3.426701032430E-01    3.945238047845E-03    1.437644542470E-03    2.001212870431E-06    1.965549399296E-06    3.605598058095E-01    1.301144376139E-03    1.082926506872E-06
    5.623413341023E-01    9.536660468753E-01    2.558152226323E-01    3.551443757572E-03    1.182002808282E-03    3.005948928988E-06    1.984993520256E-06    2.830181266606E-01    1.133052776877E-03    1.297248992022E-06
    5.956621520251E-01    7.440105243730E-01    1.836755304602E-01    3.104374465400E-03    9.361356778222E-04    3.727257593519E-06    1.885675391279E-06    2.153237836259E-01    9.571673684641E-04    1.411936101385E-06
    6.309573524797E-01    5.595768460057E-01    1.256421596846E-01    2.619757148892E-03    7.081725604133E-04    4.135008561275E-06    1.685071575015E-06    1.576262758516E-01    7.795827347156E-04    1.426864882791E-06
    6.683439249830E-01    4.017015810399E-01    8.079917027729E-02    2.116480809033E-03    5.056102210608E-04    4.212413242271E-06    1.408001661536E-06    1.098966565481E-01    6.068244262048E-04    1.347269008066E-06
    7.079457911159E-01    2.712451153961E-01    4.790823340894E-02    1.616478890023E-03    3.347255073495E-04    3.961976779293E-06    1.086043142995E-06    7.189325269793E-02    4.456153355401E-04    1.184729503632E-06
    7.498942152746E-01    1.684194975962E-01    2.541160909942E-02    1.144282233807E-03    1.998843686417E-04    3.412833180379E-06    7.557761185025E-07    4.312725066976E-02    3.025373842172E-04    9.580648782771E-07
    7.943282397597E-01    9.257746489509E-02    1.146301484427E-02    7.260285692397E-04    1.027818922846E-04    2.629136186023E-06    4.554665976422E-07    2.283034588161E-02    1.835575392864E-04    6.938514225498E-07
    8.413951456455E-01    4.195529623403E-02    3.999508697524E-03    3.875515979354E-04    4.169853526045E-05    1.719045001082E-06    2.195808842254E-07    9.927674213438E-03    9.337217920975E-05    4.263039255256E-07
    8.912509409587E-01    1.336071275923E-02    8.722377122532E-04    1.508192053334E-04    1.095802866103E-05    8.418028900512E-07    7.062837725402E-08    3.020612636553E-03    3.448801366134E-05    1.958183815322E-07
    9.440608777821E-01    1.795341091194E-03    6.024493240829E-05    2.698711380022E-05    9.906518015420E-07    2.043319069130E-07    8.419158565941E-09    3.858816697699E-04    5.830374429190E-06    4.446698431794E-08
