# Q1 =   100.0000 , Q2 =   500.0000
# x  F2Wp(LO) F2Wm(LO) F2Wp(NLO) F2Wm(NLO) F2Wp(NNLO) F2Wm(NNLO) F2Z(LO) F2Z(NLO) F2Z(NNLO)
    1.000000316960E-05    2.945353147969E+00    2.944944577994E+00    5.191486647318E-02    5.178370561547E-02   -1.918223618986E-02   -1.922640825831E-02    1.998518815071E+00    4.537229128731E-02   -1.599290044227E-02
    1.059254059240E-05    2.928489762583E+00    2.928061937679E+00    5.160896298822E-02    5.147232553240E-02   -1.937846557717E-02   -1.942418156242E-02    1.987067705508E+00    4.510104426004E-02   -1.616305182788E-02
    1.122018806381E-05    2.911725116933E+00    2.911277129685E+00    5.130442076826E-02    5.116208656338E-02   -1.957256073598E-02   -1.961987093194E-02    1.975683232366E+00    4.483085901776E-02   -1.633140205841E-02
    1.188502598494E-05    2.895058732289E+00    2.894589632520E+00    5.100121341031E-02    5.085295395320E-02   -1.976449915660E-02   -1.981345533193E-02    1.964365053495E+00    4.456170782237E-02   -1.649793284137E-02
    1.258925802843E-05    2.878490136622E+00    2.877998929383E+00    5.069931384033E-02    5.054489198848E-02   -1.995425742131E-02   -2.000491285532E-02    1.953112830478E+00    4.429356220602E-02   -1.666262512847E-02
    1.333521844269E-05    2.862018864745E+00    2.861504508198E+00    5.039869428343E-02    5.023786395986E-02   -2.014181118680E-02   -2.019422070592E-02    1.941926228687E+00    4.402639294207E-02   -1.682545910091E-02
    1.412537978909E-05    2.845644458452E+00    2.845105861666E+00    5.009932623292E-02    4.993183212296E-02   -2.032713516680E-02   -2.038135518153E-02    1.930804917340E+00    4.376017001507E-02   -1.698641415477E-02
    1.496236113743E-05    2.829366466673E+00    2.828802487312E+00    4.980118041839E-02    4.962675765824E-02   -2.051020311480E-02   -2.056629165717E-02    1.919748569564E+00    4.349486258985E-02   -1.714546888634E-02
    1.584893674715E-05    2.813184445632E+00    2.812593887528E+00    4.950422677257E-02    4.932260062959E-02   -2.069098780682E-02   -2.074900456838E-02    1.908756862457E+00    4.323043897966E-02   -1.730260107767E-02
    1.678804526291E-05    2.797097959015E+00    2.796479569637E+00    4.920843439704E-02    4.901931994171E-02   -2.086946102446E-02   -2.092946739470E-02    1.897829477158E+00    4.296686661343E-02   -1.745778768215E-02
    1.778279945500E-05    2.781106578143E+00    2.780459045939E+00    4.891377152680E-02    4.871687329626E-02   -2.104559353807E-02   -2.110765264332E-02    1.886966098912E+00    4.270411200201E-02   -1.761100481033E-02
    1.883649653694E-05    2.765209882158E+00    2.764531833774E+00    4.862020549352E-02    4.841521714673E-02   -2.121935509021E-02   -2.128353183296E-02    1.876166417152E+00    4.244214070341E-02   -1.776222771586E-02
    1.995262909442E-05    2.749407458214E+00    2.748697455584E+00    4.832770268765E-02    4.811430665202E-02   -2.139071437940E-02   -2.145707547806E-02    1.865430125570E+00    4.218091728712E-02   -1.791143078170E-02
    2.113489666185E-05    2.733698901679E+00    2.732955438975E+00    4.803622851909E-02    4.781409562870E-02   -2.155963904419E-02   -2.162825307324E-02    1.854756922203E+00    4.192040529735E-02   -1.805858750660E-02
    2.238721798482E-05    2.718083816347E+00    2.717305316789E+00    4.774574737664E-02    4.751453650199E-02   -2.172609564768E-02   -2.179703307816E-02    1.844146509517E+00    4.166056721529E-02   -1.820367049187E-02
    2.371374400920E-05    2.702561814660E+00    2.701746627171E+00    4.745622258601E-02    4.721558025533E-02   -2.189004966240E-02   -2.196338290277E-02    1.833598594495E+00    4.140136442030E-02   -1.834665142850E-02
    2.511887163984E-05    2.687132517937E+00    2.686278913646E+00    4.716761636646E-02    4.691717637868E-02   -2.205146545580E-02   -2.212726889305E-02    1.823112888736E+00    4.114275715007E-02   -1.848750108471E-02
    2.660725831458E-05    2.671795556620E+00    2.670901725196E+00    4.687988978598E-02    4.661927281543E-02   -2.221030627615E-02   -2.228865631725E-02    1.812689108546E+00    4.088470445976E-02   -1.862618929390E-02
    2.818383744181E-05    2.656550570529E+00    2.655614616342E+00    4.659300271501E-02    4.632181590787E-02   -2.236653423922E-02   -2.244750935275E-02    1.802326975050E+00    4.062716417994E-02   -1.876268494314E-02
    2.985383475271E-05    2.641397209122E+00    2.640417147229E+00    4.630691377857E-02    4.602475034137E-02   -2.252011031556E-02   -2.260379107356E-02    1.792026214290E+00    4.037009287362E-02   -1.889695596214E-02
    3.162278562252E-05    2.626335131780E+00    2.625308883718E+00    4.602158030693E-02    4.572801908709E-02   -2.267099431857E-02   -2.275746343850E-02    1.781786557347E+00    4.011344579205E-02   -1.902896931294E-02
    3.349655341806E-05    2.611364008097E+00    2.610289397476E+00    4.573695828463E-02    4.543156334335E-02   -2.281914489332E-02   -2.290848728016E-02    1.771607740451E+00    3.985717682953E-02   -1.915869098014E-02
    3.548134893245E-05    2.596483518179E+00    2.595358266072E+00    4.545300229784E-02    4.513532247554E-02   -2.296451950647E-02   -2.305682229484E-02    1.761489505109E+00    3.960123847701E-02   -1.928608596198E-02
    3.758375097145E-05    2.581693352972E+00    2.580515073084E+00    4.516966548008E-02    4.483923395472E-02   -2.310707443691E-02   -2.320242703321E-02    1.751431598232E+00    3.934558177474E-02   -1.941111826207E-02
    3.981072815955E-05    2.566993214585E+00    2.565759408201E+00    4.488689945625E-02    4.454323329469E-02   -2.324676476772E-02   -2.334525889215E-02    1.741433772272E+00    3.909015626368E-02   -1.953375088212E-02
    4.216966203819E-05    2.552382816645E+00    2.551090867332E+00    4.460465428481E-02    4.424725398782E-02   -2.338354437915E-02   -2.348527410765E-02    1.731495785355E+00    3.883490993588E-02   -1.965394581554E-02
    4.466837153263E-05    2.537861884659E+00    2.536509052723E+00    4.432287839825E-02    4.395122743937E-02   -2.351736594289E-02   -2.362242774882E-02    1.721617401438E+00    3.857978918371E-02   -1.977166404202E-02
    4.731513886856E-05    2.523430156393E+00    2.522013573079E+00    4.404151854170E-02    4.365508290049E-02   -2.364818091767E-02   -2.375667371329E-02    1.711798390455E+00    3.832473874809E-02   -1.988686552329E-02
    5.011873702437E-05    2.509087382269E+00    2.507604043681E+00    4.376051970963E-02    4.335874739988E-02   -2.377593954637E-02   -2.388796472388E-02    1.702038528476E+00    3.806970166555E-02   -1.999950919992E-02
    5.308845881011E-05    2.494833325782E+00    2.493280086522E+00    4.347982508063E-02    4.306214567410E-02   -2.390059085465E-02   -2.401625232682E-02    1.692337597879E+00    3.781461921424E-02   -2.010955298952E-02
    5.623414766941E-05    2.480667763931E+00    2.479041330439E+00    4.319937595031E-02    4.276520009658E-02   -2.402208265120E-02   -2.414148689145E-02    1.682695387518E+00    3.755943085889E-02   -2.021695378615E-02
    5.956623030659E-05    2.466590487675E+00    2.464887411249E+00    4.291911166207E-02    4.246783060528E-02   -2.414036152988E-02   -2.426361761174E-02    1.673111692910E+00    3.730407419471E-02   -2.032166746128E-02
    6.309575124703E-05    2.452601302400E+00    2.450817971901E+00    4.263896953592E-02    4.216995462926E-02   -2.425537287367E-02   -2.438259250948E-02    1.663586316415E+00    3.704848489031E-02   -2.042364886620E-02
    6.683440944536E-05    2.438700028418E+00    2.436832662618E+00    4.235888479513E-02    4.187148701384E-02   -2.436706086074E-02   -2.449835843948E-02    1.654119067443E+00    3.679259662954E-02   -2.052285183614E-02
    7.079459706283E-05    2.424886501477E+00    2.422931141060E+00    4.207879049087E-02    4.157233994480E-02   -2.447536847256E-02   -2.461086109671E-02    1.644709762651E+00    3.653634105245E-02   -2.061922919607E-02
    7.498944054238E-05    2.411160573303E+00    2.409113072477E+00    4.179861742452E-02    4.127242287127E-02   -2.458023750446E-02   -2.472004502575E-02    1.635358226158E+00    3.627964769519E-02   -2.071273276841E-02
    7.943284411759E-05    2.397522112156E+00    2.395378129885E+00    4.151829406788E-02    4.097164242774E-02   -2.468160857846E-02   -2.482585363236E-02    1.626064289769E+00    3.602244392913E-02   -2.080331338262E-02
    8.413953589964E-05    2.383971003418E+00    2.381725994234E+00    4.123774648112E-02    4.066990235497E-02   -2.477942115884E-02   -2.492822919762E-02    1.616827793207E+00    3.576465489901E-02   -2.089092088700E-02
    8.912511669514E-05    2.370507150204E+00    2.368156354585E+00    4.095689822833E-02    4.036710342001E-02   -2.487361357031E-02   -2.502711289460E-02    1.607648584348E+00    3.550620346030E-02   -2.097550416256E-02
    9.440611171657E-05    2.357130473993E+00    2.354668908299E+00    4.067567029085E-02    4.006314333537E-02   -2.496412301920E-02   -2.512244480774E-02    1.598526519478E+00    3.524701011578E-02   -2.105701113929E-02
    1.000000253568E-04    2.343840915300E+00    2.341263361227E+00    4.039398097813E-02    3.975791667747E-02   -2.505088561759E-02   -2.521416395510E-02    1.589461463550E+00    3.498699295139E-02   -2.113538881491E-02
    1.059253992091E-04    2.330638434360E+00    2.327939427907E+00    4.011174583620E-02    3.945131480435E-02   -2.513383641071E-02   -2.530220831368E-02    1.580453290451E+00    3.472606757139E-02   -2.121058327615E-02
    1.122018735254E-04    2.317523011853E+00    2.314696831767E+00    3.982887755363E-02    3.914322577291E-02   -2.521290940778E-02   -2.538651484786E-02    1.571501883293E+00    3.446414703296E-02   -2.128253972280E-02
    1.188502523153E-04    2.304494649657E+00    2.301535305335E+00    3.954528586510E-02    3.883353425562E-02   -2.528803761632E-02   -2.546701954120E-02    1.562607134696E+00    3.420114178020E-02   -2.135120249463E-02
    1.258925723037E-04    2.291553371628E+00    2.288454590456E+00    3.926087745222E-02    3.852212145699E-02   -2.535915308031E-02   -2.554365743186E-02    1.553768947095E+00    3.393695957775E-02   -2.141651510131E-02
    1.333521759735E-04    2.278699224418E+00    2.275454438518E+00    3.897555584194E-02    3.820886502978E-02   -2.542618692226E-02   -2.561636265156E-02    1.544987233056E+00    3.367150544394E-02   -2.147842025555E-02
    1.412537889366E-04    2.265932278328E+00    2.262534610674E+00    3.868922130220E-02    3.789363899117E-02   -2.548906938943E-02   -2.568506846852E-02    1.536261915606E+00    3.340468158372E-02   -2.153685990948E-02
    1.496236018893E-04    2.253252628189E+00    2.249694878085E+00    3.840177073501E-02    3.757631363912E-02   -2.554772990436E-02   -2.574970733443E-02    1.527592928565E+00    3.313638732138E-02   -2.159177529460E-02
    1.584893574245E-04    2.240660394287E+00    2.236935022160E+00    3.811309756667E-02    3.725675546886E-02   -2.560209712002E-02   -2.581021093563E-02    1.518980216907E+00    3.286651903316E-02   -2.164310696528E-02
    1.678804419868E-04    2.228155723322E+00    2.224254834803E+00    3.782309163539E-02    3.693482709002E-02   -2.565209897961E-02   -2.586651024875E-02    1.510423737121E+00    3.259497007988E-02   -2.169079484621E-02
    1.778279832772E-04    2.215738789409E+00    2.211654118670E+00    3.753163907602E-02    3.661038714421E-02   -2.569766278145E-02   -2.591853560095E-02    1.501923457593E+00    3.232163073975E-02   -2.173477828360E-02
    1.883649534286E-04    2.203409795119E+00    2.199132687429E+00    3.723862220195E-02    3.628329022369E-02   -2.573871524897E-02   -2.596621673497E-02    1.493479358996E+00    3.204638814138E-02   -2.177499610078E-02
    1.995262782958E-04    2.191168972557E+00    2.186690366030E+00    3.694391938416E-02    3.595338679087E-02   -2.577518260614E-02   -2.600948287926E-02    1.485091434699E+00    3.176912619729E-02   -2.181138665791E-02
    2.113489532207E-04    2.179016584494E+00    2.174326990976E+00    3.664740492737E-02    3.562052309940E-02   -2.580699065858E-02   -2.604826282323E-02    1.476759691189E+00    3.148972553785E-02   -2.184388791635E-02
    2.238721656565E-04    2.166952925534E+00    2.162042410602E+00    3.634894894319E-02    3.528454111663E-02   -2.583406488049E-02   -2.608248499801E-02    1.468484148507E+00    3.120806344605E-02   -2.187243750753E-02
    2.371374250594E-04    2.154978323331E+00    2.149836485362E+00    3.604841722034E-02    3.494527844807E-02   -2.585633050773E-02   -2.611207756277E-02    1.460264840700E+00    3.092401379303E-02   -2.189697280688E-02
    2.511887004750E-04    2.143093139858E+00    2.137709088117E+00    3.574567109182E-02    3.460256826392E-02   -2.587371263721E-02   -2.613696849692E-02    1.452101816287E+00    3.063744697478E-02   -2.191743101258E-02
    2.660725662789E-04    2.131297772722E+00    2.125660104427E+00    3.544056729910E-02    3.425623922812E-02   -2.588613633286E-02   -2.615708569828E-02    1.443995138743E+00    3.034822984997E-02   -2.193374922968E-02
    2.818383565518E-04    2.119592656527E+00    2.113689432857E+00    3.513295785314E-02    3.390611543016E-02   -2.589352673848E-02   -2.617235708763E-02    1.435944886998E+00    3.005622567927E-02   -2.194586455955E-02
    2.985383286022E-04    2.107978264296E+00    2.101796985274E+00    3.482268989234E-02    3.355201632011E-02   -2.589580919761E-02   -2.618271071953E-02    1.427951155951E+00    2.976129406637E-02   -2.195371419495E-02
    3.162278361789E-04    2.096455108946E+00    2.089982687154E+00    3.450960553743E-02    3.319375664715E-02   -2.589290938077E-02   -2.618807489995E-02    1.420014057006E+00    2.946329090080E-02   -2.195723552083E-02
    3.349655129464E-04    2.085023744813E+00    2.078246477894E+00    3.419354174314E-02    3.283114640203E-02   -2.588475342014E-02   -2.618837831067E-02    1.412133718612E+00    2.916206830294E-02   -2.195636622106E-02
    3.548134668321E-04    2.073684769246E+00    2.066588311119E+00    3.387433014669E-02    3.246399076401E-02   -2.587126805224E-02   -2.618355014075E-02    1.404310286837E+00    2.885747457137E-02   -2.195104439133E-02
    3.758374858894E-04    2.062438824246E+00    2.055008154998E+00    3.355179691325E-02    3.209209005247E-02   -2.585238076840E-02   -2.617352022526E-02    1.396543925945E+00    2.854935413293E-02   -2.194120865830E-02
    3.981072563587E-04    2.051286598178E+00    2.043505992552E+00    3.322576257803E-02    3.171523968404E-02   -2.582801997373E-02   -2.615821919141E-02    1.388834818997E+00    2.823754749568E-02   -2.192679830522E-02
    4.216965936497E-04    2.040228827539E+00    2.032081821970E+00    3.289604188536E-02    3.133323013549E-02   -2.579811515452E-02   -2.613757861235E-02    1.381183168466E+00    2.792189120511E-02   -2.190775340424E-02
    4.466836870101E-04    2.029266298789E+00    2.020735656913E+00    3.256244362450E-02    3.094584691304E-02   -2.576259705437E-02   -2.611153116872E-02    1.373589196873E+00    2.760221780400E-02   -2.188401495542E-02
    4.731513586915E-04    2.018399850250E+00    2.009467526825E+00    3.222477046244E-02    3.055287052871E-02   -2.572139785934E-02   -2.608001081819E-02    1.366053147431E+00    2.727835579616E-02   -2.185552503274E-02
    5.011873384724E-04    2.007630374071E+00    1.998277477229E+00    3.188281877341E-02    3.015407648425E-02   -2.567445139229E-02   -2.604295297304E-02    1.358575284721E+00    2.695012961447E-02   -2.182222693725E-02
    5.308845544473E-04    1.996958818257E+00    1.987165570025E+00    3.153637846556E-02    2.974923526352E-02   -2.562169331660E-02   -2.600029468610E-02    1.351155895363E+00    2.661735959369E-02   -2.178406535731E-02
    5.623414410462E-04    1.986386188771E+00    1.976131883772E+00    3.118523280445E-02    2.933811233368E-02   -2.556306134946E-02   -2.595197484490E-02    1.343795288727E+00    2.627986194827E-02   -2.174098653634E-02
    5.956622653057E-04    1.975913551708E+00    1.965176513968E+00    3.082915823376E-02    2.892046815644E-02   -2.549849548509E-02   -2.589793437455E-02    1.336493797637E+00    2.593744875586E-02   -2.169293844794E-02
    6.309574724727E-04    1.965542035529E+00    1.954299573305E+00    3.046792419314E-02    2.849605820975E-02   -2.542793822782E-02   -2.583811644898E-02    1.329251779105E+00    2.558992794682E-02   -2.163987097866E-02
    6.683440520859E-04    1.955272833379E+00    1.943501191921E+00    3.010129293340E-02    2.806463302104E-02   -2.535133483538E-02   -2.577246671102E-02    1.322069615073E+00    2.523710330033E-02   -2.158173611836E-02
    7.079459257502E-04    1.945107205471E+00    1.932781517624E+00    2.972901932919E-02    2.762593821296E-02   -2.526863357239E-02   -2.570093350109E-02    1.314947713165E+00    2.487877444752E-02   -2.151848815835E-02
    7.498943578865E-04    1.935046481541E+00    1.922140716100E+00    2.935085068934E-02    2.717971456243E-02   -2.517978597439E-02   -2.562346809469E-02    1.307886507462E+00    2.451473688247E-02   -2.145008389732E-02
    7.943283908219E-04    1.925092063378E+00    1.911578971094E+00    2.896652656517E-02    2.672569807424E-02   -2.508474712232E-02   -2.554002494866E-02    1.300886459268E+00    2.414478198136E-02   -2.137648285503E-02
    8.413953056587E-04    1.915245427427E+00    1.901096484558E+00    2.857577855688E-02    2.626362007034E-02   -2.498347592758E-02   -2.545056195618E-02    1.293948057908E+00    2.376869703082E-02   -2.129764749391E-02
    8.912511104532E-04    1.905508127462E+00    1.890693476772E+00    2.817833011861E-02    2.579320729593E-02   -2.487593542792E-02   -2.535504071041E-02    1.287071821511E+00    2.338626526590E-02   -2.121354344844E-02
    9.440610573198E-04    1.895881797326E+00    1.880370186425E+00    2.777389636228E-02    2.531418204384E-02   -2.476209309390E-02   -2.525342677687E-02    1.280258297815E+00    2.299726591864E-02   -2.112413976235E-02
    1.000000190176E-03    1.886368153747E+00    1.870126870646E+00    2.736218386085E-02    2.482626229846E-02   -2.464192114616E-02   -2.514568997414E-02    1.273508064963E+00    2.260147427800E-02   -2.102940913346E-02
    1.059253924943E-03    1.876968999219E+00    1.859963804994E+00    2.694289045149E-02    2.432916190078E-02   -2.451539688334E-02   -2.503180466302E-02    1.266821732303E+00    2.219866176210E-02   -2.092932816621E-02
    1.122018664127E-03    1.867686224941E+00    1.849881283388E+00    2.651570503924E-02    2.382259073629E-02   -2.438250302075E-02   -2.491175004376E-02    1.260199941185E+00    2.178859600382E-02   -2.082387763171E-02
    1.188502447811E-03    1.858521813830E+00    1.839879617972E+00    2.608030740200E-02    2.330625494724E-02   -2.424322803937E-02   -2.478551046112E-02    1.253643365748E+00    2.137104095054E-02   -2.071304273497E-02
    1.258925643231E-03    1.849477843578E+00    1.829959138915E+00    2.563636799745E-02    2.277985717156E-02   -2.409756654552E-02   -2.465307571714E-02    1.247152713695E+00    2.094575697973E-02   -2.059681338945E-02
    1.333521675200E-03    1.840556489774E+00    1.820120194129E+00    2.518354777323E-02    2.224309681017E-02   -2.394551964060E-02   -2.451444139104E-02    1.240728727057E+00    2.051250103116E-02   -2.047518449839E-02
    1.412537799822E-03    1.831760029067E+00    1.810363148894E+00    2.472149798112E-02    2.169567032498E-02   -2.378709530087E-02   -2.436960916601E-02    1.234372182930E+00    2.007102675737E-02   -2.034815624271E-02
    1.496235924044E-03    1.823090842368E+00    1.800688385387E+00    2.424985999677E-02    2.113727156999E-02   -2.362230876696E-02   -2.421858716234E-02    1.228083894184E+00    1.962108469377E-02   -2.021573437529E-02
    1.584893473776E-03    1.814551418093E+00    1.791096302108E+00    2.376826514632E-02    2.056759215820E-02   -2.345118294274E-02   -2.406139027639E-02    1.221864710145E+00    1.916242245015E-02   -2.007793052100E-02
    1.678804313446E-03    1.806144355422E+00    1.781587313167E+00    2.327633454165E-02    1.998632186685E-02   -2.327374880322E-02   -2.389804052483E-02    1.215715517230E+00    1.869478492525E-02   -1.993476248225E-02
    1.778279720043E-03    1.797872367577E+00    1.772161847453E+00    2.277367892603E-02    1.939314908416E-02   -2.309004581091E-02   -2.372856739341E-02    1.209637239532E+00    1.821791454638E-02   -1.978625454949E-02
    1.883649414877E-03    1.789738285101E+00    1.762820347632E+00    2.225989853270E-02    1.878776130120E-02   -2.290012234025E-02   -2.355300818958E-02    1.203630839350E+00    1.773155153640E-02   -1.963243781608E-02
    1.995262656475E-03    1.781745059122E+00    1.753563268994E+00    2.173458295842E-02    1.816984565188E-02   -2.270403610946E-02   -2.337140839812E-02    1.197697317647E+00    1.723543421014E-02   -1.947335049696E-02
    2.113489398229E-03    1.773895764595E+00    1.744391078106E+00    2.119731105512E-02    1.753908950528E-02   -2.250185461904E-02   -2.318382203880E-02    1.191837714429E+00    1.672929930296E-02   -1.930903825039E-02
    2.238721514648E-03    1.766193603490E+00    1.735304251255E+00    2.064765084274E-02    1.689518111448E-02   -2.229365559624E-02   -2.299031202513E-02    1.186053109032E+00    1.621288233425E-02   -1.913955450203E-02
    2.371374100268E-03    1.758641907929E+00    1.726303272674E+00    2.008515944691E-02    1.623781032643E-02   -2.207952744475E-02   -2.279095052301E-02    1.180344620295E+00    1.568591800899E-02   -1.896496077049E-02
    2.511886845517E-03    1.751244143215E+00    1.717388632509E+00    1.950938306526E-02    1.556666935742E-02   -2.185956969834E-02   -2.258581930813E-02    1.174713406624E+00    1.514814066040E-02   -1.878532699348E-02
    2.660725494121E-03    1.744003910767E+00    1.708560824510E+00    1.891985696743E-02    1.488145364037E-02   -2.163389347783E-02   -2.237501012075E-02    1.169160665898E+00    1.459928473793E-02   -1.860073185347E-02
    2.818383386855E-03    1.736924950895E+00    1.699820343421E+00    1.831610553359E-02    1.418186274902E-02   -2.140262194979E-02   -2.215862501639E-02    1.163687635233E+00    1.403908534428E-02   -1.841126310184E-02
    2.985383096773E-03    1.730011145409E+00    1.691167682029E+00    1.769764233732E-02    1.346760140556E-02   -2.116589078599E-02   -2.193677671082E-02    1.158295590551E+00    1.346727882581E-02   -1.821701788020E-02
    3.162278161326E-03    1.723266520011E+00    1.682603327848E+00    1.706397027933E-02    1.273838057857E-02   -2.092384862206E-02   -2.170958891768E-02    1.152985845955E+00    1.288360342139E-02   -1.801810303776E-02
    3.349654917123E-03    1.716695246432E+00    1.674127759387E+00    1.641458177934E-02    1.199391867859E-02   -2.067665751372E-02   -2.147719667684E-02    1.147759752870E+00    1.228779997483E-02   -1.781463544306E-02
    3.548134443398E-03    1.710301644273E+00    1.665741441986E+00    1.574895903420E-02    1.123394285960E-02   -2.042449338905E-02   -2.123974667140E-02    1.142618698924E+00    1.167961271685E-02   -1.760674228869E-02
    3.758374620643E-03    1.704090182495E+00    1.657444823147E+00    1.506657435074E-02    1.045819043404E-02   -2.016754649481E-02   -2.099739753128E-02    1.137564106543E+00    1.105879012224E-02   -1.739456138740E-02
    3.981072311218E-03    1.698065480488E+00    1.649238327338E+00    1.436689056476E-02    9.666410412961E-03   -1.990602183467E-02   -2.075032012078E-02    1.132597431220E+00    1.042508585051E-02   -1.717824145744E-02
    4.216965669175E-03    1.692232308685E+00    1.641122350194E+00    1.364936155591E-02    8.858365179053E-03   -1.964013959724E-02   -2.049869780769E-02    1.127720159418E+00    9.778259776165E-03   -1.695794239547E-02
    4.466836586940E-03    1.686595588620E+00    1.633097252083E+00    1.291343287154E-02    8.033832304793E-03   -1.937013557143E-02   -2.024272671120E-02    1.122933806073E+00    9.118079117368E-03   -1.673383553482E-02
    4.731513286975E-03    1.681160392364E+00    1.625163350959E+00    1.215854247315E-02    7.192606527057E-03   -1.909626154628E-02   -1.998261592545E-02    1.118239911640E+00    8.444319671887E-03   -1.650610388665E-02
    5.011873067012E-03    1.675931941252E+00    1.617320914432E+00    1.138412162082E-02    6.334501891126E-03   -1.881878569242E-02   -1.971858771546E-02    1.113640038646E+00    7.756767170072E-03   -1.627494236169E-02
    5.308845207934E-03    1.670915603802E+00    1.609570151006E+00    1.058959591146E-02    5.459354076619E-03   -1.853799292206E-02   -1.945087768221E-02    1.109135767676E+00    7.055218754653E-03   -1.604055796974E-02
    5.623414053982E-03    1.666116892717E+00    1.601911200374E+00    9.774386490491E-03    4.567022921091E-03   -1.825418522373E-02   -1.917973489264E-02    1.104728692748E+00    6.339484599554E-03   -1.580316999407E-02
    5.956622275455E-03    1.661541460847E+00    1.594344122707E+00    8.937911457150E-03    3.657395156671E-03   -1.796768196791E-02   -1.890542197062E-02    1.100420415997E+00    5.609389679915E-03   -1.556301013729E-02
    6.309574324750E-03    1.657195095984E+00    1.586868886835E+00    8.079587484866E-03    2.730387375103E-03   -1.767882017954E-02   -1.862821514461E-02    1.096212541603E+00    4.864775705677E-03   -1.532032263560E-02
    6.683440097183E-03    1.653083714342E+00    1.579485357227E+00    7.198831681692E-03    1.785949239488E-03   -1.738795477254E-02   -1.834840424692E-02    1.092106668882E+00    4.105503233492E-03   -1.507536433748E-02
    7.079458808720E-03    1.649213352557E+00    1.572193279649E+00    6.295063717430E-03    8.240669609904E-04   -1.709545874137E-02   -1.806629265967E-02    1.088104384444E+00    3.331453971935E-03   -1.482840474279E-02
    7.498943103492E-03    1.645590158032E+00    1.564992265394E+00    5.367708247252E-03   -1.552329394041E-04   -1.680172330385E-02   -1.778219720134E-02    1.084207253337E+00    2.542533296708E-03   -1.457972599781E-02
    7.943283404678E-03    1.642220377440E+00    1.557881773961E+00    4.416197659799E-03   -1.151879567013E-03   -1.650715798974E-02   -1.749644794897E-02    1.080416809061E+00    1.738672990528E-03   -1.432962284197E-02
    8.413952523210E-03    1.639110343137E+00    1.550861094025E+00    3.439975191360E-03   -2.165753259750E-03   -1.621219066716E-02   -1.720938798762E-02    1.076734542339E+00    9.198342308283E-04   -1.407840250022E-02
    8.912510539550E-03    1.636266457281E+00    1.543929322578E+00    2.438498436894E-03   -3.196680848507E-03   -1.591726750064E-02   -1.692137308161E-02    1.073161888528E+00    8.601084009414E-05   -1.382638451608E-02
    9.440609974739E-03    1.633695173370E+00    1.537085342067E+00    1.411243301011E-03   -4.244430546338E-03   -1.562285283199E-02   -1.663277125918E-02    1.069700213524E+00   -7.627671789690E-04   -1.357390051922E-02
    1.000000126784E-02    1.631402974934E+00    1.530327795367E+00    3.577084320967E-04   -5.308706443525E-03   -1.532942897536E-02   -1.634396230232E-02    1.066350798032E+00   -1.626429802405E-03   -1.332129392088E-02
    1.059253857795E-02    1.629396351031E+00    1.523655058411E+00   -7.225798132265E-04   -6.389142584745E-03   -1.503749591647E-02   -1.605533713279E-02    1.063114820017E+00   -2.504862815794E-03   -1.306891952980E-02
    1.122018593000E-02    1.627681768233E+00    1.517065210274E+00   -1.830061826436E-03   -7.485296605756E-03   -1.474757090548E-02   -1.576729708497E-02    1.059993335193E+00   -3.397903294770E-03   -1.281714308134E-02
    1.188502372469E-02    1.626265638717E+00    1.510556000535E+00   -2.965138571421E-03   -8.596642906778E-03   -1.446018793190E-02   -1.548025305522E-02    1.056987255341E+00   -4.305334712203E-03   -1.256634067135E-02
    1.258925563425E-02    1.625154283996E+00    1.504124813650E+00   -4.128164713419E-03   -9.722565335827E-03   -1.417589706721E-02   -1.519462451534E-02    1.054097324261E+00   -5.226881644691E-03   -1.231689808470E-02
    1.333521590666E-02    1.624353893902E+00    1.497768630159E+00   -5.319441000248E-03   -1.086234936659E-02   -1.389526366266E-02   -1.491083837985E-02    1.051324091138E+00   -6.162204059168E-03   -1.206921001004E-02
    1.412537710278E-02    1.623870480281E+00    1.491483984448E+00   -6.539205827235E-03   -1.201517374806E-02   -1.361886738558E-02   -1.462932771319E-02    1.048667881100E+00   -7.110891153155E-03   -1.182367912937E-02
    1.496235829195E-02    1.623709824862E+00    1.485266918839E+00   -7.787625919389E-03   -1.318010160973E-02   -1.334730107736E-02   -1.435053026331E-02    1.046128762700E+00   -8.072454725962E-03   -1.158071507107E-02
    1.584893373306E-02    1.623877420702E+00    1.479112933715E+00   -9.064786058499E-03   -1.435607100786E-02   -1.308116941395E-02   -1.407488680676E-02    1.043706512060E+00   -9.046322057769E-03   -1.134073321393E-02
    1.678804207023E-02    1.624378406614E+00    1.473016933446E+00   -1.037067778988E-02   -1.554188490776E-02   -1.282108735014E-02   -1.380283929116E-02    1.041400573400E+00   -1.003182827977E-02   -1.110415333018E-02
    1.778279607314E-02    1.625217493781E+00    1.466973167778E+00   -1.170518701898E-02   -1.673620059091E-02   -1.256767832242E-02   -1.353482875617E-02    1.039210015622E+00   -1.102820821022E-02   -1.087139805124E-02
    1.883649295469E-02    1.626398883848E+00    1.460975168426E+00   -1.306808042912E-02   -1.793751849543E-02   -1.232157218801E-02   -1.327129301729E-02    1.037133484617E+00   -1.203458764553E-02   -1.064289114274E-02
    1.995262529991E-02    1.627926177687E+00    1.455015680573E+00   -1.445899064045E-02   -1.914417050048E-02   -1.208340287376E-02   -1.301266409463E-02    1.035169150987E+00   -1.304997409445E-02   -1.041905557258E-02
    2.113489264250E-02    1.629802273897E+00    1.449086588975E+00   -1.587740002782E-02   -2.035430767509E-02   -1.185380570580E-02   -1.275936536761E-02    1.033314652773E+00   -1.407324694744E-02   -1.020031135530E-02
    2.238721372731E-02    1.632029256103E+00    1.443178838367E+00   -1.732262311819E-02   -2.156588752514E-02   -1.163341438931E-02   -1.251180843638E-02    1.031567032824E+00   -1.510314708098E-02   -9.987073154802E-03
    2.371373949942E-02    1.634608267983E+00    1.437282347891E+00   -1.879378748807E-02   -2.277666078645E-02   -1.142285760480E-02   -1.227038967070E-02    1.029922670388E+00   -1.613826590317E-02   -9.779747627222E-03
    2.511886686283E-02    1.637539375034E+00    1.431385919315E+00   -2.028981309905E-02   -2.398415783026E-02   -1.122275518937E-02   -1.203548642950E-02    1.028377206566E+00   -1.717703386035E-02   -9.578730487380E-03
    2.660725325452E-02    1.640821411618E+00    1.425477138683E+00   -2.180938997138E-02   -2.518567476083E-02   -1.103371385667E-02   -1.180745292619E-02    1.026925463066E+00   -1.821770842214E-02   -9.384403274245E-03
    2.818383208192E-02    1.644451812278E+00    1.419542271287E+00   -2.335095416383E-02   -2.637825931875E-02   -1.085632242412E-02   -1.158661572835E-02    1.025561353946E+00   -1.925836159482E-02   -9.197129801764E-03
    2.985382907523E-02    1.648426425842E+00    1.413566149751E+00   -2.491266199102E-02   -2.755869672104E-02   -1.069114650118E-02   -1.137326887215E-02    1.024277789821E+00   -2.029686701223E-02   -9.017252273257E-03
    3.162277960863E-02    1.652739310889E+00    1.407532055092E+00   -2.649236244071E-02   -2.872349560342E-02   -1.053872259515E-02   -1.116766857800E-02    1.023066574111E+00   -2.133088667816E-02   -8.845087041563E-03
    3.349654704782E-02    1.657382511054E+00    1.401421590725E+00   -2.808756776537E-02   -2.986887426603E-02   -1.039955158804E-02   -1.097002755605E-02    1.021918290865E+00   -2.235785745309E-02   -8.680919997306E-03
    3.548134218475E-02    1.662345808664E+00    1.395214549496E+00   -2.969542225261E-02   -3.099074745826E-02   -1.027409154077E-02   -1.078050889642E-02    1.020822183769E+00   -2.337497740230E-02   -8.525001571710E-03
    3.758374382392E-02    1.667616454966E+00    1.388888773850E+00   -3.131266918712E-02   -3.208471398974E-02   -1.016274977335E-02   -1.059921954056E-02    1.019766025904E+00   -2.437919214814E-02   -8.377541339046E-03
    3.981072058850E-02    1.673178875182E+00    1.382420009474E+00   -3.293561605881E-02   -3.314604550812E-02   -1.006587417238E-02   -1.042620333917E-02    1.018735979860E+00   -2.536718140458E-02   -8.238702209149E-03
    4.216965401853E-02    1.679014346819E+00    1.375781752918E+00   -3.456009812159E-02   -3.416967682716E-02   -9.983743684192E-03   -1.026143371345E-02    1.017716447984E+00   -2.633534590317E-02   -8.108594207960E-03
    4.466836303778E-02    1.685100649376E+00    1.368945093887E+00   -3.618144043584E-02   -3.515019826484E-02   -9.916557945799E-03   -1.010480594300E-02    1.016689912481E+00   -2.727979496197E-02   -7.987267845546E-03
    4.731512987035E-02    1.691411683728E+00    1.361878553162E+00   -3.779441859471E-02   -3.608185051526E-02   -9.864426013355E-03   -9.956129118849E-03    1.015636765261E+00   -2.819633499394E-02   -7.874707080805E-03
    5.011872749299E-02    1.697917059436E+00    1.354547917430E+00   -3.939321840123E-02   -3.695852266524E-02   -9.827354151067E-03   -9.815117815878E-03    1.014535127532E+00   -2.908045930687E-02   -7.770821900388E-03
    5.308844871396E-02    1.704581648749E+00    1.346916072655E+00   -4.097139484441E-02   -3.777375399301E-02   -9.805232661872E-03   -9.681383558057E-03    1.013360659404E+00   -2.992733957622E-02   -7.675440543794E-03
    5.623413697503E-02    1.711365105234E+00    1.338942838070E+00   -4.252183081447E-02   -3.852074040778E-02   -9.797821724332E-03   -9.554426170050E-03    1.012086359735E+00   -3.073181949739E-02   -7.588301411770E-03
    5.956621897853E-02    1.718221346458E+00    1.330584803408E+00   -4.403669612548E-02   -3.919234633014E-02   -9.804736248284E-03   -9.433625139775E-03    1.010682357050E+00   -3.148841112195E-02   -7.509044722863E-03
    6.309573924774E-02    1.725097999669E+00    1.321795172542E+00   -4.550740753500E-02   -3.978112301161E-02   -9.825429756079E-03   -9.318231142927E-03    1.009115692460E+00   -3.219129450208E-02   -7.437203993998E-03
    6.683439673506E-02    1.731935810137E+00    1.312523617458E+00   -4.692459061630E-02   -4.027933437236E-02   -9.859177325473E-03   -9.207357917672E-03    1.007350095982E+00   -3.283432134057E-02   -7.372197446335E-03
    7.079458359939E-02    1.738668012421E+00    1.302716147296E+00   -4.827804452878E-02   -4.067899155314E-02   -9.905057657505E-03   -9.099974718963E-03    1.005345758156E+00   -3.341102343879E-02   -7.313319464167E-03
    7.498942628119E-02    1.745219665670E+00    1.292314998105E+00   -4.955671094080E-02   -4.097189746718E-02   -9.961934368376E-03   -8.994899625803E-03    1.003059099437E+00   -3.391462682178E-02   -7.259732264421E-03
    7.943282901137E-02    1.751506955100E+00    1.281258549915E+00   -5.074864858830E-02   -4.114970272232E-02   -1.002843664450E-02   -8.890794021131E-03    1.000442540492E+00   -3.433807250817E-02   -7.210457966083E-03
    8.413951989832E-02    1.757436462743E+00    1.269481279581E+00   -5.184101537307E-02   -4.120397457367E-02   -1.010293944968E-02   -8.786158647843E-03    9.974442775146E-01   -3.467404512111E-02   -7.164371300787E-03
    8.912509974568E-02    1.762904412932E+00    1.256913758326E+00   -5.282006005599E-02   -4.112628033638E-02   -1.018354354580E-02   -8.679331667678E-03    9.940080675261E-01   -3.491501046016E-02   -7.120193233986E-03
    9.440609376280E-02    1.767795899342E+00    1.243482705235E+00   -5.367112614228E-02   -4.090828702716E-02   -1.026805565419E-02   -8.568489249569E-03    9.900730298818E-01   -3.505326343450E-02   -7.076485828831E-03
    1.000000063392E-01    1.771984103223E+00    1.229111109440E+00   -5.437867095143E-02   -4.054187894057E-02   -1.035396918172E-02   -8.451649276016E-03    9.855734715903E-01   -3.508098781867E-02   -7.031648736836E-03
    1.059253790647E-01    1.775329515567E+00    1.213718435983E+00   -5.492630343472E-02   -4.001929492811E-02   -1.043844604999E-02   -8.326678844464E-03    9.804387457685E-01   -3.499032945270E-02   -6.983917767640E-03
    1.122018521873E-01    1.777679179298E+00    1.197220931456E+00   -5.529684464606E-02   -3.933328691655E-02   -1.051830027301E-02   -8.191306274279E-03    9.745931539316E-01   -3.477348448505E-02   -6.931366030303E-03
    1.188502297128E-01    1.778865972771E+00    1.179532049997E+00   -5.547241596715E-02   -3.847730150419E-02   -1.058998413608E-02   -8.043138500631E-03    9.679559060025E-01   -3.442280468327E-02   -6.871908267463E-03
    1.258925483619E-01    1.778707961023E+00    1.160563020888E+00   -5.543455949922E-02   -3.744568579137E-02   -1.064957788262E-02   -7.879684781670E-03    9.604411536154E-01   -3.393092131872E-02   -6.803309038885E-03
    1.333521506131E-01    1.777007847473E+00    1.140223581986E+00   -5.516440573595E-02   -3.623391924818E-02   -1.069278501231E-02   -7.698387200818E-03    9.519581152212E-01   -3.329089251340E-02   -6.723195453947E-03
    1.412537620735E-01    1.773552566682E+00    1.118422906247E+00   -5.464286009562E-02   -3.483886918788E-02   -1.071493117502E-02   -7.496660914606E-03    9.424113148727E-01   -3.249636429491E-02   -6.629075478734E-03
    1.496235734345E-01    1.768113070065E+00    1.095070752966E+00   -5.385088762898E-02   -3.325907617542E-02   -1.071097536543E-02   -7.271941414459E-03    9.317009614345E-01   -3.154177096539E-02   -6.518362358532E-03
    1.584893272837E-01    1.760444359519E+00    1.070078870679E+00   -5.276982793149E-02   -3.149506123541E-02   -1.067552817969E-02   -7.021743792334E-03    9.197234940509E-01   -3.042255096128E-02   -6.388406530531E-03
    1.678804100600E-01    1.750285850017E+00    1.043362693745E+00   -5.138179139427E-02   -2.954965711916E-02   -1.060288357935E-02   -6.743733114204E-03    9.063723328390E-01   -2.913539370297E-02   -6.236535989598E-03
    1.778279494585E-01    1.737362142469E+00    1.014843362219E+00   -4.967014169122E-02   -2.742835904487E-02   -1.048706659145E-02   -6.435806789102E-03    8.915388691255E-01   -2.767851656119E-02   -6.060106134802E-03
    1.883649176061E-01    1.721384312873E+00    9.844501034468E-01   -4.762007128074E-02   -2.513968925268E-02   -1.032190002819E-02   -6.096189971716E-03    8.751137399395E-01   -2.605197111640E-02   -5.856560357940E-03
    1.995262403507E-01    1.702051839267E+00    9.521230097286E-01   -4.521928247060E-02   -2.269556757113E-02   -1.010109435400E-02   -5.723544259602E-03    8.569884343287E-01   -2.425797877483E-02   -5.623502516776E-03
    2.113489130272E-01    1.679055308201E+00    9.178162432610E-01   -4.245878473279E-02   -2.011167711089E-02   -9.818365262218E-03   -5.317089576902E-03    8.370572836570E-01   -2.230129406522E-02   -5.358782401905E-03
    2.238721230814E-01    1.652080064063E+00    8.815016931564E-01   -3.933381773499E-02   -1.740781055663E-02   -9.467584099849E-03   -4.876738482351E-03    8.152198918032E-01   -2.018959221358E-02   -5.060595180425E-03
    2.371373799615E-01    1.620810986761E+00    8.431730987160E-01   -3.584490711530E-02   -1.460817814389E-02   -9.042966807732E-03   -4.403241243285E-03    7.913840635366E-01   -1.793387527106E-02   -4.727595566953E-03
    2.511886527050E-01    1.584938605443E+00    8.028506372078E-01   -3.199905596894E-02   -1.174165322198E-02   -8.539307475338E-03   -3.898338830211E-03    7.654692897291E-01   -1.554888802192E-02   -4.359027102391E-03
    2.660725156783E-01    1.544166776258E+00    7.605859514690E-01   -2.781106871584E-02   -8.841925289029E-03   -7.952262839459E-03   -3.364919441389E-03    7.374108453202E-01   -1.305353094601E-02   -3.954866361494E-03
    2.818383029529E-01    1.498222168145E+00    7.164675607985E-01   -2.330499472550E-02   -5.947523600135E-03   -7.278693936411E-03   -2.807172198243E-03    7.071645486570E-01   -1.047125247009E-02   -3.515981099373E-03
    2.985382718274E-01    1.446865809402E+00    6.706265556784E-01   -1.851566588983E-02   -3.101666986036E-03   -6.517070462367E-03   -2.230729189599E-03    6.747122173625E-01   -7.830396398320E-03   -3.044300210059E-03
    3.162277760400E-01    1.389906943219E+00    6.232424201898E-01   -1.349028407169E-02   -3.518877924798E-04   -5.667941880948E-03   -1.642784034674E-03    6.400678335247E-01   -5.164472589953E-03   -2.542991803102E-03
    3.349654492440E-01    1.327219417657E+00    5.745487529380E-01   -8.289989711900E-03    2.250629768735E-03   -4.734476596221E-03   -1.052171527759E-03    6.032843973505E-01   -2.512309414430E-03   -2.016643594302E-03
    3.548133993551E-01    1.258760782818E+00    5.248385651451E-01   -2.991310285985E-03    4.652062900908E-03   -3.723065968542E-03   -4.693887662035E-04    5.644613991239E-01    8.196474602645E-05   -1.471437006461E-03
    3.758374144141E-01    1.184594175791E+00    4.744687206792E-01    2.312655005204E-03    6.797385154118E-03   -2.643982930328E-03    9.346650662223E-05    5.237527706162E-01    2.569176784744E-03   -9.153027197031E-04
    3.981071806482E-01    1.104912922761E+00    4.238629462388E-01    7.511511558483E-03    8.632292133247E-03   -1.512074414478E-03    6.228694871183E-04    4.813750830488E-01    4.895681293075E-03   -3.580407236959E-04
    4.216965134532E-01    1.020067558299E+00    3.735126804765E-01    1.247757071267E-02    1.010567865893E-02   -3.474515130077E-04    1.104187660233E-03    4.376156336804E-01    7.004345925700E-03    1.886179975828E-04
    4.466836020616E-01    9.305946239976E-01    3.239748533640E-01    1.706692073151E-02    1.117270739484E-02    8.238804426472E-04    1.522183363248E-03    3.928399000570E-01    8.836060481272E-03    7.110383230589E-04
    4.731512687095E-01    8.372461270057E-01    2.758655007555E-01    2.112200640958E-02    1.179847040303E-02    1.969539912541E-03    1.861738266360E-03    3.474976331013E-01    1.033189288921E-02    1.193835379036E-03
    5.011872431586E-01    7.410178663673E-01    2.298479432224E-01    2.447626159536E-02    1.196218070684E-02    3.050564646853E-03    2.108835200533E-03    3.021266008380E-01    1.143602152305E-02    1.620205721691E-03
    5.308844534858E-01    6.431739135648E-01    1.866141276072E-01    2.696144739284E-02    1.166173075914E-02    4.021669404026E-03    2.251821663759E-03    2.573526796381E-01    1.209956750443E-02    1.972496018261E-03
    5.623413341023E-01    5.452632876957E-01    1.468576975834E-01    2.841844610123E-02    1.091830680173E-02    4.832223740423E-03    2.282955635060E-03    2.138846169263E-01    1.228542451354E-02    2.233081845083E-03
    5.956621520251E-01    4.491232100476E-01    1.112375198366E-01    2.871231514893E-02    9.780539318853E-03    5.428301381925E-03    2.200190787376E-03    1.725013680460E-01    1.197412315355E-02    2.385639868708E-03
    6.309573524797E-01    3.568611355636E-01    8.033087471459E-02    2.775236476303E-02    8.327387845772E-03    5.756269889617E-03    2.009085023099E-03    1.340294524944E-01    1.117065273749E-02    2.416903422184E-03
    6.683439249830E-01    2.708049226991E-01    5.457654155372E-02    2.551777985370E-02    6.668599699135E-03    5.768527198585E-03    1.724600025424E-03    9.930732693345E-02    9.911962871826E-03    2.318988700418E-03
    7.079457911159E-01    1.934068355555E-01    3.420986527631E-02    2.208867780853E-02    4.941158851238E-03    5.432138167756E-03    1.372382275729E-03    6.913339031420E-02    8.274531673402E-03    2.092356541575E-03
    7.498942152746E-01    1.270823987746E-01    1.919503807232E-02    1.768109012826E-02    3.299719206430E-03    4.741239413466E-03    9.888601676889E-04    4.419403835505E-02    6.380827628685E-03    1.749415057683E-03
    7.943282397597E-01    7.395920516665E-02    9.164903972576E-03    1.268140084454E-02    1.898758865307E-03    3.734041929545E-03    6.191402120017E-04    2.496833713112E-02    4.402541748945E-03    1.318629313161E-03
    8.413951456455E-01    3.550333635283E-02    3.386505671028E-03    7.669417675949E-03    8.645195087619E-04    2.514710816981E-03    3.112540525234E-04    1.160665067767E-02    2.556741616211E-03    8.486876165453E-04
    8.912509409587E-01    1.198176212946E-02    7.826105740037E-04    3.404477523958E-03    2.567452698968E-04    1.278104307261E-03    1.049214634422E-04    3.782316340318E-03    1.087522197977E-03    4.114655835313E-04
    9.440608777821E-01    1.707511576341E-03    5.732466094469E-05    7.080635155473E-04    2.671034460484E-05    3.258633115993E-04    1.324263847896E-05    5.187567293153E-04    2.162134577169E-04    9.986053195159E-05
