# Q1 =   100.0000 , Q2 =   500.0000
# x  F3Wp(LO) F3Wm(LO) F3Wp(NLO) F3Wm(NLO) F3Wp(NNLO) F3Wm(NNLO) F3Z(LO) F3Z(NLO) F3Z(NNLO)
    1.000000316960E-05   -4.835626311852E+04    4.857985768824E+04    1.034586698992E+03   -1.041412191553E+03    1.578085969612E+02   -1.610539301955E+02    5.832303112478E+01   -1.843606209193E+00   -8.340030459039E-01
    1.059254059240E-05   -4.538230386444E+04    4.560301397348E+04    9.707790691073E+02   -9.777489427635E+02    1.480377438299E+02   -1.512314338707E+02    5.756041823572E+01   -1.878974918891E+00   -8.205493066568E-01
    1.122018806381E-05   -4.259090826944E+04    4.280877126842E+04    9.108827746934E+02   -9.179930696629E+02    1.388686309410E+02   -1.420100992098E+02    5.680792078892E+01   -1.913385884891E+00   -8.069511977034E-01
    1.188502598494E-05   -3.997087349343E+04    4.018592623965E+04    8.546578823139E+02   -8.619047508950E+02    1.302643317092E+02   -1.333530470211E+02    5.606540101470E+01   -1.946847756592E+00   -7.932211201437E-01
    1.258925802843E-05   -3.751168409417E+04    3.772396295796E+04    8.018792501940E+02   -8.092589043198E+02    1.221901840554E+02   -1.252256615158E+02    5.533272296689E+01   -1.979377308461E+00   -7.793711881706E-01
    1.333521844269E-05   -3.520346984969E+04    3.541301072071E+04    7.523355492282E+02   -7.598442649817E+02    1.146136515855E+02   -1.175954515171E+02    5.460975250071E+01   -2.010982912693E+00   -7.654132353122E-01
    1.412537978909E-05   -3.303696616879E+04    3.324380446219E+04    7.058284154783E+02   -7.134624714839E+02    1.075042139903E+02   -1.104247039432E+02    5.389635724892E+01   -2.041668189795E+00   -7.513588185596E-01
    1.496236113743E-05   -3.100347693056E+04    3.120764759311E+04    6.621699293059E+02   -6.699273979379E+02    1.008352407639E+02   -1.036994001097E+02    5.319240659916E+01   -2.071459780871E+00   -7.372192210420E-01
    1.584893674715E-05   -2.909483960399E+04    2.929637712011E+04    6.211905953222E+02   -6.290643182383E+02    9.457562045560E+01   -9.738055146431E+01    5.249777167039E+01   -2.100359618045E+00   -7.230022580106E-01
    1.678804526291E-05   -2.730339250787E+04    2.750233090558E+04    5.827209025259E+02   -5.907092278298E+02    8.870223385306E+01   -9.145310586531E+01    5.181232529171E+01   -2.128378409402E+00   -7.087252547137E-01
    1.778279945500E-05   -2.562194407946E+04    2.581831693627E+04    5.466089498316E+02   -5.547082072922E+02    8.319136970634E+01   -8.589128412877E+01    5.113594197780E+01   -2.155526704298E+00   -6.943952612940E-01
    1.883649653694E-05   -2.404374402881E+04    2.423758447753E+04    5.127099370311E+02   -5.209167177629E+02    7.802061401721E+01   -8.066551362445E+01    5.046849790831E+01   -2.181819726344E+00   -6.800225258040E-01
    1.995262909442E-05   -2.256245626303E+04    2.275379699745E+04    4.808882831108E+02   -4.891991539963E+02    7.316938877995E+01   -7.575753150944E+01    4.980987090596E+01   -2.207257992842E+00   -6.656170331611E-01
    2.113489666185E-05   -2.117213347178E+04    2.136100675238E+04    4.510166398997E+02   -4.594282104493E+02    6.854992898285E+01   -7.115063861052E+01    4.915994041519E+01   -2.231856563830E+00   -6.511885114824E-01
    2.238721798482E-05   -1.986719327225E+04    2.005363093177E+04    4.229754720707E+02   -4.314843859090E+02    6.434781297797E+01   -6.682503070582E+01    4.851858748002E+01   -2.255625404747E+00   -6.367464394801E-01
    2.371374400920E-05   -1.864239581777E+04    1.882642926670E+04    3.966525763602E+02   -4.052555359220E+02    6.034177281645E+01   -6.276488716729E+01    4.788569472359E+01   -2.278569738585E+00   -6.223000464705E-01
    2.511887163984E-05   -1.749282278033E+04    1.767448301236E+04    3.719426334600E+02   -3.806363773029E+02    5.658360436253E+01   -5.895117933795E+01    4.726114632758E+01   -2.300708567241E+00   -6.078550091005E-01
    2.660725831458E-05   -1.641385762272E+04    1.659317522010E+04    3.489620621770E+02   -3.575280273343E+02    5.305803789280E+01   -5.537010576205E+01    4.664482800919E+01   -2.322046851771E+00   -5.934260672175E-01
    2.818383744181E-05   -1.540116708109E+04    1.557817221993E+04    3.269722362376E+02   -3.358378474371E+02    4.975094655808E+01   -5.200617790236E+01    4.603662700334E+01   -2.342598907176E+00   -5.790236165550E-01
    2.985383475271E-05   -1.445068378370E+04    1.462540623919E+04    3.065318854806E+02   -3.154787196514E+02    4.664862244961E+01   -4.884853309053E+01    4.543643204113E+01   -2.362365313489E+00   -5.646474301628E-01
    3.162278562252E-05   -1.355858993623E+04    1.373105908779E+04    2.873439185752E+02   -2.963689241594E+02    4.373861358671E+01   -4.588333934712E+01    4.484413333007E+01   -2.381358971260E+00   -5.503130136824E-01
    3.349655341806E-05   -1.272130200801E+04    1.289154684440E+04    2.693317034231E+02   -2.784317769335E+02    4.100910732134E+01   -4.309880504780E+01    4.425962253426E+01   -2.399589148045E+00   -5.360211983968E-01
    3.548134893245E-05   -1.193545635799E+04    1.210350548229E+04    2.524231471674E+02   -2.615948737874E+02    3.844900112679E+01   -4.054244843305E+01    4.368279275470E+01   -2.417064972904E+00   -5.217830252425E-01
    3.758375097145E-05   -1.119789574256E+04    1.136377737716E+04    2.365506346019E+02   -2.457917460755E+02    3.604787814167E+01   -3.808361881755E+01    4.311353850934E+01   -2.433788958980E+00   -5.076058854392E-01
    3.981072815955E-05   -1.050565665133E+04    1.066939864281E+04    2.216507712610E+02   -2.309578725205E+02    3.379595998503E+01   -3.577427247501E+01    4.255175571372E+01   -2.449783009626E+00   -4.934969485535E-01
    4.216966203819E-05   -9.855957419908E+03    1.001758724384E+04    2.076638281446E+02   -2.170340761157E+02    3.168408482743E+01   -3.355585062156E+01    4.199734166245E+01   -2.465049363055E+00   -4.794631691971E-01
    4.466837153263E-05   -9.246187072043E+03    9.405731837749E+03    1.945339616956E+02   -2.039645224152E+02    2.970360250844E+01   -3.152159601547E+01    4.145019501002E+01   -2.479602864315E+00   -4.655112896935E-01
    4.731513886856E-05   -8.673894846429E+03    8.831381301685E+03    1.822086761730E+02   -1.916966513033E+02    2.784646092368E+01   -2.961096686291E+01    4.091021575205E+01   -2.493439477389E+00   -4.516478417236E-01
    5.011873702437E-05   -8.136780366105E+03    8.292234901757E+03    1.706387006152E+02   -1.801812266486E+02    2.610502674688E+01   -2.781641750694E+01    4.037730520662E+01   -2.506573954320E+00   -4.378791513928E-01
    5.308845881011E-05   -7.632684411048E+03    7.786133065577E+03    1.597782805970E+02   -1.693721340131E+02    2.447219385689E+01   -2.613073101655E+01    3.985136599626E+01   -2.519014613337E+00   -4.242739448405E-01
    5.623414766941E-05   -7.159580256946E+03    7.311048720962E+03    1.495825143472E+02   -1.592259446367E+02    2.294127192131E+01   -2.454705387192E+01    3.933230202831E+01   -2.530765813078E+00   -4.106503345296E-01
    5.956623030659E-05   -6.715565545399E+03    6.865079166080E+03    1.400121571211E+02   -1.497019404224E+02    2.150582605150E+01   -2.306025253749E+01    3.882001847785E+01   -2.541844290563E+00   -3.972018583482E-01
    6.309575124703E-05   -6.298854652955E+03    6.446438438423E+03    1.310284232285E+02   -1.407619232788E+02    2.016040433243E+01   -2.166322101387E+01    3.831442176982E+01   -2.552252976935E+00   -3.838714437458E-01
    6.683440944536E-05   -5.907771528375E+03    6.053450152003E+03    1.225953775470E+02   -1.323699786842E+02    1.889904958351E+01   -2.035085479287E+01    3.781541956087E+01   -2.561999898663E+00   -3.706644318973E-01
    7.079459706283E-05   -5.540742969374E+03    5.684540774042E+03    1.146794101570E+02   -1.244920787300E+02    1.766799049747E+01   -1.911797907258E+01    3.732292072166E+01   -2.571092959594E+00   -3.575848836906E-01
    7.498944054238E-05   -5.196292311909E+03    5.338233314193E+03    1.072488923139E+02   -1.170977534843E+02    1.660848317946E+01   -1.795973675916E+01    3.683683531959E+01   -2.579539946584E+00   -3.446399871812E-01
    7.943284411759E-05   -4.873033506665E+03    5.013141400968E+03    1.002740231931E+02   -1.101562031728E+02    1.556983829925E+01   -1.687158926920E+01    3.635707460116E+01   -2.587348535365E+00   -3.318336340032E-01
    8.413953589964E-05   -4.569665559013E+03    4.707963721631E+03    9.372697786082E+01   -1.036399617319E+02    1.459642682798E+01   -1.584921569170E+01    3.588355097383E+01   -2.594526297296E+00   -3.191676386168E-01
    8.912511669514E-05   -4.284967310104E+03    4.421478803239E+03    8.758159332040E+01   -9.752289379849E+01    1.368457255050E+01   -1.488862133422E+01    3.541617799009E+01   -2.601080701344E+00   -3.066512506418E-01
    9.440611171657E-05   -4.017792538206E+03    4.152540113917E+03    8.181330043992E+01   -9.178047584992E+01    1.282948320846E+01   -1.398603641477E+01    3.495487032988E+01   -2.607040713540E+00   -2.942864709290E-01
    1.000000253568E-04   -3.767065360598E+03    3.900071464694E+03    7.639904677744E+01   -8.638965903716E+01    1.202861372614E+01   -1.313792256903E+01    3.449954378366E+01   -2.612370140746E+00   -2.820773669822E-01
    1.059253992091E-04   -3.531775917609E+03    3.663062693484E+03    7.131721125790E+01   -8.132884244168E+01    1.127828584026E+01   -1.234095863008E+01    3.405011523555E+01   -2.617098044727E+00   -2.700242645747E-01
    1.122018735254E-04   -3.310976321470E+03    3.440565613878E+03    6.654792833748E+01   -7.657779798043E+01    1.057537049178E+01   -1.163356707923E+01    3.360650264684E+01   -2.621223184141E+00   -2.581380807810E-01
    1.188502523153E-04   -3.103776853743E+03    3.231690212514E+03    6.207066516598E+01   -7.211738858868E+01    9.916927692972E+00   -1.088820259881E+01    3.316862503846E+01   -2.624770131269E+00   -2.464187765041E-01
    1.258925723037E-04   -2.909342396066E+03    3.035601079766E+03    5.786901272400E+01   -6.792977350578E+01    9.300197667932E+00   -1.022673816847E+01    3.273640247493E+01   -2.627736255979E+00   -2.348697643726E-01
    1.333521759735E-04   -2.726889079903E+03    2.851514059437E+03    5.392569440297E+01   -6.399820113303E+01    8.722589815483E+00   -9.605056186677E+00    3.230975604800E+01   -2.630128479972E+00   -2.234942963032E-01
    1.412537889366E-04   -2.555681141860E+03    2.678693104021E+03    5.022487067605E+01   -6.030691473086E+01    8.181693095707E+00   -9.020427112735E+00    3.188860786007E+01   -2.631953612832E+00   -2.123549550713E-01
    1.496236018893E-04   -2.395027971958E+03    2.516447322912E+03    4.675178827086E+01   -5.671909228310E+01    7.675182021642E+00   -8.471521937744E+00    3.147288100785E+01   -2.633218357100E+00   -2.012762153026E-01
    1.584893574245E-04   -2.244281343016E+03    2.364128211734E+03    4.349253640152E+01   -5.358699237577E+01    7.200931291602E+00   -7.955253287393E+00    3.106249956598E+01   -2.633929313681E+00   -1.904393281661E-01
    1.678804419868E-04   -2.102832810036E+03    2.221127051670E+03    4.043406814579E+01   -5.053146503427E+01    6.756938692091E+00   -7.469943921946E+00    3.065738857121E+01   -2.634092984684E+00   -1.797874406970E-01
    1.778279832772E-04   -1.970111269160E+03    2.086872468361E+03    3.756413626150E+01   -4.766233296043E+01    6.299786027511E+00   -7.013715574892E+00    3.025747400485E+01   -2.633715779377E+00   -1.693230413134E-01
    1.883649534286E-04   -1.845580666406E+03    1.960828140583E+03    3.487125711002E+01   -4.496813330094E+01    5.952278153001E+00   -6.584805218935E+00    2.986268277794E+01   -2.632804015380E+00   -1.590484722787E-01
    1.995262782958E-04   -1.728737846990E+03    1.842490649520E+03    3.234461198331E+01   -4.243807713064E+01    5.588174432538E+00   -6.181557987183E+00    2.947294271473E+01   -2.631363921115E+00   -1.489648665292E-01
    2.113489532207E-04   -1.619110536615E+03    1.731387459989E+03    2.997408388177E+01   -4.006207223682E+01    5.247439068474E+00   -5.802420522445E+00    2.908818253649E+01   -2.629837444328E+00   -1.390763066635E-01
    2.238721656565E-04   -1.516255446627E+03    1.627075025544E+03    2.775017267544E+01   -3.783066562794E+01    4.928606366454E+00   -5.445934741022E+00    2.870833184546E+01   -2.626930155782E+00   -1.293818784769E-01
    2.371374250594E-04   -1.419756495429E+03    1.529137009833E+03    2.566393109033E+01   -3.573491618926E+01    4.630303847000E+00   -5.110752427908E+00    2.833332110893E+01   -2.623942223433E+00   -1.198872642869E-01
    2.511887004750E-04   -1.329223139040E+03    1.437182617099E+03    2.370698929608E+01   -3.376646425045E+01    4.351253980657E+00   -4.795546682931E+00    2.796308164279E+01   -2.620449728637E+00   -1.105920865455E-01
    2.660725662789E-04   -1.244288804079E+03    1.350845025106E+03    2.187148047510E+01   -3.191747964714E+01    4.090206254241E+00   -4.499133296423E+00    2.759754559534E+01   -2.616458559617E+00   -1.014978622601E-01
    2.818383565518E-04   -1.164609416902E+03    1.269779914227E+03    2.015002204840E+01   -3.018060107870E+01    3.846044367927E+00   -4.253031650278E+00    2.723664593166E+01   -2.611974497117E+00   -9.260597848588E-02
    2.985383286022E-04   -1.089862022994E+03    1.193664086771E+03    1.853567570624E+01   -2.854862920302E+01    3.617700564842E+00   -3.958224681143E+00    2.688031641733E+01   -2.607003218803E+00   -8.391769458449E-02
    3.162278361789E-04   -1.019743491073E+03    1.122194171033E+03    1.702193745702E+01   -2.701565894465E+01    3.404172677316E+00   -3.711420095337E+00    2.652849160220E+01   -2.601550303769E+00   -7.543414462558E-02
    3.349655129464E-04   -9.539692967067E+02    1.055085404855E+03    1.560269786651E+01   -2.557561803635E+01    3.204520114217E+00   -3.479769259852E+00    2.618110680421E+01   -2.595621235617E+00   -6.715633955568E-02
    3.548134668321E-04   -8.922723805675E+02    9.920704938241E+02    1.427222167985E+01   -2.422218392288E+01    3.017860098138E+00   -3.261661789703E+00    2.583809809343E+01   -2.589221404726E+00   -5.908386457594E-02
    3.758374858894E-04   -8.344020767497E+02    9.328985395291E+02    1.302512531076E+01   -2.295028985158E+01    2.843364130344E+00   -3.056533727115E+00    2.549940227491E+01   -2.582356111728E+00   -5.122011604983E-02
    3.981072563587E-04   -7.801231068385E+02    8.773340335723E+02    1.185635357968E+01   -2.175493227102E+01    2.680249736243E+00   -2.863568666452E+00    2.516495687303E+01   -2.575030568299E+00   -4.356442683259E-02
    4.216965936497E-04   -7.292146357054E+02    8.251559133090E+02    1.076118234072E+01   -2.063135446132E+01    2.527816832036E+00   -2.682060617621E+00    2.483470011494E+01   -2.567249898062E+00   -3.611733643637E-02
    4.466836870101E-04   -6.814693852418E+02    7.761566755207E+02    9.735114101351E+00   -1.957513943652E+01    2.385593297102E+00   -2.511326630018E+00    2.450857091394E+01   -2.559017463165E+00   -2.887882789140E-02
    4.731513586915E-04   -6.366928024730E+02    7.301415444709E+02    8.773991205181E+00   -1.858212276184E+01    2.252182675516E+00   -2.350725514746E+00    2.418650885283E+01   -2.550342268280E+00   -2.184989973560E-02
    5.011873384724E-04   -5.947022787176E+02    6.869276910047E+02    7.873052487698E+00   -1.764839868934E+01    2.127759693156E+00   -2.199655274869E+00    2.386845416727E+01   -2.541224356569E+00   -1.503039525602E-02
    5.308845544473E-04   -5.553264166603E+02    6.463434995622E+02    7.031115196566E+00   -1.677031241981E+01    2.011495147872E+00   -2.057550691530E+00    2.355434772885E+01   -2.531672966034E+00   -8.420720448722E-03
    5.623414410462E-04   -5.184043423992E+02    6.082278801635E+02    6.242217556684E+00   -1.594440070527E+01    1.902860342966E+00   -1.923881060409E+00    2.324413102770E+01   -2.521690641624E+00   -2.020735285005E-03
    5.956622653057E-04   -4.837850597043E+02    5.724296226080E+02    5.503942856513E+00   -1.516744569046E+01    1.801357200190E+00   -1.798148066176E+00    2.293774615588E+01   -2.511282026162E+00    4.169510184711E-03
    6.309574724727E-04   -4.513268439021E+02    5.388067902970E+02    4.813243872757E+00   -1.443617091577E+01    1.706518416441E+00   -1.679883787006E+00    2.263513578992E+01   -2.500451661277E+00    1.015029105047E-02
    6.683440520859E-04   -4.208966729518E+02    5.072261512475E+02    4.167257582771E+00   -1.374824372621E+01    1.617905585943E+00   -1.593264349155E+00    2.233624317336E+01   -2.489203989712E+00    1.592225111553E-02
    7.079459257502E-04   -3.923696934327E+02    4.775626440164E+02    3.563316621181E+00   -1.310093100879E+01    1.535128110048E+00   -1.463887846626E+00    2.204101209908E+01   -2.477543357450E+00    2.148536876400E-02
    7.498943578865E-04   -3.656287192996E+02    4.496988763930E+02    2.998855276230E+00   -1.249131578485E+01    1.457757547406E+00   -1.365643667173E+00    2.174938689159E+01   -2.465474015320E+00    2.684007523509E-02
    7.943283908219E-04   -3.405637613974E+02    4.235246548471E+02    2.471526319579E+00   -1.191722443975E+01    1.385454096052E+00   -1.273119495735E+00    2.146131238875E+01   -2.453000120080E+00    3.198774989299E-02
    8.413953056587E-04   -3.170715858456E+02    3.989365428497E+02    1.979105548472E+00   -1.137649006671E+01    1.317878356846E+00   -1.186139218440E+00    2.117673392364E+01   -2.440125735105E+00    3.692856750980E-02
    8.912511104532E-04   -2.950552995219E+02    3.758374462899E+02    1.519504773869E+00   -1.086702956196E+01    1.254712031597E+00   -1.104339769321E+00    2.089559730625E+01   -2.426854830415E+00    4.166329944660E-02
    9.440610573198E-04   -2.744239609837E+02    3.541362243293E+02    1.090763489248E+00   -1.038689833610E+01    1.169599354217E+00   -1.027441175470E+00    2.061784880470E+01   -2.413186553055E+00    4.619250819584E-02
    1.000000190176E-03   -2.550922152650E+02    3.337473241308E+02    6.910410503175E-01   -9.934271275649E+00    1.140427074899E+00   -9.551600838479E-01    2.034343512626E+01   -2.399134595681E+00    5.051714352390E-02
    1.059253924943E-03   -2.369799510843E+02    3.145904379972E+02    3.185941247083E-01   -9.507435402884E+00    1.088772054216E+00   -8.872302976286E-01    2.007230339823E+01   -2.384719078018E+00    5.463912773516E-02
    1.122018664127E-03   -2.200119790893E+02    2.965901815458E+02   -2.817791473983E-02   -9.104793809772E+00    1.040459322261E+00   -8.234017166689E-01    1.980440114849E+01   -2.369899841633E+00    5.855850169664E-02
    1.188502447811E-03   -2.041177298472E+02    2.796757916266E+02   -3.507826620357E-01   -8.724815336280E+00    9.952175368017E-01   -7.634393438658E-01    1.953967628546E+01   -2.354702461281E+00    6.227740807559E-02
    1.258925643231E-03   -1.892309703676E+02    2.637808427736E+02   -6.506788082761E-01   -8.366095075744E+00    9.528517380307E-01   -7.071223515058E-01    1.927807707839E+01   -2.339130367064E+00    6.579664376017E-02
    1.333521675200E-03   -1.752895380238E+02    2.488429810518E+02   -9.291939549115E-01   -8.027114024777E+00    9.131594354710E-01   -6.542432060157E-01    1.901955213691E+01   -2.323186883825E+00    6.911756074753E-02
    1.412537799822E-03   -1.622350908023E+02    2.348036742324E+02   -1.187615903473E+00   -7.707005935031E+00    8.759509019474E-01   -6.046068464820E-01    1.876405039034E+01   -2.306875233019E+00    7.224158793964E-02
    1.496235924044E-03   -1.500128728812E+02    2.216079772945E+02   -1.427110250615E+00   -7.404600439687E+00    8.410483990204E-01   -5.579105931260E-01    1.851152106672E+01   -2.290198534330E+00    7.517022971144E-02
    1.584893473776E-03   -1.385714945950E+02    2.092043123124E+02   -1.648788416660E+00   -7.118432552874E+00    8.082854494424E-01   -5.143375249070E-01    1.826191367151E+01   -2.273159806616E+00    7.790506459622E-02
    1.678804313446E-03   -1.278627259042E+02    1.975442618467E+02   -1.853693898412E+00   -6.847614566180E+00    7.775061545335E-01   -4.733724629889E-01    1.801517796582E+01   -2.255761968629E+00    8.044774410331E-02
    1.778279720043E-03   -1.178413025414E+02    1.865823750092E+02   -2.042806423288E+00   -6.591217418709E+00    7.485645523944E-01   -4.349710552571E-01    1.777126394451E+01   -2.238210350115E+00    8.279999139590E-02
    1.883649414877E-03   -1.084647440542E+02    1.762759854254E+02   -2.217045845745E+00   -6.348323758334E+00    7.213240162965E-01   -3.990084326961E-01    1.753012181378E+01   -2.219886091486E+00    8.496360032510E-02
    1.995262656475E-03   -9.969318301850E+01    1.665850403638E+02   -2.377275806266E+00   -6.118080745416E+00    6.958083820435E-01   -3.653426074539E-01    1.729170196844E+01   -2.201427956193E+00    8.693933424223E-02
    2.113489398229E-03   -9.148920473324E+01    1.574719403466E+02   -2.524287167164E+00   -5.899687919604E+00    6.714478229495E-01   -3.338416906436E-01    1.705595496882E+01   -2.182621249005E+00    8.873090453187E-02
    2.238721514648E-03   -8.381769675627E+01    1.489013885993E+02   -2.658880864316E+00   -5.692393979054E+00    6.485757104674E-01   -3.043888068950E-01    1.682283151730E+01   -2.163468442138E+00    9.034007054683E-02
    2.371374100268E-03   -7.664570767610E+01    1.408402497348E+02   -2.781754464045E+00   -5.495493757924E+00    6.269406392944E-01   -2.768715776115E-01    1.659228243442E+01   -2.143971897221E+00    9.176846059049E-02
    2.511886845517E-03   -6.994231455327E+01    1.332574171065E+02   -2.893576226630E+00   -5.308325389342E+00    6.064448662236E-01   -2.511842041264E-01    1.636425863484E+01   -2.124133868869E+00    9.301669806595E-02
    2.660725494121E-03   -6.367849849967E+01    1.261236882969E+02   -2.994966241638E+00   -5.130284007908E+00    5.869970641641E-01   -2.272284441191E-01    1.613871110273E+01   -2.103956507954E+00    9.409151176889E-02
    2.818383386855E-03   -5.782702789646E+01    1.194116482437E+02   -3.086536860373E+00   -4.960752738176E+00    5.685119366072E-01   -2.049032878401E-01    1.591559086682E+01   -2.083441864995E+00    9.499063676860E-02
    2.985383096773E-03   -5.236234878189E+01    1.130955595341E+02   -3.168832727246E+00   -4.799411653875E+00    5.509098561588E-01   -1.841306957497E-01    1.569484897523E+01   -2.062591893438E+00    9.571791272386E-02
    3.162278161326E-03   -4.726048196914E+01    1.071512594289E+02   -3.242375251566E+00   -4.645128129264E+00    5.341165251778E-01   -1.648227396841E-01    1.547643646987E+01   -2.041408452721E+00    9.627573441875E-02
    3.349654917123E-03   -4.249892648150E+01    1.015560632010E+02   -3.307653929589E+00   -4.498027453735E+00    5.180626573909E-01   -1.469015532784E-01    1.526030436059E+01   -2.019893311351E+00    9.666656169351E-02
    3.548134443398E-03   -3.805656891721E+01    9.628867340313E+01   -3.365128293046E+00   -4.357457019899E+00    5.026836783891E-01   -1.302915274726E-01    1.504640359893E+01   -1.998048150722E+00    9.689291903296E-02
    3.758374620643E-03   -3.391359837923E+01    9.132909470139E+01   -3.415229735471E+00   -4.222995376646E+00    4.879194469227E-01   -1.149240710362E-01    1.483468505223E+01   -1.975894747822E+00    9.695704010552E-02
    3.981072311218E-03   -3.005142663088E+01    8.665855392982E+01   -3.458363230647E+00   -4.094242144954E+00    4.737139909364E-01   -1.007301242685E-01    1.462509947655E+01   -1.953394365319E+00    9.686231524003E-02
    4.216965669175E-03   -2.645261315441E+01    8.225942504956E+01   -3.494908944278E+00   -3.970823111813E+00    4.600152614615E-01   -8.765208082986E-02    1.441759749006E+01   -1.930568398499E+00    9.661112317611E-02
    4.466836586940E-03   -2.310079481258E+01    7.811515870994E+01   -3.525222489830E+00   -3.852387053065E+00    4.467827310634E-01   -7.562886791751E-02    1.421212954619E+01   -1.907418257923E+00    9.620619789795E-02
    4.731513286975E-03   -1.998061983084E+01    7.421021612953E+01   -3.549622885653E+00   -3.738604330075E+00    4.339554316589E-01   -6.460481630140E-02    1.400864590670E+01   -1.883945277159E+00    9.565029457415E-02
    5.011873067012E-03   -1.707768583521E+01    7.053000703207E+01   -3.568462148821E+00   -3.629165574993E+00    4.214999891048E-01   -5.452683377563E-02    1.380709661460E+01   -1.860150721688E+00    9.494656424461E-02
    5.308845207934E-03   -1.437848169551E+01    6.706083138993E+01   -3.582014899469E+00   -3.523780130702E+00    4.093778949252E-01   -4.534597181274E-02    1.360743146771E+01   -1.836035797793E+00    9.409790837918E-02
    5.623414053982E-03   -1.187033294225E+01    6.378982474004E+01   -3.590558295069E+00   -3.422176124728E+00    3.975535432140E-01   -3.701455991266E-02    1.340959999206E+01   -1.811601661516E+00    9.310739934237E-02
    5.956622275455E-03   -9.541350537655E+00    6.070490685350E+01   -3.594352493410E+00   -3.324116190453E+00    3.859940641725E-01   -2.948784838738E-02    1.321355141517E+01   -1.786849429769E+00    9.197892221653E-02
    6.309574324750E-03   -7.380382793364E+00    5.779473355485E+01   -3.593641701461E+00   -3.229416075423E+00    3.746691706943E-01   -2.272285622108E-02    1.301923464034E+01   -1.761780190997E+00    9.071421638818E-02
    6.683440097183E-03   -5.376970242771E+00    5.504865149697E+01   -3.588655163078E+00   -3.137589917133E+00    3.635510145919E-01   -1.668035979952E-02    1.282659822121E+01   -1.736395016929E+00    8.931733296821E-02
    7.079458808720E-03   -3.521303286173E+00    5.245665571093E+01   -3.579608089073E+00   -3.048706578026E+00    3.526140528232E-01   -1.132123879633E-02    1.263559033711E+01   -1.710694975346E+00    8.779104543910E-02
    7.498943103492E-03   -1.804182439327E+00    5.000934976030E+01   -3.566702535253E+00   -2.962474985244E+00    3.418349205848E-01   -6.609558367473E-03    1.244615876881E+01   -1.684677994782E+00    8.614005768519E-02
    7.943283404678E-03   -2.169810205999E-01    4.769790834441E+01   -3.550108810334E+00   -2.878709660156E+00    3.311923179002E-01   -2.510167489634E-03    1.225825087713E+01   -1.658351770931E+00    8.436731301877E-02
    8.413952523210E-03    1.248389864124E+00    4.551404219352E+01   -3.530045424076E+00   -2.797236750096E+00    3.206733536230E-01    1.009744741868E-03    1.207181358029E+01   -1.631713902344E+00    8.247659785390E-02
    8.912510539550E-03    2.599514188634E+00    4.344996512290E+01   -3.506658714863E+00   -2.717893364690E+00    3.102470619610E-01    3.981764506869E-03    1.188679333418E+01   -1.604765629110E+00    8.047142762266E-02
    9.440609974739E-03    3.843501854362E+00    4.149836311101E+01   -3.480106935459E+00   -2.640526957983E+00    2.999038434713E-01    6.436272460122E-03    1.170313611436E+01   -1.577508262790E+00    7.835574771265E-02
    1.000000126784E-02    4.987017644040E+00    3.965236527903E+01   -3.450536099055E+00   -2.564994753742E+00    2.896316713277E-01    8.402317308666E-03    1.152078739997E+01   -1.549943210707E+00    7.613334584959E-02
    1.059253857795E-02    6.036308397573E+00    3.790551665554E+01   -3.418085775990E+00   -2.491163211863E+00    2.794169541217E-01    9.907505907903E-03    1.133969215995E+01   -1.522072002320E+00    7.380865182914E-02
    1.122018593000E-02    6.997228521258E+00    3.625175261902E+01   -3.382886721050E+00   -2.418907534369E+00    2.692487706853E-01    1.097840783118E-02    1.115979484247E+01   -1.493896317974E+00    7.138568210527E-02
    1.188502372469E-02    7.875263934025E+00    3.468537491674E+01   -3.345042152318E+00   -2.348125321547E+00    2.591176583142E-01    1.164105949904E-02    1.098103936822E+01   -1.465418017138E+00    6.886875016251E-02
    1.258925563425E-02    8.675554541875E+00    3.320102916033E+01   -3.304709463210E+00   -2.278679264451E+00    2.490155483653E-01    1.192000071901E-02    1.080336912530E+01   -1.436639173580E+00    6.626229872079E-02
    1.333521590666E-02    9.402915339715E+00    3.179368371496E+01   -3.261976184933E+00   -2.210482512068E+00    2.389405791221E-01    1.183914882032E-02    1.062672697008E+01   -1.407562110169E+00    6.357090703372E-02
    1.412537710278E-02    1.006185622176E+01    3.045860989455E+01   -3.216945467749E+00   -2.143441103110E+00    2.288769998503E-01    1.142166052924E-02    1.045105523226E+01   -1.378183890513E+00    6.079946251866E-02
    1.496235829195E-02    1.065660058203E+01    2.919136338586E+01   -3.169714798633E+00   -2.077467839277E+00    2.188261098246E-01    1.069000461596E-02    1.027629572549E+01   -1.348518910218E+00    5.795250760581E-02
    1.584893373306E-02    1.119110277956E+01    2.798776682673E+01   -3.120376460385E+00   -2.012481999426E+00    2.087849261964E-01    9.666030038169E-03    1.010238976331E+01   -1.318901400734E+00    5.503637771103E-02
    1.678804207023E-02    1.166906454580E+01    2.684389347414E+01   -3.068996732363E+00   -1.948409078671E+00    1.987516393348E-01    8.371031901660E-03    9.929278184222E+00   -1.288324296689E+00    5.205399028869E-02
    1.778279607314E-02    1.209395039083E+01    2.575605189059E+01   -3.015707826735E+00   -1.885180557581E+00    1.887255855655E-01    6.825950576435E-03    9.756901381728E+00   -1.257802673997E+00    4.901104472217E-02
    1.883649295469E-02    1.246900207915E+01    2.472077159373E+01   -2.960556756605E+00   -1.822733698960E+00    1.787106591987E-01    5.050883561519E-03    9.585199343742E+00   -1.227004349691E+00    4.591572625890E-02
    1.995262529991E-02    1.279725223438E+01    2.373478961275E+01   -2.903623445642E+00   -1.761011367328E+00    1.686999471791E-01    3.066034592234E-03    9.414111702015E+00   -1.195934673878E+00    4.277100816890E-02
    2.113489264250E-02    1.308153712720E+01    2.279503789776E+01   -2.844959419438E+00   -1.699980316170E+00    1.587054525288E-01    8.909875343729E-04    9.243577791931E+00   -1.164599650955E+00    3.958381488481E-02
    2.238721372731E-02    1.332450870051E+01    2.189863153371E+01   -2.784327029772E+00   -1.639556419218E+00    1.489662999812E-01   -1.454878662448E-03    9.073536724005E+00   -1.133006011374E+00    3.636031238653E-02
    2.371373949942E-02    1.352864588081E+01    2.104285771249E+01   -2.722828726132E+00   -1.579707248732E+00    1.387875734067E-01   -3.952408372218E-03    8.903927468025E+00   -1.101161290202E+00    3.310672007846E-02
    2.511886686283E-02    1.369626523180E+01    2.022516542521E+01   -2.659446687089E+00   -1.520418751315E+00    1.288236534656E-01   -6.582549271951E-03    8.734688954460E+00   -1.069073904128E+00    2.982997880510E-02
    2.660725325452E-02    1.382953097629E+01    1.944315582452E+01   -2.594614254425E+00   -1.461648326170E+00    1.189180919180E-01   -9.326508008975E-03    8.565760187030E+00   -1.036761267239E+00    2.653732873456E-02
    2.818383208192E-02    1.393046444905E+01    1.869457323142E+01   -2.528394920768E+00   -1.403370061347E+00    1.090561429683E-01   -1.216528600495E-02    8.397080376152E+00   -1.004218121973E+00    2.323474236912E-02
    2.985382907523E-02    1.400095301138E+01    1.797729674649E+01   -2.460930445300E+00   -1.345563005651E+00    9.924473344059E-02   -1.508068547319E-02    8.228589090907E+00   -9.714636531196E-01    1.993012527595E-02
    3.162277960863E-02    1.404275846770E+01    1.728933243498E+01   -2.392208149683E+00   -1.288229034713E+00    8.949164522317E-02   -1.805347038023E-02    8.060226432193E+00   -9.385107772272E-01    1.663107910105E-02
    3.349654704782E-02    1.405752502026E+01    1.662880605585E+01   -2.322289127052E+00   -1.231320663771E+00    7.981063909868E-02   -2.106534100889E-02    7.891933228698E+00   -9.053559657710E-01    1.334575599111E-02
    3.548134218475E-02    1.404678680161E+01    1.599395630945E+01   -2.251227010466E+00   -1.174850539174E+00    7.021068419661E-02   -2.409804399851E-02    7.723651259537E+00   -8.720506520259E-01    1.008171156914E-02
    3.758374382392E-02    1.401197501285E+01    1.538312857580E+01   -2.179094525461E+00   -1.118817712093E+00    6.070610424620E-02   -2.713247739544E-02    7.555323503595E+00   -8.385943608423E-01    6.847789074890E-03
    3.981072058850E-02    1.395442469929E+01    1.479476912059E+01   -2.105955881606E+00   -1.063226355650E+00    5.131227153429E-02   -3.014987899570E-02    7.386894417995E+00   -8.050062068592E-01    3.652440318984E-03
    4.216965401853E-02    1.387538120174E+01    1.422741974957E+01   -2.031839341761E+00   -1.008085838079E+00    4.204173890370E-02   -3.313183535806E-02    7.218310250578E+00   -7.713071748444E-01    5.046763771884E-04
    4.466836303778E-02    1.377600630803E+01    1.367971288969E+01   -1.956879821080E+00   -9.534108068990E-01    3.291265483477E-02   -3.605966791119E-02    7.049519387248E+00   -7.375202580361E-01   -2.586440069898E-03
    4.731512987035E-02    1.365738413534E+01    1.315036707871E+01   -1.881092150717E+00   -8.992212804865E-01    2.394103026537E-02   -3.891469739174E-02    6.880472737406E+00   -7.036706005763E-01   -5.611273616267E-03
    5.011872749299E-02    1.352052676982E+01    1.263818284643E+01   -1.804599551904E+00   -8.455427457845E-01    1.514489216970E-02   -4.167909690711E-02    6.711124160051E+00   -6.697856447055E-01   -8.560281819444E-03
    5.308844871396E-02    1.336637969926E+01    1.214203897176E+01   -1.727456045544E+00   -7.924062577086E-01    6.544321178251E-03   -4.433257347933E-02    6.541430935381E+00   -6.358952774895E-01   -1.142316532219E-02
    5.623413697503E-02    1.319582704883E+01    1.166088909962E+01   -1.649742477442E+00   -7.398485390194E-01   -1.841219812584E-03   -4.685748219549E-02    6.371354280917E+00   -6.020319827142E-01   -1.418997733311E-02
    5.956621897853E-02    1.300969666218E+01    1.119375870531E+01   -1.571544154840E+00   -6.879120750952E-01   -9.990680645521E-03   -4.923546932779E-02    6.200859919276E+00   -5.682309912231E-01   -1.685067945453E-02
    6.309573924774E-02    1.280876504664E+01    1.073974239207E+01   -1.492930002571E+00   -6.366451989925E-01   -1.788138330445E-02   -5.144840083702E-02    6.029918698765E+00   -5.345304296702E-01   -1.939417662834E-02
    6.683439673506E-02    1.259376220825E+01    1.029800150875E+01   -1.414037170946E+00   -5.860910278174E-01   -2.549083355913E-02   -5.347844358440E-02    5.858507269932E+00   -5.009714657955E-01   -2.181016496557E-02
    7.079458359939E-02    1.236537640165E+01    9.867762075304E+00   -1.334947481443E+00   -5.363323841667E-01   -3.279445232043E-02   -5.530816163752E-02    5.686608821033E+00   -4.675896892937E-01   -2.408796983893E-02
    7.498942628119E-02    1.212425881942E+01    9.448313002522E+00   -1.255769237807E+00   -4.874239989075E-01   -3.976808143806E-02   -5.692062431575E-02    5.514213874826E+00   -4.344502895956E-01   -2.621690229464E-02
    7.943282901137E-02    1.187102824363E+01    9.039004589462E+00   -1.176617803863E+00   -4.394380748847E-01   -4.638736106268E-02   -5.829954221630E-02    5.341321147668E+00   -4.015955848185E-01   -2.818686600784E-02
    8.413951989832E-02    1.160627568283E+01    8.639247294089E+00   -1.097616125663E+00   -3.924527438692E-01   -5.262472010960E-02   -5.943056179795E-02    5.167938475798E+00   -3.690801944860E-01   -2.998626359408E-02
    8.912509974568E-02    1.133056901889E+01    8.248510751087E+00   -1.018895239793E+00   -3.465519619879E-01   -5.845479915922E-02   -6.029678423624E-02    4.994083806768E+00   -3.369623504745E-01   -3.160534056836E-02
    9.440609376280E-02    1.104445768451E+01    7.866323025115E+00   -9.405947625383E-01   -3.018253410060E-01   -6.385110343599E-02   -6.088597582188E-02    4.819786257820E+00   -3.053039523559E-01   -3.303410664799E-02
    1.000000063392E-01    1.074847738999E+01    7.492270079384E+00   -8.628633534868E-01   -2.583679045097E-01   -6.878706281689E-02   -6.118605173451E-02    4.645087239709E+00   -2.741705913214E-01   -3.426299227090E-02
    1.059253790647E-01    1.044315492857E+01    7.125995440385E+00   -7.858439658687E-01   -2.162753164310E-01   -7.323625047704E-02   -6.118648740863E-02    4.470041646846E+00   -2.436315326379E-01   -3.528297189353E-02
    1.122018521873E-01    1.012901305481E+01    6.767200020971E+00   -7.097345800172E-01   -1.756613193107E-01   -7.717263608555E-02   -6.087856077861E-02    4.294719101120E+00   -2.137553938749E-01   -3.608570178780E-02
    1.188502297128E-01    9.806575483986E+00    6.415642092453E+00   -6.346984802936E-01   -1.366302071721E-01   -8.057089673586E-02   -6.025562332385E-02    4.119205257268E+00   -1.846271156375E-01   -3.666367994696E-02
    1.258925483619E-01    9.476372007764E+00    6.071137360520E+00   -5.609241135650E-01   -9.929220808464E-02   -8.340673470909E-02   -5.931336982834E-02    3.943603154634E+00   -1.563221112989E-01   -3.701040738076E-02
    1.333521506131E-01    9.138943704643E+00    5.733559102898E+00   -4.886104278378E-01   -6.376631416744E-02   -8.565728991065E-02   -5.805013310586E-02    3.768034597663E+00   -1.289231554263E-01   -3.712057774087E-02
    1.412537620735E-01    8.794848397876E+00    5.402838322461E+00   -4.179586275749E-01   -3.016591590391E-02   -8.730156928281E-02   -5.646719345292E-02    3.592641581042E+00   -1.025136872151E-01   -3.699027617368E-02
    1.496235734345E-01    8.444666079648E+00    5.078963883914E+00   -3.492046065941E-01    1.391095628822E-03   -8.832090611253E-02   -5.456907353131E-02    3.417587693086E+00   -7.718563279296E-02   -3.661717965708E-02
    1.584893272837E-01    8.089004568569E+00    4.761982512049E+00   -2.825698305848E-01    3.078711755926E-02   -8.869956429559E-02   -5.236386995740E-02    3.243059509305E+00   -5.302544419834E-02   -3.600080037323E-02
    1.678804100600E-01    7.728505287451E+00    4.451998661544E+00   -2.182890029181E-01    5.791068301659E-02   -8.842531376329E-02   -4.986354564262E-02    3.069267958383E+00   -3.012574843958E-02   -3.514271017921E-02
    1.778279494585E-01    7.363849097719E+00    4.149174110985E+00   -1.566176464153E-01    8.265376923526E-02   -8.749010599530E-02   -4.708422031634E-02    2.896449596708E+00   -8.575665930689E-03   -3.404678556488E-02
    1.883649176061E-01    6.995762198251E+00    3.853727212022E+00   -9.780406280784E-02    1.049114465095E-01   -8.589080195541E-02   -4.404643098840E-02    2.724867769652E+00    1.153317408239E-02   -3.271945354919E-02
    1.995262403507E-01    6.625022026541E+00    3.565931681688E+00   -4.211149440182E-02    1.245934366705E-01   -8.362995665874E-02   -4.077535099920E-02    2.554813608287E+00    3.011249375642E-02   -3.116993539689E-02
    2.113489130272E-01    6.252463091247E+00    3.286114816019E+00    1.019702779720E-02    1.416158887054E-01   -8.071665523994E-02   -3.730095158398E-02    2.386606804710E+00    4.707853099236E-02   -2.941048145195E-02
    2.238721230814E-01    5.878982644072E+00    3.014654989593E+00    5.885430432061E-02    1.559080600054E-01   -7.716739221343E-02   -3.365808720395E-02    2.220596099757E+00    6.234918969482E-02   -2.745658875529E-02
    2.371373799615E-01    5.505546071371E+00    2.751978291027E+00    1.036015290083E-01    1.674252162599E-01   -7.300698031921E-02   -2.988648279265E-02    2.057159405766E+00    7.585211766486E-02   -2.532719088337E-02
    2.511886527050E-01    5.133191854294E+00    2.498554130917E+00    1.441775516530E-01    1.761344845979E-01   -6.826947165082E-02   -2.603004526362E-02    1.896703475392E+00    8.752058394421E-02   -2.304480783351E-02
    2.660725156783E-01    4.763035908263E+00    2.254889646248E+00    1.803387539170E-01    1.820301048001E-01   -6.299906465247E-02   -2.213882743674E-02    1.739663014789E+00    9.729764629954E-02   -2.063564070182E-02
    2.818383029529E-01    4.396275066922E+00    2.021522715238E+00    2.118473437822E-01    1.851340489329E-01   -5.725096525989E-02   -1.826514140017E-02    1.586499125984E+00    1.051439109455E-01   -1.812959411091E-02
    2.985382718274E-01    4.034189423733E+00    1.799013390440E+00    2.384996671921E-01    1.854996496985E-01   -5.109215697561E-02   -1.446520149082E-02    1.437696949787E+00    1.110305123588E-01   -1.556020580862E-02
    3.162277760400E-01    3.678143180646E+00    1.587933557721E+00    2.601093924691E-01    1.832151499802E-01   -4.460202613061E-02   -1.079740191406E-02    1.293762366692E+00    1.149482851144E-01   -1.296417298755E-02
    3.349654492440E-01    3.329583582900E+00    1.388854636349E+00    2.765302538784E-01    1.784070279490E-01   -3.787277043287E-02   -7.322035084200E-03    1.155217600704E+00    1.169089956813E-01   -1.038219598801E-02
    3.548133993551E-01    2.990037433492E+00    1.202333155778E+00    2.876614244823E-01    1.712429137029E-01   -3.100885931111E-02   -4.098325600904E-03    1.022595559818E+00    1.169482805017E-01   -7.856696309851E-03
    3.758374144141E-01    2.661104586800E+00    1.028894079118E+00    2.934576471997E-01    1.619310176706E-01   -2.412935336934E-02   -1.183898395634E-03    8.964327390263E-01    1.151285827540E-01   -5.432208181697E-03
    3.981071806482E-01    2.344447710778E+00    8.690118010123E-01    2.939352764218E-01    1.507332126997E-01   -1.736305587896E-02    1.367893102299E-03    7.772605088229E-01    1.115400765949E-01   -3.154642475920E-03
    4.216965134532E-01    2.041777485509E+00    7.230888309265E-01    2.892052073423E-01    1.379470474500E-01   -1.084940145825E-02    3.510436405728E-03    6.655946162875E-01    1.063110532451E-01   -1.069257055736E-03
    4.466836020616E-01    1.754832269729E+00    5.914322945311E-01    2.794537313310E-01    1.239165808322E-01   -4.736317139879E-03    5.206682623203E-03    5.619227408752E-01    9.959805125181E-02    7.799660509492E-04
    4.731512687095E-01    1.485351118885E+00    4.742285533194E-01    2.649774133959E-01    1.090255343521E-01    8.246013666179E-04    6.431523335933E-03    4.666899764562E-01    9.159553081338E-02    2.352686199785E-03
    5.011872431586E-01    1.235038879158E+00    3.715164703738E-01    2.461906461127E-01    9.369100101766E-02    5.681987736686E-03    7.175518238367E-03    3.802821605097E-01    8.253429221031E-02    3.614146108318E-03
    5.308844534858E-01    1.005521919403E+00    2.831601565070E-01    2.236378630979E-01    7.835398286421E-02    9.692358058396E-03    7.447742158929E-03    3.030070489710E-01    7.268067985232E-02    4.537543884963E-03
    5.623413341023E-01    7.982928975588E-01    2.088224307659E-01    1.980037845449E-01    6.346619364099E-02    1.272738694039E-02    7.277887684955E-03    2.350734467642E-01    6.233404096015E-02    5.106491302643E-03
    5.956621520251E-01    6.146428183328E-01    1.479407567225E-01    1.701201143082E-01    4.947261358245E-02    1.468567717624E-02    6.718564358650E-03    1.765685677691E-01    5.182192641588E-02    5.318470669830E-03
    6.309573524797E-01    4.555785224750E-01    9.970808777466E-02    1.409663940784E-01    3.678940882621E-02    1.550456133554E-02    5.846270251454E-03    1.274341193969E-01    4.149242102061E-02    5.187075121302E-03
    6.683439249830E-01    3.217237357456E-01    6.306192025783E-02    1.116617417304E-01    2.577711844590E-02    1.517838632541E-02    4.759210669838E-03    8.744192009655E-02    3.170289650603E-02    4.745603476567E-03
    7.079457911159E-01    2.132019112202E-01    3.668593599622E-02    8.344263471143E-02    1.670954034335E-02    1.377479093004E-02    3.573661241213E-03    5.617027329154E-02    2.280435381999E-02    4.048660323998E-03
    7.498942152746E-01    1.294995561010E-01    1.902996089715E-02    5.761857365487E-02    9.739695107757E-03    1.145665383263E-02    2.416009072034E-03    3.298290060468E-02    1.512012202652E-02    3.173902612007E-03
    7.943282397597E-01    6.930974992915E-02    8.355584287627E-03    3.550070969138E-02    4.865897077416E-03    8.503407098525E-03    1.409034512636E-03    1.701302356134E-02    8.919437175578E-03    2.221699554805E-03
    8.413951456455E-01    3.035796581764E-02    2.816628577434E-03    1.826790850089E-02    1.903826334370E-03    5.325801715725E-03    6.528761572202E-04    7.156323559535E-03    4.379615877588E-03    1.311128804806E-03
    8.912509409587E-01    9.218075912971E-03    5.854893905516E-04    6.760964084321E-03    4.760009210018E-04    2.466987584468E-03    1.991777286193E-04    2.078312591664E-03    1.540689784171E-03    5.711245560684E-04
    9.440608777821E-01    1.142705295905E-03    3.729107818415E-05    1.112825457071E-03    3.960107190345E-05    5.480536154145E-04    2.178252633229E-05    2.452369744320E-04    2.399790887780E-04    1.189873262267E-04
