# Q1 =   100.0000 , Q2 =   100.0000
# x  F2Wp(LO) F2Wm(LO) F2Wp(NLO) F2Wm(NLO) F2Wp(NNLO) F2Wm(NNLO) F2Wp(N3LO) F2Wm(N3LO) F2Z(LO) F2Z(NLO) F2Z(NNLO) F2Z(N3LO)
    1.000000316960E-05    2.954194647513E+00    2.953784375071E+00   -7.856887118685E-03   -7.857611539073E-03   -3.669698255763E-05   -3.669682049706E-05    3.472903678677E-07    3.473011370249E-07    2.006139857093E+00   -6.761095256146E-03   -3.122667578922E-05    2.959438184474E-07
    1.122018806381E-05    2.920462640617E+00    2.920012793547E+00   -7.765133461501E-03   -7.765907131894E-03   -3.582827602437E-05   -3.582802480870E-05    3.335092545535E-07    3.335201889467E-07    1.983214556580E+00   -6.682184510304E-03   -3.048706665528E-05    2.842050463521E-07
    1.258925802843E-05    2.887124854853E+00    2.886631616094E+00   -7.674439364723E-03   -7.675264834575E-03   -3.496929817309E-05   -3.496894684373E-05    3.200525233362E-07    3.200635894229E-07    1.960555436056E+00   -6.604186129205E-03   -2.975573331484E-05    2.727425371602E-07
    1.412537978909E-05    2.854177525880E+00    2.853636710251E+00   -7.584793173477E-03   -7.585673008107E-03   -3.411991898842E-05   -3.411945575747E-05    3.069159565262E-07    3.069271160080E-07    1.938159789052E+00   -6.527090016398E-03   -2.903256471451E-05    2.615526956814E-07
    1.584893674715E-05    2.821617001075E+00    2.821024019787E+00   -7.496183367084E-03   -7.497120125843E-03   -3.328001003094E-05   -3.327942226209E-05    2.940953851903E-07    2.941065946692E-07    1.916024970540E+00   -6.450886169664E-03   -2.831745115111E-05    2.506319680665E-07
    1.778279945500E-05    2.789439744488E+00    2.788789566224E+00   -7.408598552838E-03   -7.409594762891E-03   -3.244944456193E-05   -3.244871875796E-05    2.815866905438E-07    2.815979011729E-07    1.894148398911E+00   -6.375564672301E-03   -2.761028438396E-05    2.399768429914E-07
    1.995262909442E-05    2.757642342289E+00    2.756929450548E+00   -7.322027458971E-03   -7.323085584065E-03   -3.162809768730E-05   -3.162721948580E-05    2.693858055315E-07    2.693969626608E-07    1.872527558148E+00   -6.301115683270E-03   -2.691095776467E-05    2.295838530041E-07
    2.238721798482E-05    2.726221508766E+00    2.725439855084E+00   -7.236458926699E-03   -7.237581330217E-03   -3.081584652258E-05   -3.081480070167E-05    2.574887166045E-07    2.574997594259E-07    1.851160000237E+00   -6.227529426075E-03   -2.621936638604E-05    2.194495760400E-07
    2.511887163984E-05    2.695174092909E+00    2.694317045582E+00   -7.151881901253E-03   -7.153070802748E-03   -3.001257038064E-05   -3.001134087662E-05    2.458914656995E-07    2.459023268942E-07    1.830043347804E+00   -6.154796176227E-03   -2.553540725165E-05    2.095706371123E-07
    2.818383744181E-05    2.664497085637E+00    2.663557373499E+00   -7.068285421746E-03   -7.069542846083E-03   -2.921815098430E-05   -2.921672092352E-05    2.345901524287E-07    2.346007578192E-07    1.809175297029E+00   -6.082906247112E-03   -2.485897946818E-05    1.999437101830E-07
    3.162278562252E-05    2.634187627719E+00    2.633157278507E+00   -6.985658609766E-03   -6.986986327862E-03   -2.843247270569E-05   -2.843082445320E-05    2.235809364818E-07    2.235912046940E-07    1.788553620819E+00   -6.011849974106E-03   -2.418998446220E-05    1.905655202180E-07
    3.548134893245E-05    2.604243018452E+00    2.603113291240E+00   -6.903990656537E-03   -6.905390116605E-03   -2.765542283462E-05   -2.765353806249E-05    2.128600402469E-07    2.128698823856E-07    1.768176172307E+00   -5.941617696718E-03   -2.352832622358E-05    1.814328454308E-07
    3.981072815955E-05    2.574660725158E+00    2.573422036276E+00   -6.823270808497E-03   -6.824743056543E-03   -2.688689187813E-05   -2.688475165658E-05    2.024237516499E-07    2.024330709937E-07    1.748040888655E+00   -5.872199738572E-03   -2.287391157745E-05    1.725425197157E-07
    4.466837153263E-05    2.545438393565E+00    2.544080235398E+00   -6.743488351124E-03   -6.745033939331E-03   -2.612677389351E-05   -2.612435880856E-05    1.922684272133E-07    1.922771189338E-07    1.728145795223E+00   -5.803586384977E-03   -2.222665048701E-05    1.638914352713E-07
    5.011873702437E-05    2.516573859161E+00    2.515084711121E+00   -6.664632590832E-03   -6.666251472293E-03   -2.537496685717E-05   -2.537225715870E-05    1.823904953323E-07    1.823984462442E-07    1.708489010110E+00   -5.735767857859E-03   -2.158645638936E-05    1.554765454124E-07
    5.623414766941E-05    2.488065159578E+00    2.486432390522E+00   -6.586692834747E-03   -6.588384242844E-03   -2.463137307170E-05   -2.462834885643E-05    1.727864597623E-07    1.727935481104E-07    1.689068749097E+00   -5.668734287776E-03   -2.095324656661E-05    1.472948675664E-07
    6.309575124703E-05    2.459910548122E+00    2.458120309372E+00   -6.509658368165E-03   -6.511420678710E-03   -2.389589961356E-05   -2.389254104785E-05    1.634529033096E-07    1.634589986011E-07    1.669883331035E+00   -5.602475682745E-03   -2.032694255464E-05    1.393434864465E-07
    7.079459706283E-05    2.432108508515E+00    2.430145616602E+00   -6.433518429476E-03   -6.435349003509E-03   -2.316845882380E-05   -2.316474641172E-05    1.543864917144E-07    1.543914546031E-07    1.650931183695E+00   -5.536981893575E-03   -1.970747059175E-05    1.316195573935E-07
    7.943284411759E-05    2.404657770969E+00    2.402505579094E+00   -6.358262182330E-03   -6.360157187280E-03   -2.244896884424E-05   -2.244488374676E-05    1.455839777083E-07    1.455876599405E-07    1.632210850123E+00   -5.472242575393E-03   -1.909476210956E-05    1.241203098714E-07
    8.912511669514E-05    2.377557329692E+00    2.375197586844E+00   -6.283878684823E-03   -6.285832891459E-03   -2.173735420126E-05   -2.173287861327E-05    1.370422052272E-07    1.370444496565E-07    1.613720995532E+00   -5.408247145026E-03   -1.848875426836E-05    1.168430510991E-07
    1.000000253568E-04    2.350806461941E+00    2.348219158480E+00   -6.210356855454E-03   -6.212363407813E-03   -2.103354643960E-05   -2.102866403169E-05    1.287581137521E-07    1.287587544338E-07    1.595460414772E+00   -5.344984733888E-03   -1.788939053911E-05    1.097851697977E-07
    1.122018735254E-04    2.324404748754E+00    2.321567947168E+00   -6.137685435620E-03   -6.139735590811E-03   -2.033748480803E-05   -2.033218124092E-05    1.207287427458E-07    1.207276051202E-07    1.577428040417E+00   -5.282444136003E-03   -1.729662133408E-05    1.029441400235E-07
    1.258925723037E-04    2.298352097479E+00    2.295241746903E+00   -6.065852948383E-03   -6.067935782853E-03   -1.964911699888E-05   -1.964338051877E-05    1.129512361468E-07    1.129481373215E-07    1.559622951502E+00   -5.220613750800E-03   -1.671040468804E-05    9.631752505586E-08
    1.412537889366E-04    2.272648766255E+00    2.269238499206E+00   -5.994847653279E-03   -5.996949731794E-03   -1.896839994283E-05   -1.896222206686E-05    1.054228468727E-07    1.054175960137E-07    1.542044382966E+00   -5.159481520261E-03   -1.613070699146E-05    8.990298129800E-08
    1.584893574245E-04    2.247295390594E+00    2.243556300221E+00   -5.924657496901E-03   -5.926762500151E-03   -1.829530066036E-05   -1.828867696169E-05    9.814094127941E-08    9.813334012220E-08    1.524691735837E+00   -5.099034860060E-03   -1.555750377731E-05    8.369826214511E-08
    1.778279832772E-04    2.222293012205E+00    2.218193408219E+00   -5.855270059011E-03   -5.857358365356E-03   -1.762979717054E-05   -1.762272817358E-05    9.110300351015E-08    9.109284699940E-08    1.507564588201E+00   -5.039260584252E-03   -1.499078056197E-05    7.770122176367E-08
    1.995262782958E-04    2.197643110253E+00    2.193148251497E+00   -5.786672493949E-03   -5.788720710425E-03   -1.697187945752E-05   -1.696437165424E-05    8.430663966072E-08    8.429371673000E-08    1.490662707006E+00   -4.980144823138E-03   -1.443053374114E-05    7.190981871860E-08
    2.238721656565E-04    2.173347635210E+00    2.168419436676E+00   -5.718851467098E-03   -5.720831904360E-03   -1.632155049456E-05   -1.631361749341E-05    7.774958167498E-08    7.773367617415E-08    1.473986060746E+00   -4.921672933884E-03   -1.387677154039E-05    6.632211937399E-08
    2.511887004750E-04    2.149409045492E+00    2.144005757355E+00   -5.651793086187E-03   -5.653673171638E-03   -1.567882732452E-05   -1.567049114428E-05    7.142969087279E-08    7.141058265176E-08    1.457534833058E+00   -4.863829403512E-03   -1.332951501969E-05    6.093630098387E-08
    2.818383565518E-04    2.125830347059E+00    2.119906203115E+00   -5.585482827225E-03   -5.587224450084E-03   -1.504374219520E-05   -1.503503471620E-05    6.534496100016E-08    6.532242715542E-08    1.441309437290E+00   -4.806597743880E-03   -1.278879913047E-05    5.575065437738E-08
    3.162278361789E-04    2.102615136198E+00    2.096119968816E+00   -5.519905454880E-03   -5.521464236469E-03   -1.441634374694E-05   -1.440730833270E-05    5.949352067671E-08    5.946733696547E-08    1.425310532062E+00   -4.749960378290E-03   -1.225467382294E-05    5.076358613100E-08
    3.548134668321E-04    2.079767645662E+00    2.072646464124E+00   -5.455044937129E-03   -5.456369419149E-03   -1.379669824899E-05   -1.378739155141E-05    5.387363510193E-08    5.384357752614E-08    1.409539037867E+00   -4.693898519395E-03   -1.172720520014E-05    4.597362010751E-08
    3.981072563587E-04    2.057292794385E+00    2.049485323208E+00   -5.390884354022E-03   -5.391915097082E-03   -1.318489087985E-05   -1.317538484114E-05    4.848370686580E-08    4.844955342541E-08    1.393996154726E+00   -4.638392038099E-03   -1.120647671455E-05    4.137939822832E-08
    4.466836870101E-04    2.035196240972E+00    2.026636414489E+00   -5.327405800424E-03   -5.328074384576E-03   -1.258102704612E-05   -1.257141111030E-05    4.332227569386E-08    4.328380830474E-08    1.378683380923E+00   -4.583419323194E-03   -1.069259040152E-05    3.697968033142E-08
    5.011873384724E-04    2.013484441146E+00    2.004099850317E+00   -5.264590282575E-03   -5.264818201139E-03   -1.198523373249E-05   -1.197561727889E-05    3.838801694014E-08    3.834502350739E-08    1.363602532817E+00   -4.528957131502E-03   -1.018566814259E-05    3.277334295259E-08
    5.623414410462E-04    1.992164709350E+00    1.981875996412E+00   -5.202417608355E-03   -5.202115045801E-03   -1.139766087497E-05   -1.138817588488E-05    3.367973862539E-08    3.363201525716E-08    1.348755765724E+00   -4.474980428352E-03   -9.685852950358E-06    2.875937685374E-08
    6.309574724727E-04    1.971245284663E+00    1.959965480865E+00   -5.140866271046E-03   -5.139930755350E-03   -1.081848274744E-05   -1.080928671391E-05    2.919637680247E-08    2.914373014234E-08    1.334145595825E+00   -4.421462218272E-03   -9.193310265013E-06    2.493688310728E-08
    7.079459257502E-04    1.950735401163E+00    1.938369202430E+00   -5.079913326394E-03   -5.078228245857E-03   -1.024789935084E-05   -1.023917843932E-05    2.493698901290E-08    2.487923866077E-08    1.319774923057E+00   -4.368373365790E-03   -8.708229251023E-06    2.130506753034E-08
    7.943283908219E-04    1.930645362856E+00    1.917088337812E+00   -5.019534262627E-03   -5.016967236958E-03   -9.686137792813E-06   -9.678110257395E-06    2.090074558648E-08    2.083772656785E-08    1.305647054867E+00   -4.315682406304E-03   -8.230824080903E-06    1.786323325068E-08
    8.912511104532E-04    1.910986623204E+00    1.896124347528E+00   -4.959702862990E-03   -4.956103958289E-03   -9.133453644648E-06   -9.126373501016E-06    1.708691852184E-08    1.701848375380E-08    1.291765730715E+00   -4.263355347001E-03   -7.761335191328E-06    1.461077117322E-08
    1.000000190176E-03    1.891771869236E+00    1.875478979895E+00   -4.900391060098E-03   -4.895590837445E-03   -8.590132261333E-06   -8.584293212575E-06    1.349486767242E-08    1.342089036097E-08    1.278135147115E+00   -4.211355457771E-03   -7.300030495241E-06    1.154714810385E-08
    1.122018664127E-03    1.873015110156E+00    1.855154272528E+00   -4.841568781136E-03   -4.835376168787E-03   -8.056490050099E-06   -8.052229655156E-06    1.012402395696E-08    1.004439984373E-08    1.264759982967E+00   -4.159643052072E-03   -6.847206532133E-06    8.671892280501E-09
    1.258925643231E-03    1.854731770197E+00    1.835152550655E+00   -4.783203782489E-03   -4.775403762273E-03   -7.532875672540E-06   -7.530579739217E-06    6.973869307073E-09    6.888518664843E-09    1.251645424835E+00   -4.108175257590E-03   -6.403189537354E-06    5.984576054816E-09
    1.412537799822E-03    1.836938785379E+00    1.815476421376E+00   -4.725261471820E-03   -4.715612571295E-03   -7.019671165741E-06   -7.019778340279E-06    4.043913062321E-09    3.952782316526E-09    1.238797191738E+00   -4.056905776399E-03   -5.968336410183E-06    3.484795464084E-09
    1.584893473776E-03    1.819654703599E+00    1.796128762806E+00   -4.667704714836E-03   -4.655936298260E-03   -6.517292968820E-06   -6.520299481747E-06    1.333664527728E-09    1.236727355180E-09    1.226221558875E+00   -4.005784634099E-03   -5.543035559581E-06    1.172146434798E-09
    1.778279720043E-03    1.802899787277E+00    1.777112706850E+00   -4.610493622978E-03   -4.596302976227E-03   -6.026192843114E-06   -6.032657355974E-06   -1.157398581068E-09   -1.260140854568E-09    1.213925379581E+00   -3.954757917077E-03   -5.127707606243E-06   -9.538026338780E-10
    1.995262656475E-03    1.786696117465E+00    1.758431614071E+00   -4.553585316993E-03   -4.536634524429E-03   -5.546858676894E-06   -5.557407156017E-06   -3.429866065041E-09   -3.538384981038E-09    1.201916104621E+00   -3.903767496545E-03   -4.722805919571E-06   -2.893542148216E-09
    2.238721514648E-03    1.771067697974E+00    1.740089038800E+00   -4.496933659634E-03   -4.476846274774E-03   -5.079815169224E-06   -5.095145690074E-06   -5.484435781293E-09   -5.598677431356E-09    1.190201797674E+00   -3.852750737382E-03   -4.328816968743E-06   -4.647656686364E-09
    2.511886845517E-03    1.756040557623E+00    1.722088682287E+00   -4.440488948706E-03   -4.416846465568E-03   -4.625624392574E-06   -4.646511750979E-06   -7.321959000642E-09   -7.441847172758E-09    1.178791145639E+00   -3.801640188941E-03   -3.946260468322E-06   -6.216864652986E-09
    2.818383386855E-03    1.741642848141E+00    1.704434331237E+00   -4.384197559050E-03   -4.356535697594E-03   -4.184886239846E-06   -4.212186213440E-06   -8.943490753849E-09   -9.068931890934E-09    1.167693462025E+00   -3.750363253908E-03   -3.575689300577E-06   -7.602062394249E-09
    3.162278161326E-03    1.727904934566E+00    1.687129778536E+00   -4.328001518797E-03   -4.295806346247E-03   -3.758238768685E-06   -3.792891832073E-06   -1.035034529566E-08   -1.048123567234E-08    1.156918681309E+00   -3.698841829874E-03   -3.217689198610E-06   -8.804372912248E-09
    3.548134443398E-03    1.714859474153E+00    1.670178722381E+00   -4.271838001373E-03   -4.234541921819E-03   -3.346358464341E-06   -3.389392713973E-06   -1.154415675873E-08   -1.168039234623E-08    1.146477341650E+00   -3.646991916603E-03   -2.872878177166E-06   -9.825199270446E-09
    3.981072311218E-03    1.702541478743E+00    1.653584639272E+00   -4.215638709972E-03   -4.172616368072E-03   -2.949960451244E-06   -3.002493439155E-06   -1.252694501450E-08   -1.266843457366E-08    1.136380552807E+00   -3.594723179893E-03   -2.541905700275E-06   -1.066628273548E-08
    4.466836586940E-03    1.690988354307E+00    1.637350625483E+00   -4.159329125541E-03   -4.109893286926E-03   -2.569798692623E-06   -2.633037800352E-06   -1.330118669701E-08   -1.344786871484E-08    1.126639945371E+00   -3.541938460404E-03   -2.225451576726E-06   -1.132976564787E-08
    5.011873067012E-03    1.680239909804E+00    1.621479200571E+00   -4.102827582651E-03   -4.046225074635E-03   -2.206666225975E-06   -2.281907129728E-06   -1.386989127740E-08   -1.402175544206E-08    1.117267596625E+00   -3.488533212936E-03   -1.924224575106E-06   -1.181825895312E-08
    5.623414053982E-03    1.670338325664E+00    1.605972065369E+00   -4.046044129928E-03   -3.981451952120E-03   -1.861395488720E-06   -1.950018172134E-06   -1.423668200980E-08   -1.439379599803E-08    1.108275927368E+00   -3.434394858367E-03   -1.638960748608E-06   -1.213491426073E-08
    6.309574324750E-03    1.661328069925E+00    1.590829805477E+00   -3.988879122765E-03   -3.915400869400E-03   -1.534858791320E-06   -1.638320450962E-06   -1.440588150387E-08   -1.456842393074E-08    1.099677562839E+00   -3.379402026731E-03   -1.370421454481E-06   -1.228350023313E-08
    7.079458808720E-03    1.653255747289E+00    1.576051529664E+00   -3.931221485880E-03   -3.847884261449E-03   -1.227968992320E-06   -1.347793050742E-06   -1.438260161614E-08   -1.455090206123E-08    1.091485149510E+00   -3.323423665956E-03   -1.119391042287E-06   -1.226848303543E-08
    7.943283404678E-03    1.646169863132E+00    1.561634430824E+00   -3.872946572343E-03   -3.778698630883E-03   -9.416804176676E-07   -1.079440708532E-06   -1.417283728835E-08   -1.434742435329E-08    1.083711117875E+00   -3.266317986776E-03   -8.866741670252E-07   -1.209511049652E-08
    8.912510539550E-03    1.640120480540E+00    1.547573255021E+00   -3.813913533841E-03   -3.707622931893E-03   -6.769900421023E-07   -8.342890590842E-07   -1.378356390525E-08   -1.396522226012E-08    1.076367379484E+00   -3.207931210550E-03   -6.730926544188E-07   -1.176949954766E-08
    1.000000126784E-02    1.635158743628E+00    1.533859661731E+00   -3.753962103855E-03   -3.634416730363E-03   -4.349389083516E-07   -6.133788119611E-07   -1.322283768709E-08   -1.341267500525E-08    1.069464944113E+00   -3.148096083196E-03   -4.794818026115E-07   -1.129872640290E-08
    1.122018593000E-02    1.631336234871E+00    1.520481455907E+00   -3.692908683850E-03   -3.558818118837E-03   -2.166136937708E-07   -4.177585506817E-07   -1.249989856160E-08   -1.269942309004E-08    1.063013440506E+00   -3.086630116681E-03   -3.066859449118E-07   -1.069091881081E-08
    1.258925563425E-02    1.628704127499E+00    1.507421669587E+00   -3.630541610899E-03   -3.480541372300E-03   -2.314823845557E-08   -2.484757260021E-07   -1.162527487586E-08   -1.183648410030E-08    1.057020521069E+00   -3.023333519396E-03   -1.555530161210E-07   -9.955349534734E-09
    1.412537710278E-02    1.627312085929E+00    1.494657467637E+00   -3.566615475722E-03   -3.399274343791E-03    1.442752858757E-07   -1.065652628396E-07   -1.061088917875E-08   -1.083636955977E-08    1.051491127430E+00   -2.957986779691E-03   -2.692775592912E-08   -9.102529970337E-09
    1.584893373306E-02    1.627206858062E+00    1.482158849176E+00   -3.500844355659E-03   -3.314675620139E-03    2.844260689649E-07    6.964988303583E-09   -9.470164102022E-09   -9.713201101429E-09    1.046426590031E+00   -2.890347874862E-03    7.835695569574E-08   -8.144302455020E-09
    1.778279607314E-02    1.628430492457E+00    1.469887113124E+00   -3.432893829058E-03   -3.226371489925E-03    3.960259581973E-07    9.115295440298E-08   -8.218127052255E-09   -8.482823537691E-09    1.041823530643E+00   -2.820149092313E-03    1.594913088218E-07   -7.093929316999E-09
    1.995262529991E-02    1.631018100743E+00    1.457793053469E+00   -3.362371649274E-03   -3.133952821822E-03    4.777534051053E-07    1.451064689700E-07   -6.871511937013E-09   -7.162911415090E-09    1.037672532049E+00   -2.747093473059E-03    2.157032069166E-07   -5.966175988003E-09
    2.238721372731E-02    1.634995071134E+00    1.445814847662E+00   -3.288816983272E-03   -3.036972016323E-03    5.282514939403E-07    1.680344092969E-07   -5.448855409638E-09   -5.773064226241E-09    1.033956534198E+00   -2.670850923644E-03    2.462774767734E-07   -4.777384483082E-09
    2.511886686283E-02    1.640373622964E+00    1.433875600788E+00   -3.211688168890E-03   -2.934940282287E-03    5.461419491440E-07    1.592867533292E-07   -3.970584049100E-09   -4.334883513670E-09    1.030648911329E+00   -2.591054094849E-03    2.505810507803E-07   -3.545532160786E-09
    2.818383208192E-02    1.647148574215E+00    1.421880509215E+00   -3.130349021695E-03   -2.827325607058E-03    5.300475729827E-07    1.184058022448E-07   -2.459087388214E-09   -2.872022491067E-09    1.027711179920E+00   -2.507294198127E-03    2.280958198380E-07   -2.290268814367E-09
    3.162277960863E-02    1.655292173646E+00    1.409713611188E+00   -3.044053838693E-03   -2.713551944352E-03    4.786262236421E-07    4.519112984784E-08   -9.387696179254E-10   -1.410195322808E-09    1.025090283012E+00   -2.419117030527E-03    1.784611572032E-07   -1.032922669288E-09
    3.548134218475E-02    1.664747830015E+00    1.397234101196E+00   -2.951931418687E-03   -2.593000339825E-03    3.906201605208E-07   -6.021898653588E-08    5.639299136114E-10    2.287114297893E-11    1.022715394658E+00   -2.326019611063E-03    1.015283605583E-07    2.035371980970E-10
    3.981072058850E-02    1.675422550568E+00    1.384272200070E+00   -2.852968658554E-03   -2.465012960185E-03    2.649253795759E-07   -1.972468562035E-07    2.020560789874E-09    1.397565803550E-09    1.020494188354E+00   -2.227448002970E-03   -2.570559332571E-09    1.394598293176E-09
    4.466836303778E-02    1.687177882596E+00    1.370624597655E+00   -2.745994619554E-03   -2.328901295812E-03    1.006864028878E-07   -3.647528295134E-07    3.400747984911E-09    2.682631001826E-09    1.018308517661E+00   -2.122797117583E-03   -1.333372764266E-07    2.514382764402E-09
    5.011872749299E-02    1.699819141047E+00    1.356049523651E+00   -2.629666412529E-03   -2.183960162794E-03   -1.025772308401E-07   -5.608890772043E-07    4.672363678501E-09    3.845545780792E-09    1.016009469096E+00   -2.011413569421E-03   -2.898024912185E-07    3.535931788435E-09
    5.623413697503E-02    1.713082703899E+00    1.340261558709E+00   -2.502458857374E-03   -2.029489540817E-03   -3.448058445486E-07   -7.829292033289E-07    5.801813476450E-09    4.853098560339E-09    1.013411768682E+00   -1.892602987332E-03   -4.704005449710E-07    4.431627114710E-09
    6.309573924774E-02    1.726621173703E+00    1.322926379329E+00   -2.362660677019E-03   -1.864826738042E-03   -6.251884897403E-07   -1.027075453703E-06    6.754472907943E-09    5.672200306041E-09    1.010287559524E+00   -1.765643589656E-03   -6.728227128713E-07    5.173785420382E-09
    7.079458359939E-02    1.739986251368E+00    1.303655744944E+00   -2.208381036860E-03   -1.689391839539E-03   -9.418984338341E-07   -1.288248776344E-06    7.495317360285E-09    6.270994579051E-09    1.006359625259E+00   -1.629808298950E-03   -8.938503727860E-07    5.735464629389E-09
    7.943282901137E-02    1.752609264455E+00    1.282003193177E+00   -2.037571580542E-03   -1.502749811506E-03   -1.291768693596E-06   -1.559872071501E-06    7.989795958794E-09    6.620322052728E-09    1.001294221750E+00   -1.484398187886E-03   -1.129171966707E-06    6.091522144891E-09
    8.912509974568E-02    1.763779459187E+00    1.257461121339E+00   -1.848070805183E-03   -1.304692925067E-03   -1.669903006587E-06   -1.833663995237E-06    8.205007352661E-09    6.695591560537E-09    9.946938076897E-01   -1.328790596672E-03   -1.373191551002E-06    6.219961613655E-09
    1.000000063392E-01    1.772620441367E+00    1.229460216063E+00   -1.637679739363E-03   -1.095347199514E-03   -2.069221455761E-06   -2.099470142821E-06    8.111241606546E-09    6.479093267347E-09    9.860901511916E-01   -1.162505807506E-03   -1.618842111268E-06    6.103594734850E-09
    1.122018521873E-01    1.778065590717E+00    1.197372554742E+00   -1.404280357365E-03   -8.753060622344E-04   -2.479946905981E-06   -2.345170484804E-06    7.683953929911E-09    5.962755241521E-09    9.749385517076E-01   -9.852965649631E-04   -1.857423987163E-06    5.732023362606E-09
    1.258925483619E-01    1.778833936217E+00    1.160520157754E+00   -1.146011083283E-03   -6.457932173811E-04   -2.889050253622E-06   -2.556716786625E-06    6.906252660077E-09    5.151292117062E-09    9.606142776224E-01   -7.972649696526E-04   -2.078498194177E-06    5.103920961713E-09
    1.412537620735E-01    1.773408973867E+00    1.118191329066E+00   -8.615152308671E-04   -4.088526339710E-04   -3.279685438590E-06   -2.718368576535E-06    5.771991725895E-09    4.065600018887E-09    9.424128137066E-01   -5.990096833289E-04   -2.269873283129E-06    4.229542519957E-09
    1.584893272837E-01    1.760024346687E+00    1.069667749686E+00   -5.502893473225E-04   -1.675673882894E-04   -3.630695249429E-06   -2.813227330267E-06    4.289500843730E-09    2.746152170473E-09    9.195561581782E-01   -3.918122699067E-04   -2.417751754746E-06    3.133324115297E-09
    1.778279494585E-01    1.736662322465E+00    1.014265939751E+00   -2.131358803069E-04    7.372157270537E-05   -3.916264198674E-06   -2.824150936015E-06    2.486044214367E-09    1.255897629799E-09    8.912082276979E-01   -1.778490275442E-04   -2.507086422046E-06    1.856323882247E-09
    1.995262403507E-01    1.701073806561E+00    9.513972874115E-01    1.472390849158E-04    3.091996487970E-04   -4.105926129853E-06   -2.735191883874E-06    4.130751051493E-10   -3.179139838163E-10    8.565034447663E-01    3.955865553817E-05   -2.522262431763E-06    4.582284451489E-10
    2.238721230814E-01    1.650832276886E+00    8.806510640053E-01    5.254883322733E-04    5.314221813150E-04   -4.165169711068E-06   -2.533648411473E-06   -1.847830107593E-09   -1.863985891901E-09    8.145937038820E-01    2.556825150333E-04   -2.448197080105E-06   -9.815961158234E-10
    2.511886527050E-01    1.583438633761E+00    8.019043539291E-01    9.127492817884E-04    7.312750866268E-04   -4.057042154111E-06   -2.212806190395E-06   -4.178598514302E-09   -3.250513427470E-09    7.647200410443E-01    4.641371338985E-04   -2.271986385517E-06   -2.364609411872E-09
    2.818383029529E-01    1.496499241635E+00    7.154608782654E-01    1.295683814218E-03    8.981476510424E-04   -3.745301588831E-06   -1.775345025292E-06   -6.418584575021E-09   -4.333532279438E-09    7.063161095372E-01    6.566928416536E-04   -1.985220685259E-06   -3.575978121554E-09
    3.162277760400E-01    1.388004616134E+00    6.222161857102E-01    1.655554997630E-03    1.020446964001E-03   -3.199841345240E-06   -1.237197053909E-06   -8.360438851779E-09   -4.971745705993E-09    6.391503624829E-01    8.232359415443E-04   -1.587060755332E-06   -4.490875979066E-09
    3.548133993551E-01    1.256739340204E+00    5.238379630014E-01    1.967586974773E-03    1.086617320927E-03   -2.405230375523E-06   -6.313077315773E-07   -9.751269139520E-09   -5.049304207361E-09    5.635114910456E-01    9.520069584783E-04   -1.088067948220E-06   -4.985511389564E-09
    3.981071806482E-01    1.102850857325E+00    4.229350541392E-01    2.201049359021E-03    1.086843122140E-03   -1.373132253296E-06   -1.020888660700E-08   -1.030534765389E-08   -4.507052770373E-09    4.804351916013E-01    1.030307002808E-03   -5.145564673993E-07   -4.954471462805E-09
    4.466836020616E-01    9.285880927946E-01    3.231646822663E-01    2.320793612129E-03    1.015573906155E-03   -1.587573294975E-07    5.544783177831E-07   -9.739088423995E-09   -3.380305630892E-09    3.919566033009E-01    1.045926815735E-03    8.721831305881E-08   -4.336131143959E-09
    5.011872431586E-01    7.391764985895E-01    2.291927907447E-01    2.291345287160E-03    8.748458877275E-04    1.120264659846E-06    9.784785785962E-07   -7.844777359971E-09   -1.836060390557E-09    3.013471869198E-01    9.895973310761E-04    6.485584795426E-07   -3.147483149088E-09
    5.623413341023E-01    5.437001526667E-01    1.463800848846E-01    2.085054381734E-03    6.779674592896E-04    2.268291304906E-06    1.180931829874E-06   -4.624031887961E-09   -1.930840462838E-10    2.132514713588E-01    8.587225333592E-04    1.080451250037E-06   -1.527619229808E-09
    6.309573524797E-01    3.556744020978E-01    8.003124852208E-02    1.695971272584E-03    4.523141424323E-04    3.013434988054E-06    1.113362165610E-06   -4.959490664506E-10    1.106766561705E-09    1.335719881277E-01    6.623997648170E-04    1.285440443216E-06    2.176745742659E-10
    7.079457911159E-01    1.926514795864E-01    3.406181363590E-02    1.160297264237E-03    2.385717941271E-04    3.056415688100E-06    8.003497788143E-07    3.449701318492E-09    1.625430255058E-09    6.885807846160E-02    4.269820523717E-04    1.187152993130E-06    1.596034068074E-09
    7.943282397597E-01    7.361111720379E-02    9.117748935586E-03    5.803096774428E-04    8.190178447744E-05    2.221965508297E-06    3.761388715117E-07    5.349659967546E-09    1.203181132612E-09    2.484933158163E-02    1.996162583108E-04    7.874706838808E-07    2.005497513446E-09
    8.912509409587E-01    1.190932401221E-02    7.775242009930E-04    1.346739076412E-04    9.776855228589E-06    7.958715962948E-07    6.583975480346E-08    3.360155551546E-09    3.269372142116E-10    3.759317179572E-03    4.287857890806E-05    2.564059225459E-07    1.100851697943E-09
