# create_bands_n3lo.py -sqrts 14
# LO cross-section {center, min, max}
0.0020787545 0.0019272195 0.0022556267 


# LO ptHH {ptmin, ptmax, center, min, max}
0.0 30.0 7.1936992e-06 6.7291365e-06 7.7187555e-06 
30.0 60.0 1.5616149e-05 1.4562002e-05 1.6827812e-05 
60.0 90.0 1.5224551e-05 1.4145556e-05 1.6483174e-05 
90.0 120.0 1.1215447e-05 1.0382661e-05 1.2191937e-05 
120.0 150.0 7.3117178e-06 6.7471449e-06 7.97933e-06 
150.0 180.0 4.5380913e-06 4.1792771e-06 4.9646491e-06 
180.0 210.0 2.8067076e-06 2.5770122e-06 3.0778369e-06 
210.0 240.0 1.7571677e-06 1.6106489e-06 1.9336825e-06 
240.0 270.0 1.1165248e-06 1.0210623e-06 1.2294971e-06 
270.0 300.0 7.3650764e-07 6.7327841e-07 8.1184321e-07 


# LO yHH {ptmin, ptmax, center, min, max}
-5.0 -4.9 0.0 0.0 0.0 
-4.9 -4.8 0.0 0.0 0.0 
-4.8 -4.7 0.0 0.0 0.0 
-4.7 -4.6 0.0 0.0 0.0 
-4.6 -4.5 0.0 0.0 0.0 
-4.5 -4.4 0.0 0.0 0.0 
-4.4 -4.3 0.0 0.0 0.0 
-4.3 -4.2 0.0 0.0 0.0 
-4.2 -4.1 0.0 0.0 0.0 
-4.1 -4.0 7.7048084e-21 0.0 7.7048084e-21 
-4.0 -3.9 1.2645331e-13 1.2645331e-13 2.5154966e-13 
-3.9 -3.8 3.4545492e-11 3.3442483e-11 3.6010724e-11 
-3.8 -3.7 5.5805919e-10 4.8578159e-10 7.6523071e-10 
-3.7 -3.6 3.9204538e-09 3.3480449e-09 3.9204538e-09 
-3.6 -3.5 1.9341302e-08 1.6031257e-08 2.3927649e-08 
-3.5 -3.4 6.5591786e-08 5.8938859e-08 7.6583706e-08 
-3.4 -3.3 1.8995644e-07 1.6710477e-07 2.1702256e-07 
-3.3 -3.2 4.6352119e-07 4.1696771e-07 5.1503955e-07 
-3.2 -3.1 1.0591552e-06 9.3822495e-07 1.1688647e-06 
-3.1 -3.0 1.997793e-06 1.8331731e-06 2.2177523e-06 
-3.0 -2.9 3.6431895e-06 3.3322593e-06 4.0320719e-06 
-2.9 -2.8 6.2991062e-06 5.7261221e-06 7.0250238e-06 
-2.8 -2.7 1.0177897e-05 9.3299512e-06 1.1200339e-05 
-2.7 -2.6 1.5724014e-05 1.4333197e-05 1.7214061e-05 
-2.6 -2.5 2.351438e-05 2.1686808e-05 2.5782855e-05 
-2.5 -2.4 3.3539772e-05 3.0986425e-05 3.6483704e-05 
-2.4 -2.3 4.6237022e-05 4.2623898e-05 5.0473353e-05 
-2.3 -2.2 6.1619874e-05 5.684304e-05 6.6924277e-05 
-2.2 -2.1 8.1421782e-05 7.5353238e-05 8.8802333e-05 
-2.1 -2.0 0.00010460352 9.7053698e-05 0.00011359186 
-2.0 -1.9 0.0001307096 0.00012101027 0.0001417154 
-1.9 -1.8 0.00016162526 0.00014987181 0.00017491316 
-1.8 -1.7 0.00019504387 0.0001808329 0.00021187177 
-1.7 -1.6 0.00023195731 0.0002151242 0.00025104843 
-1.6 -1.5 0.00027219498 0.00025250231 0.00029542705 
-1.5 -1.4 0.00031381309 0.00029118712 0.00034003899 
-1.4 -1.3 0.00035991067 0.00033375878 0.00038969614 
-1.3 -1.2 0.00040514614 0.00037604081 0.00043860257 
-1.2 -1.1 0.00045129889 0.00041926311 0.00048916768 
-1.1 -1.0 0.0004978434 0.00046192035 0.00054024184 
-1.0 -0.9 0.00054404242 0.00050492245 0.00058945088 
-0.9 -0.8 0.00058837859 0.00054536514 0.00063852165 
-0.8 -0.7 0.00062939131 0.00058376137 0.00068203883 
-0.7 -0.6 0.0006681627 0.00061931832 0.00072536228 
-0.6 -0.5 0.00070278611 0.0006516411 0.00076361968 
-0.5 -0.4 0.00073241282 0.00067916986 0.0007943067 
-0.4 -0.3 0.00075890565 0.00070314103 0.00082360112 
-0.3 -0.2 0.00077709818 0.00072050284 0.00084444668 
-0.2 -0.1 0.0007891855 0.00073101333 0.00085662089 
-0.1 0.0 0.00079237426 0.00073414297 0.00086034143 
0.0 0.1 0.00079425017 0.00073639596 0.00086270349 
0.1 0.2 0.00078964641 0.00073129014 0.00085759377 
0.2 0.3 0.00077735842 0.00072038471 0.00084438646 
0.3 0.4 0.00075569457 0.00070088628 0.00082096098 
0.4 0.5 0.00073352142 0.00067951554 0.00079556726 
0.5 0.6 0.00070290775 0.00065186495 0.00076296457 
0.6 0.7 0.00066735214 0.00061893694 0.0007244567 
0.7 0.8 0.00062879102 0.0005831624 0.00068153168 
0.8 0.9 0.00058773995 0.00054478616 0.00063806862 
0.9 1.0 0.00054400775 0.00050452373 0.00058932095 
1.0 1.1 0.0004989068 0.00046311836 0.00054103722 
1.1 1.2 0.00045265462 0.00042003092 0.00049072633 
1.2 1.3 0.00040547327 0.00037597889 0.00043893982 
1.3 1.4 0.00035957134 0.00033381325 0.00038947158 
1.4 1.5 0.0003146987 0.00029212712 0.00034134379 
1.5 1.6 0.0002720365 0.00025216171 0.00029482392 
1.6 1.7 0.00023261746 0.00021613223 0.00025194235 
1.7 1.8 0.00019483787 0.00018068162 0.00021135328 
1.8 1.9 0.00016073042 0.00014896872 0.00017449296 
1.9 2.0 0.00013147974 0.0001219602 0.00014273584 
2.0 2.1 0.00010423643 9.6347954e-05 0.0001130518 
2.1 2.2 8.1530462e-05 7.5549204e-05 8.834569e-05 
2.2 2.3 6.1755477e-05 5.7001812e-05 6.7240242e-05 
2.3 2.4 4.6297876e-05 4.2683447e-05 5.0543212e-05 
2.4 2.5 3.3401237e-05 3.0788293e-05 3.6410263e-05 
2.5 2.6 2.3201308e-05 2.1380277e-05 2.541336e-05 
2.6 2.7 1.5844829e-05 1.4544773e-05 1.742825e-05 
2.7 2.8 1.02823e-05 9.4064818e-06 1.1289643e-05 
2.8 2.9 6.3426592e-06 5.780044e-06 6.9460099e-06 
2.9 3.0 3.6761936e-06 3.3383113e-06 4.0979324e-06 
3.0 3.1 2.03974e-06 1.8517027e-06 2.2656757e-06 
3.1 3.2 1.0266951e-06 9.188383e-07 1.1503937e-06 
3.2 3.3 4.7445717e-07 4.2476009e-07 5.3591501e-07 
3.3 3.4 2.0121576e-07 1.8258365e-07 2.295641e-07 
3.4 3.5 7.170765e-08 6.2296942e-08 8.0737493e-08 
3.5 3.6 2.0332838e-08 1.7008487e-08 2.411049e-08 
3.6 3.7 4.4745279e-09 3.7661344e-09 5.0675664e-09 
3.7 3.8 4.8657985e-10 4.1374109e-10 8.2634989e-10 
3.8 3.9 4.5053463e-11 3.1710497e-11 5.3483855e-11 
3.9 4.0 9.3500994e-13 3.8486036e-13 9.3500994e-13 
4.0 4.1 0.0 0.0 0.0 
4.1 4.2 0.0 0.0 0.0 
4.2 4.3 0.0 0.0 0.0 
4.3 4.4 0.0 0.0 0.0 
4.4 4.5 0.0 0.0 0.0 
4.5 4.6 0.0 0.0 0.0 
4.6 4.7 0.0 0.0 0.0 
4.7 4.8 0.0 0.0 0.0 
4.8 4.9 0.0 0.0 0.0 
4.9 5.0 0.0 0.0 0.0 


# LO mHH {ptmin, ptmax, center, min, max}
0.0 200.0 0.0 0.0 0.0 
200.0 400.0 3.3326841e-06 3.165107e-06 3.5137278e-06 
400.0 600.0 3.6901397e-06 3.4332883e-06 3.984193e-06 
600.0 800.0 1.7202355e-06 1.5711377e-06 1.8988796e-06 
800.0 1000.0 7.9640739e-07 7.1683145e-07 8.9383786e-07 
1000.0 1200.0 3.8899648e-07 3.4582881e-07 4.4371121e-07 
1200.0 1400.0 2.0248582e-07 1.7789847e-07 2.3286808e-07 
1400.0 1600.0 1.100388e-07 9.5775614e-08 1.2805396e-07 
1600.0 1800.0 6.1796896e-08 5.3263141e-08 7.2837761e-08 
1800.0 2000.0 3.5533891e-08 3.0580202e-08 4.261736e-08 


# LO phiHH {ptmin, ptmax, center, min, max}
0.0 0.31415927 0.00027323443 0.00025334232 0.00029626573 
0.31415927 0.62831853 0.00028197829 0.00026154881 0.00030595004 
0.62831853 0.9424778 0.00030287842 0.00028101681 0.00032842252 
0.9424778 1.2566371 0.00034309115 0.00031830718 0.00037197254 
1.2566371 1.5707963 0.00040698313 0.00037764242 0.000441127 
1.5707963 1.8849556 0.00050776691 0.00047129754 0.00055040057 
1.8849556 2.1991149 0.00066459147 0.00061669377 0.000720367 
2.1991149 2.5132741 0.0009044447 0.0008391422 0.00098063237 
2.5132741 2.8274334 0.0012596171 0.0011680382 0.0013663436 
2.8274334 3.1415927 0.0016722957 0.0015475009 0.0018184014 


# LO ptH_h {ptmin, ptmax, center, min, max}
0.0 30.0 9.312941e-07 8.7845185e-07 9.8974344e-07 
30.0 60.0 7.6301722e-06 7.1648954e-06 8.1528677e-06 
60.0 90.0 1.3940888e-05 1.3029186e-05 1.4984474e-05 
90.0 120.0 1.4130739e-05 1.314619e-05 1.5275441e-05 
120.0 150.0 1.1015011e-05 1.0199569e-05 1.1967039e-05 
150.0 180.0 7.5514159e-06 6.9597563e-06 8.2470895e-06 
180.0 210.0 4.8913887e-06 4.4951323e-06 5.3612282e-06 
210.0 240.0 3.1062568e-06 2.8433059e-06 3.4231494e-06 
240.0 270.0 1.9765299e-06 1.8033265e-06 2.1829588e-06 
270.0 300.0 1.270262e-06 1.1547356e-06 1.4091178e-06 


# LO yH_h {ptmin, ptmax, center, min, max}
-5.0 -4.9 0.0 0.0 0.0 
-4.9 -4.8 0.0 0.0 0.0 
-4.8 -4.7 0.0 0.0 0.0 
-4.7 -4.6 2.8754756e-13 2.8754756e-13 4.8544427e-13 
-4.6 -4.5 1.2452591e-10 4.3376118e-11 1.4349073e-10 
-4.5 -4.4 2.3082504e-09 1.7313933e-09 2.3082504e-09 
-4.4 -4.3 1.2682737e-08 1.0030666e-08 1.7291811e-08 
-4.3 -4.2 4.8684464e-08 3.7694702e-08 5.9885315e-08 
-4.2 -4.1 1.6093599e-07 1.3639812e-07 1.9230689e-07 
-4.1 -4.0 4.107348e-07 3.5586294e-07 4.8997472e-07 
-4.0 -3.9 9.3542681e-07 7.8805554e-07 1.1114857e-06 
-3.9 -3.8 1.9217393e-06 1.6759802e-06 2.24946e-06 
-3.8 -3.7 3.5829025e-06 3.1344248e-06 4.2194734e-06 
-3.7 -3.6 6.2263204e-06 5.4252441e-06 7.1723431e-06 
-3.6 -3.5 9.7824247e-06 8.6631588e-06 1.1107906e-05 
-3.5 -3.4 1.4926242e-05 1.3153785e-05 1.7090888e-05 
-3.4 -3.3 2.1582512e-05 1.9368554e-05 2.4460863e-05 
-3.3 -3.2 2.9773774e-05 2.6698494e-05 3.3730551e-05 
-3.2 -3.1 4.0585249e-05 3.6440412e-05 4.5598562e-05 
-3.1 -3.0 5.2678597e-05 4.7506345e-05 5.9089096e-05 
-3.0 -2.9 6.6413084e-05 6.0050404e-05 7.3776921e-05 
-2.9 -2.8 8.2742436e-05 7.5127745e-05 9.1986649e-05 
-2.8 -2.7 0.00010072915 9.1605772e-05 0.00011138017 
-2.7 -2.6 0.00011932569 0.00010893883 0.00013185934 
-2.6 -2.5 0.00013916242 0.00012732838 0.00015363034 
-2.5 -2.4 0.00016013887 0.00014658564 0.00017591309 
-2.4 -2.3 0.00018310532 0.00016779751 0.00020092546 
-2.3 -2.2 0.00020572649 0.0001894947 0.00022541212 
-2.2 -2.1 0.00022879754 0.0002102476 0.00025047702 
-2.1 -2.0 0.00025187016 0.00023184457 0.00027489023 
-2.0 -1.9 0.0002738186 0.00025338215 0.00029890652 
-1.9 -1.8 0.00029635927 0.00027364746 0.00032277389 
-1.8 -1.7 0.00031799722 0.00029433317 0.00034632391 
-1.7 -1.6 0.00034007052 0.00031454986 0.00036911496 
-1.6 -1.5 0.00035991811 0.00033329463 0.00039059891 
-1.5 -1.4 0.00038081516 0.00035324797 0.00041302521 
-1.4 -1.3 0.00039868228 0.00037009735 0.00043274634 
-1.3 -1.2 0.00041664534 0.00038668648 0.000450557 
-1.2 -1.1 0.00043123545 0.00040125629 0.00046723292 
-1.1 -1.0 0.00044777753 0.00041615381 0.00048303829 
-1.0 -0.9 0.00046096546 0.00042815452 0.00049889353 
-0.9 -0.8 0.0004737489 0.00044137775 0.00051246353 
-0.8 -0.7 0.00048351583 0.00044961643 0.00052219919 
-0.7 -0.6 0.00049467435 0.00046111365 0.00053333563 
-0.6 -0.5 0.00050272896 0.00046870815 0.00054259486 
-0.5 -0.4 0.00050940922 0.00047479395 0.00055005065 
-0.4 -0.3 0.00051698661 0.0004816325 0.00055676098 
-0.3 -0.2 0.00052071467 0.00048549402 0.00056147748 
-0.2 -0.1 0.00052216945 0.00048692286 0.00056323902 
-0.1 0.0 0.00052386176 0.00048809238 0.00056427241 
0.0 0.1 0.00052518669 0.00048998569 0.00056669311 
0.1 0.2 0.00052247252 0.00048683182 0.00056347496 
0.2 0.3 0.00051902114 0.00048424203 0.00055895582 
0.3 0.4 0.00051493708 0.0004802239 0.00055577583 
0.4 0.5 0.00051061942 0.00047576561 0.00055023924 
0.5 0.6 0.00050283575 0.00046841771 0.00054315523 
0.6 0.7 0.00049321636 0.00045916095 0.00053231179 
0.7 0.8 0.0004834328 0.00045034685 0.00052250739 
0.8 0.9 0.00047501017 0.00044231063 0.00051272502 
0.9 1.0 0.00045984927 0.00042744506 0.00049708852 
1.0 1.1 0.00044790285 0.00041645403 0.00048410622 
1.1 1.2 0.00043338802 0.00040250467 0.00046952363 
1.2 1.3 0.00041602971 0.00038634031 0.00045046681 
1.3 1.4 0.00039783718 0.00036910147 0.00043101424 
1.4 1.5 0.00037828396 0.00035090307 0.00041081817 
1.5 1.6 0.00036168121 0.00033522874 0.00039159968 
1.6 1.7 0.00034009406 0.00031518758 0.00037016164 
1.7 1.8 0.00032166282 0.00029674382 0.00034943218 
1.8 1.9 0.00029695441 0.00027465433 0.0003243364 
1.9 2.0 0.00027432027 0.00025298721 0.00029884841 
2.0 2.1 0.00025176454 0.00023214097 0.00027510937 
2.1 2.2 0.000228967 0.00021085046 0.00025047563 
2.2 2.3 0.0002066501 0.00018969844 0.00022606766 
2.3 2.4 0.00018312168 0.00016815946 0.00020108794 
2.4 2.5 0.00016062847 0.00014688743 0.00017685635 
2.5 2.6 0.0001388705 0.00012711742 0.00015322261 
2.6 2.7 0.00011917228 0.00010851319 0.00013175117 
2.7 2.8 9.9998886e-05 9.1340082e-05 0.00011030437 
2.8 2.9 8.206106e-05 7.4283124e-05 9.1568411e-05 
2.9 3.0 6.6713607e-05 6.0462492e-05 7.4246305e-05 
3.0 3.1 5.2214205e-05 4.6967958e-05 5.8531077e-05 
3.1 3.2 4.0151541e-05 3.6249784e-05 4.4981543e-05 
3.2 3.3 2.998594e-05 2.6869204e-05 3.4083864e-05 
3.3 3.4 2.1596673e-05 1.9267321e-05 2.4380147e-05 
3.4 3.5 1.5034548e-05 1.3324907e-05 1.7122237e-05 
3.5 3.6 1.0015418e-05 8.8314787e-06 1.1475502e-05 
3.6 3.7 6.0454584e-06 5.2941162e-06 7.0365166e-06 
3.7 3.8 3.5927552e-06 3.1355835e-06 4.1925481e-06 
3.8 3.9 1.9234353e-06 1.6558999e-06 2.2316037e-06 
3.9 4.0 9.3958476e-07 8.1572699e-07 1.1199962e-06 
4.0 4.1 4.1622997e-07 3.4899134e-07 4.8688192e-07 
4.1 4.2 1.5135785e-07 1.2384185e-07 1.8056368e-07 
4.2 4.3 4.6915877e-08 3.9558089e-08 5.7417869e-08 
4.3 4.4 9.5120515e-09 8.0529054e-09 1.2235118e-08 
4.4 4.5 1.4379785e-09 1.0333759e-09 1.754524e-09 
4.5 4.6 8.4371647e-11 6.3987638e-11 8.4371647e-11 
4.6 4.7 5.1257941e-12 4.3477532e-13 5.1257941e-12 
4.7 4.8 0.0 0.0 0.0 
4.8 4.9 0.0 0.0 0.0 
4.9 5.0 0.0 0.0 0.0 


# LO ptH_s {ptmin, ptmax, center, min, max}
0.0 30.0 1.0974221e-05 1.0253036e-05 1.1801626e-05 
30.0 60.0 2.0213741e-05 1.8824317e-05 2.1821253e-05 
60.0 90.0 1.5863093e-05 1.4719617e-05 1.7193322e-05 
90.0 120.0 9.5779108e-06 8.8521259e-06 1.0425698e-05 
120.0 150.0 5.3150676e-06 4.8921408e-06 5.8167636e-06 
150.0 180.0 2.9225367e-06 2.6821237e-06 3.2098325e-06 
180.0 210.0 1.6485645e-06 1.5061713e-06 1.8179838e-06 
210.0 240.0 9.594791e-07 8.7487039e-07 1.0620059e-06 
240.0 270.0 5.8272467e-07 5.2871565e-07 6.4653744e-07 
270.0 300.0 3.6613951e-07 3.3183779e-07 4.0913852e-07 


# LO yH_s {ptmin, ptmax, center, min, max}
-5.0 -4.9 0.0 0.0 0.0 
-4.9 -4.8 0.0 0.0 0.0 
-4.8 -4.7 0.0 0.0 1.2177887e-17 
-4.7 -4.6 1.435562e-12 1.435562e-12 2.0636529e-11 
-4.6 -4.5 5.0453761e-10 4.1315069e-10 6.396442e-10 
-4.5 -4.4 8.1854485e-09 5.4053453e-09 1.1693264e-08 
-4.4 -4.3 4.3584952e-08 3.7664613e-08 5.5882637e-08 
-4.3 -4.2 1.7523614e-07 1.4423809e-07 2.2007463e-07 
-4.2 -4.1 5.4203661e-07 4.3927112e-07 6.672609e-07 
-4.1 -4.0 1.2880488e-06 1.1042757e-06 1.5406039e-06 
-4.0 -3.9 2.7071667e-06 2.2951879e-06 3.2672672e-06 
-3.9 -3.8 5.3233375e-06 4.4654988e-06 6.2779642e-06 
-3.8 -3.7 9.1221911e-06 7.7033141e-06 1.0770822e-05 
-3.7 -3.6 1.4158612e-05 1.2722652e-05 1.6537037e-05 
-3.6 -3.5 2.1226764e-05 1.8462021e-05 2.483039e-05 
-3.5 -3.4 3.1179877e-05 2.7442153e-05 3.555818e-05 
-3.4 -3.3 4.2610844e-05 3.7731078e-05 4.8593013e-05 
-3.3 -3.2 5.6023244e-05 4.9694874e-05 6.4030379e-05 
-3.2 -3.1 7.1183837e-05 6.3901319e-05 8.0600879e-05 
-3.1 -3.0 8.9448793e-05 8.0121195e-05 0.00010079901 
-3.0 -2.9 0.00010732109 9.6729165e-05 0.00012101059 
-2.9 -2.8 0.0001285607 0.00011606508 0.00014387075 
-2.8 -2.7 0.00015105901 0.00013659734 0.00016815676 
-2.7 -2.6 0.00017146387 0.00015548442 0.00019106678 
-2.6 -2.5 0.00019579901 0.00017818415 0.000216861 
-2.5 -2.4 0.00021710058 0.00019829519 0.00024001219 
-2.4 -2.3 0.00023893224 0.00021840253 0.00026309922 
-2.3 -2.2 0.00025907216 0.00023757372 0.00028528903 
-2.2 -2.1 0.00027959201 0.00025654853 0.00030735926 
-2.1 -2.0 0.00029906317 0.00027535245 0.00032671294 
-2.0 -1.9 0.00031512087 0.00028988491 0.00034529486 
-1.9 -1.8 0.00033343939 0.00030774419 0.00036288559 
-1.8 -1.7 0.00034674577 0.00032116608 0.00037813839 
-1.7 -1.6 0.00036005944 0.00033266556 0.00039099284 
-1.6 -1.5 0.00037236871 0.00034560016 0.00040427977 
-1.5 -1.4 0.00038321881 0.00035556557 0.00041532516 
-1.4 -1.3 0.00039259919 0.00036515615 0.00042464662 
-1.3 -1.2 0.00040028713 0.00037285128 0.00043186915 
-1.2 -1.1 0.00040772018 0.00037924407 0.00044007457 
-1.1 -1.0 0.00041283542 0.00038511307 0.00044410957 
-1.0 -0.9 0.00041743903 0.00038988721 0.00044950317 
-0.9 -0.8 0.00042162575 0.00039380039 0.00045316577 
-0.8 -0.7 0.00042400924 0.00039715766 0.00045516265 
-0.7 -0.6 0.00042576769 0.00039831683 0.00045655145 
-0.6 -0.5 0.00042910954 0.00040171434 0.00045979605 
-0.5 -0.4 0.00043065723 0.00040402258 0.00046135359 
-0.4 -0.3 0.00043108514 0.00040398561 0.00046063001 
-0.3 -0.2 0.00043184656 0.00040503751 0.00046218341 
-0.2 -0.1 0.00043252817 0.00040584033 0.00046255049 
-0.1 0.0 0.00043292579 0.00040658568 0.000462367 
0.0 0.1 0.00043314565 0.0004066973 0.0004640237 
0.1 0.2 0.00043271647 0.00040547602 0.00046262113 
0.2 0.3 0.00043201413 0.00040531076 0.00046233871 
0.3 0.4 0.00043083475 0.00040376218 0.00046058841 
0.4 0.5 0.00043098274 0.00040389921 0.00046109038 
0.5 0.6 0.0004286173 0.00040131574 0.00045968355 
0.6 0.7 0.00042649162 0.00039915732 0.00045761928 
0.7 0.8 0.00042329776 0.00039674559 0.00045467882 
0.8 0.9 0.00042151882 0.00039376424 0.00045340422 
0.9 1.0 0.00041717157 0.00038969568 0.00044854858 
1.0 1.1 0.00041338503 0.00038510163 0.00044527681 
1.1 1.2 0.00040646077 0.0003788585 0.00043803772 
1.2 1.3 0.00039934879 0.00037147696 0.00043172325 
1.3 1.4 0.00039139815 0.00036375185 0.0004234479 
1.4 1.5 0.00038181273 0.00035482047 0.00041302186 
1.5 1.6 0.00037376892 0.00034628413 0.00040542252 
1.6 1.7 0.00036061124 0.00033418105 0.00039206423 
1.7 1.8 0.00034705651 0.00032067197 0.00037840737 
1.8 1.9 0.00033189576 0.00030671406 0.00036150126 
1.9 2.0 0.00031671677 0.00029159997 0.00034606753 
2.0 2.1 0.00029848857 0.00027415912 0.00032717774 
2.1 2.2 0.00028022683 0.00025821616 0.00030774934 
2.2 2.3 0.00025993893 0.00023781828 0.00028592287 
2.3 2.4 0.00023854229 0.00021786492 0.00026308061 
2.4 2.5 0.0002169227 0.00019822624 0.00023965547 
2.5 2.6 0.00019525937 0.00017767311 0.000216735 
2.6 2.7 0.00017307423 0.00015699224 0.00019224269 
2.7 2.8 0.00014965798 0.00013517343 0.00016692796 
2.8 2.9 0.00012818671 0.00011588095 0.00014360933 
2.9 3.0 0.00010925827 9.8573782e-05 0.00012222516 
3.0 3.1 8.9428773e-05 7.9974452e-05 0.00010126013 
3.1 3.2 7.1339079e-05 6.3892931e-05 8.0532594e-05 
3.2 3.3 5.5880541e-05 4.9691189e-05 6.3811651e-05 
3.3 3.4 4.2795473e-05 3.7790819e-05 4.8888645e-05 
3.4 3.5 3.0823559e-05 2.7076492e-05 3.5283867e-05 
3.5 3.6 2.1473474e-05 1.8954984e-05 2.5056585e-05 
3.6 3.7 1.3966112e-05 1.2145809e-05 1.647513e-05 
3.7 3.8 8.6476709e-06 7.4579494e-06 1.0085472e-05 
3.8 3.9 5.0820926e-06 4.3253218e-06 5.9105007e-06 
3.9 4.0 2.7425841e-06 2.3739207e-06 3.349295e-06 
4.0 4.1 1.3878366e-06 1.1700059e-06 1.6548134e-06 
4.1 4.2 5.3882051e-07 4.3601781e-07 6.7567969e-07 
4.2 4.3 1.8369811e-07 1.5207931e-07 2.399048e-07 
4.3 4.4 5.1827737e-08 4.2005327e-08 6.0265661e-08 
4.4 4.5 6.9611759e-09 5.3406806e-09 8.9726823e-09 
4.5 4.6 4.2071759e-10 3.1720576e-10 5.6839281e-10 
4.6 4.7 1.2499787e-12 1.2499787e-12 5.2313015e-12 
4.7 4.8 0.0 0.0 0.0 
4.8 4.9 0.0 0.0 0.0 
4.9 5.0 0.0 0.0 0.0 


# NLO cross-section {center, min, max}
0.0020649011 0.0020472227 0.0020870772 


# NLO ptHH {ptmin, ptmax, center, min, max}
0.0 30.0 7.1419533e-06 7.0890123e-06 7.2142979e-06 
30.0 60.0 1.5483754e-05 1.5364346e-05 1.5647487e-05 
60.0 90.0 1.5091815e-05 1.4968048e-05 1.5255756e-05 
90.0 120.0 1.1128097e-05 1.1031093e-05 1.1249009e-05 
120.0 150.0 7.2693805e-06 7.2015686e-06 7.3495201e-06 
150.0 180.0 4.515979e-06 4.4733215e-06 4.5663552e-06 
180.0 210.0 2.7999905e-06 2.773433e-06 2.8280604e-06 
210.0 240.0 1.7558428e-06 1.7359823e-06 1.7773068e-06 
240.0 270.0 1.1165559e-06 1.1048321e-06 1.1279141e-06 
270.0 300.0 7.3734738e-07 7.3047668e-07 7.4518949e-07 


# NLO yHH {ptmin, ptmax, center, min, max}
-5.0 -4.9 0.0 0.0 0.0 
-4.9 -4.8 0.0 0.0 0.0 
-4.8 -4.7 0.0 0.0 0.0 
-4.7 -4.6 0.0 0.0 0.0 
-4.6 -4.5 0.0 0.0 0.0 
-4.5 -4.4 0.0 0.0 0.0 
-4.4 -4.3 0.0 0.0 0.0 
-4.3 -4.2 0.0 0.0 0.0 
-4.2 -4.1 0.0 0.0 0.0 
-4.1 -4.0 0.0 0.0 2.187575e-19 
-4.0 -3.9 1.4407026e-13 1.1401504e-13 6.1218755e-13 
-3.9 -3.8 5.6147312e-11 3.4374717e-11 5.9656204e-11 
-3.8 -3.7 7.9609425e-10 7.3705127e-10 9.1525447e-10 
-3.7 -3.6 4.9950576e-09 4.6059451e-09 5.7910611e-09 
-3.6 -3.5 2.503185e-08 2.2508401e-08 2.5408316e-08 
-3.5 -3.4 8.2555155e-08 7.6429055e-08 8.7299877e-08 
-3.4 -3.3 2.1891536e-07 2.1035958e-07 2.3024096e-07 
-3.3 -3.2 5.5694113e-07 5.1592248e-07 5.7530849e-07 
-3.2 -3.1 1.1986584e-06 1.1664578e-06 1.2352288e-06 
-3.1 -3.0 2.2551047e-06 2.1328804e-06 2.3054764e-06 
-3.0 -2.9 4.0871234e-06 3.9666839e-06 4.1882032e-06 
-2.9 -2.8 7.0142341e-06 6.7499413e-06 7.16014e-06 
-2.8 -2.7 1.1080323e-05 1.0728626e-05 1.1250273e-05 
-2.7 -2.6 1.713233e-05 1.6592528e-05 1.7354417e-05 
-2.6 -2.5 2.5242807e-05 2.4608486e-05 2.5532698e-05 
-2.5 -2.4 3.5423027e-05 3.4627415e-05 3.5889144e-05 
-2.4 -2.3 4.8853077e-05 4.7730206e-05 4.9395481e-05 
-2.3 -2.2 6.4357854e-05 6.302309e-05 6.5090239e-05 
-2.2 -2.1 8.4965541e-05 8.3371415e-05 8.585748e-05 
-2.1 -2.0 0.00010804129 0.00010631358 0.00010935421 
-2.0 -1.9 0.00013451331 0.0001324188 0.00013588262 
-1.9 -1.8 0.00016485549 0.00016245137 0.00016646323 
-1.8 -1.7 0.00019952278 0.00019660149 0.00020165321 
-1.7 -1.6 0.0002339937 0.00023127795 0.00023631077 
-1.6 -1.5 0.00027488281 0.00027175812 0.00027784783 
-1.5 -1.4 0.00031580524 0.00031243637 0.00031893552 
-1.4 -1.3 0.00036047172 0.00035666447 0.00036411425 
-1.3 -1.2 0.00040447009 0.00040072006 0.00040889338 
-1.2 -1.1 0.00044964483 0.00044570355 0.00045457616 
-1.1 -1.0 0.0004956055 0.00049117376 0.00050058777 
-1.0 -0.9 0.00053881015 0.00053479059 0.00054434335 
-0.9 -0.8 0.0005824947 0.0005781517 0.00058884498 
-0.8 -0.7 0.00062179907 0.00061690853 0.00062862639 
-0.7 -0.6 0.00065948804 0.00065470645 0.00066658612 
-0.6 -0.5 0.00069239721 0.00068772903 0.00070005161 
-0.5 -0.4 0.00072063084 0.00071606169 0.0007281278 
-0.4 -0.3 0.00074629197 0.00074144023 0.00075469461 
-0.3 -0.2 0.00076396085 0.00075893103 0.00077226405 
-0.2 -0.1 0.00077509535 0.00077006912 0.00078336998 
-0.1 0.0 0.00077856402 0.00077358092 0.00078726966 
0.0 0.1 0.00078014343 0.00077512461 0.00078863544 
0.1 0.2 0.00077530008 0.00077044713 0.0007837262 
0.2 0.3 0.00076430378 0.00075928123 0.00077261817 
0.3 0.4 0.0007436532 0.00073884059 0.00075157728 
0.4 0.5 0.00072154177 0.00071672733 0.00072952133 
0.5 0.6 0.0006924513 0.00068762328 0.00069982615 
0.6 0.7 0.00065831066 0.0006537131 0.00066552637 
0.7 0.8 0.00062161799 0.00061733037 0.00062826243 
0.8 0.9 0.00058214634 0.00057725386 0.00058838758 
0.9 1.0 0.00053845778 0.0005341878 0.00054412764 
1.0 1.1 0.0004957046 0.00049168759 0.0005009465 
1.1 1.2 0.00045148314 0.00044745461 0.00045614069 
1.2 1.3 0.00040534785 0.00040134221 0.00040953968 
1.3 1.4 0.00035925793 0.00035600951 0.00036297924 
1.4 1.5 0.00031647662 0.00031294058 0.00031987912 
1.5 1.6 0.0002746325 0.000271352 0.00027738388 
1.6 1.7 0.00023584573 0.00023307803 0.0002382915 
1.7 1.8 0.00019869598 0.00019580099 0.00020085853 
1.8 1.9 0.00016453511 0.00016223042 0.00016614185 
1.9 2.0 0.00013500137 0.00013291013 0.0001364475 
2.0 2.1 0.00010801814 0.00010591845 0.00010910101 
2.1 2.2 8.4488299e-05 8.3211988e-05 8.5465932e-05 
2.2 2.3 6.4662198e-05 6.3364217e-05 6.537181e-05 
2.3 2.4 4.867531e-05 4.7547022e-05 4.9209312e-05 
2.4 2.5 3.5721895e-05 3.4769603e-05 3.6154443e-05 
2.5 2.6 2.4861202e-05 2.4283844e-05 2.5198117e-05 
2.6 2.7 1.7055516e-05 1.6548144e-05 1.7308847e-05 
2.7 2.8 1.1241479e-05 1.0877018e-05 1.1456375e-05 
2.8 2.9 6.966958e-06 6.7603459e-06 7.101693e-06 
2.9 3.0 4.2150011e-06 4.0207099e-06 4.3299194e-06 
3.0 3.1 2.2674717e-06 2.1935578e-06 2.3081863e-06 
3.1 3.2 1.1697986e-06 1.1153534e-06 1.2165167e-06 
3.2 3.3 5.5791355e-07 5.2686507e-07 5.7725759e-07 
3.3 3.4 2.4469499e-07 2.264589e-07 2.5226461e-07 
3.4 3.5 8.8601952e-08 8.1887467e-08 9.1576614e-08 
3.5 3.6 2.4713303e-08 2.2299292e-08 2.6210883e-08 
3.6 3.7 5.8017682e-09 5.5940384e-09 6.3691808e-09 
3.7 3.8 8.7253838e-10 8.2651263e-10 1.0531371e-09 
3.8 3.9 4.683828e-11 4.0254313e-11 6.6938478e-11 
3.9 4.0 2.5610611e-13 1.0752442e-13 3.0316438e-13 
4.0 4.1 0.0 0.0 2.5671644e-19 
4.1 4.2 0.0 0.0 0.0 
4.2 4.3 0.0 0.0 0.0 
4.3 4.4 0.0 0.0 0.0 
4.4 4.5 0.0 0.0 0.0 
4.5 4.6 0.0 0.0 0.0 
4.6 4.7 0.0 0.0 0.0 
4.7 4.8 0.0 0.0 0.0 
4.8 4.9 0.0 0.0 0.0 
4.9 5.0 0.0 0.0 0.0 


# NLO mHH {ptmin, ptmax, center, min, max}
0.0 200.0 0.0 0.0 0.0 
200.0 400.0 3.2554892e-06 3.2452551e-06 3.2775963e-06 
400.0 600.0 3.650539e-06 3.6242813e-06 3.6880159e-06 
600.0 800.0 1.7238965e-06 1.7031991e-06 1.7462047e-06 
800.0 1000.0 8.0675498e-07 7.9441107e-07 8.1899474e-07 
1000.0 1200.0 3.9907786e-07 3.9137848e-07 4.0578821e-07 
1200.0 1400.0 2.0936079e-07 2.0490499e-07 2.1319607e-07 
1400.0 1600.0 1.1494754e-07 1.1193644e-07 1.1725568e-07 
1600.0 1800.0 6.5418027e-08 6.3514753e-08 6.6772911e-08 
1800.0 2000.0 3.8213221e-08 3.6954647e-08 3.8977058e-08 


# NLO phiHH {ptmin, ptmax, center, min, max}
0.0 0.31415927 0.0002708791 0.00026874954 0.00027354621 
0.31415927 0.62831853 0.0002795749 0.00027740467 0.00028241113 
0.62831853 0.9424778 0.00030027721 0.0002978257 0.00030328047 
0.9424778 1.2566371 0.00034011887 0.00033741797 0.00034354747 
1.2566371 1.5707963 0.00040329554 0.00040015179 0.00040740832 
1.5707963 1.8849556 0.00050362337 0.00049946553 0.00050885364 
1.8849556 2.1991149 0.0006587773 0.00065356628 0.00066554235 
2.1991149 2.5132741 0.00089756143 0.00089010881 0.00090713723 
2.5132741 2.8274334 0.0012515067 0.0012406138 0.0012651524 
2.8274334 3.1415927 0.0016671701 0.0016512081 0.0016864939 


# NLO ptH_h {ptmin, ptmax, center, min, max}
0.0 30.0 9.2070631e-07 9.1579056e-07 9.2862841e-07 
30.0 60.0 7.5375898e-06 7.4916636e-06 7.6082741e-06 
60.0 90.0 1.3782768e-05 1.3688142e-05 1.3919961e-05 
90.0 120.0 1.3997053e-05 1.3887179e-05 1.414314e-05 
120.0 150.0 1.0937345e-05 1.0843476e-05 1.1056699e-05 
150.0 180.0 7.5168768e-06 7.4442791e-06 7.6011081e-06 
180.0 210.0 4.8814178e-06 4.8310505e-06 4.9387054e-06 
210.0 240.0 3.1096395e-06 3.0735901e-06 3.1469322e-06 
240.0 270.0 1.9805728e-06 1.9585947e-06 2.004848e-06 
270.0 300.0 1.2767097e-06 1.2605018e-06 1.2931409e-06 


# NLO yH_h {ptmin, ptmax, center, min, max}
-5.0 -4.9 0.0 0.0 0.0 
-4.9 -4.8 0.0 0.0 0.0 
-4.8 -4.7 0.0 0.0 0.0 
-4.7 -4.6 5.9217837e-13 1.6349851e-13 8.3445773e-13 
-4.6 -4.5 1.4177202e-10 8.8675038e-11 1.9418966e-10 
-4.5 -4.4 2.2736777e-09 2.0031977e-09 2.4042444e-09 
-4.4 -4.3 1.6965272e-08 1.5492211e-08 1.7658012e-08 
-4.3 -4.2 6.3075969e-08 5.6058547e-08 6.5982084e-08 
-4.2 -4.1 1.8888786e-07 1.7808562e-07 2.0481735e-07 
-4.1 -4.0 4.9204113e-07 4.6110456e-07 5.0988507e-07 
-4.0 -3.9 1.1012628e-06 1.0395671e-06 1.1658093e-06 
-3.9 -3.8 2.2259894e-06 2.1161871e-06 2.2856682e-06 
-3.8 -3.7 4.1131325e-06 3.9191741e-06 4.2449857e-06 
-3.7 -3.6 6.9550711e-06 6.6572418e-06 7.1269368e-06 
-3.6 -3.5 1.0694899e-05 1.0329343e-05 1.1014182e-05 
-3.5 -3.4 1.6342713e-05 1.5715351e-05 1.6624159e-05 
-3.4 -3.3 2.3348029e-05 2.2705807e-05 2.378416e-05 
-3.3 -3.2 3.1911055e-05 3.0970238e-05 3.2488104e-05 
-3.2 -3.1 4.3015167e-05 4.1960752e-05 4.3785499e-05 
-3.1 -3.0 5.5234002e-05 5.396402e-05 5.595424e-05 
-3.0 -2.9 6.9336669e-05 6.7984628e-05 7.0479409e-05 
-2.9 -2.8 8.5948338e-05 8.4246148e-05 8.702949e-05 
-2.8 -2.7 0.00010341864 0.00010172541 0.00010466702 
-2.7 -2.6 0.00012209201 0.00012023922 0.00012362328 
-2.6 -2.5 0.0001419933 0.0001398989 0.00014364037 
-2.5 -2.4 0.00016261077 0.00016042273 0.00016456534 
-2.4 -2.3 0.0001851255 0.00018275419 0.00018718049 
-2.3 -2.2 0.00020735859 0.00020505161 0.00020970944 
-2.2 -2.1 0.00022984005 0.00022733054 0.00023242526 
-2.1 -2.0 0.00025240041 0.0002497923 0.00025505786 
-2.0 -1.9 0.00027336394 0.00027078484 0.00027648563 
-1.9 -1.8 0.00029599886 0.00029314273 0.00029910865 
-1.8 -1.7 0.00031682979 0.00031413389 0.00032007154 
-1.7 -1.6 0.00033731719 0.00033440407 0.00034113381 
-1.6 -1.5 0.00035698007 0.00035405861 0.00036065619 
-1.5 -1.4 0.00037737499 0.0003745173 0.00038123433 
-1.4 -1.3 0.00039457692 0.00039173014 0.00039866864 
-1.3 -1.2 0.00041206732 0.00040878614 0.00041632982 
-1.2 -1.1 0.00042647396 0.00042318262 0.00043081987 
-1.1 -1.0 0.00044139841 0.0004386596 0.00044598127 
-1.0 -0.9 0.00045508869 0.00045172822 0.00045972563 
-0.9 -0.8 0.00046720277 0.000463972 0.00047243057 
-0.8 -0.7 0.00047662839 0.00047349373 0.00048136791 
-0.7 -0.6 0.00048743201 0.00048424466 0.00049227699 
-0.6 -0.5 0.00049519774 0.00049180866 0.00050026049 
-0.5 -0.4 0.00050203056 0.00049868406 0.00050739638 
-0.4 -0.3 0.00050888773 0.00050564892 0.00051408379 
-0.3 -0.2 0.00051260485 0.00050935835 0.00051783917 
-0.2 -0.1 0.00051444331 0.00051110552 0.00051981495 
-0.1 0.0 0.00051543429 0.00051178675 0.00052068294 
0.0 0.1 0.0005169274 0.00051372443 0.00052212368 
0.1 0.2 0.00051460843 0.00051115831 0.00051986121 
0.2 0.3 0.00051112369 0.00050785162 0.00051607893 
0.3 0.4 0.00050741796 0.00050380944 0.00051310696 
0.4 0.5 0.0005025655 0.00049962676 0.00050755448 
0.5 0.6 0.0004956946 0.00049213199 0.00050079466 
0.6 0.7 0.00048603784 0.00048300806 0.00049089553 
0.7 0.8 0.0004766096 0.00047317745 0.00048190135 
0.8 0.9 0.00046846584 0.00046510188 0.00047324968 
0.9 1.0 0.00045340553 0.00045040348 0.00045807386 
1.0 1.1 0.0004426234 0.00043953137 0.00044692403 
1.1 1.2 0.00042805158 0.00042489773 0.00043271256 
1.2 1.3 0.00041124566 0.00040829104 0.00041557708 
1.3 1.4 0.00039346008 0.00039042239 0.00039754528 
1.4 1.5 0.00037534969 0.00037222101 0.00037917535 
1.5 1.6 0.00035827203 0.0003555591 0.00036207788 
1.6 1.7 0.00033807504 0.00033527685 0.00034155696 
1.7 1.8 0.00031967273 0.00031675139 0.00032287824 
1.8 1.9 0.00029689089 0.00029397819 0.00030017837 
1.9 2.0 0.00027383998 0.00027147234 0.00027694123 
2.0 2.1 0.00025246533 0.00024975018 0.00025517181 
2.1 2.2 0.00022971002 0.00022740636 0.00023230734 
2.2 2.3 0.00020816438 0.00020568834 0.00021055515 
2.3 2.4 0.00018530627 0.00018294128 0.00018727823 
2.4 2.5 0.0001632302 0.00016093348 0.00016511091 
2.5 2.6 0.00014162311 0.00013969711 0.00014351101 
2.6 2.7 0.00012225738 0.00012017461 0.00012375677 
2.7 2.8 0.0001025772 0.00010079572 0.00010395951 
2.8 2.9 8.5539936e-05 8.3847789e-05 8.6736231e-05 
2.9 3.0 6.9348075e-05 6.8107562e-05 7.0380992e-05 
3.0 3.1 5.5087155e-05 5.3773798e-05 5.5868521e-05 
3.1 3.2 4.2508642e-05 4.145075e-05 4.3181331e-05 
3.2 3.3 3.2063906e-05 3.1258256e-05 3.26759e-05 
3.3 3.4 2.3223119e-05 2.2512465e-05 2.3641306e-05 
3.4 3.5 1.647671e-05 1.5896068e-05 1.6809862e-05 
3.5 3.6 1.0968922e-05 1.0587168e-05 1.1232985e-05 
3.6 3.7 6.8093498e-06 6.5046005e-06 7.0061171e-06 
3.7 3.8 4.0647625e-06 3.8847553e-06 4.1178822e-06 
3.8 3.9 2.2203602e-06 2.1071531e-06 2.3558221e-06 
3.9 4.0 1.1221243e-06 1.0517512e-06 1.1627603e-06 
4.0 4.1 4.9242557e-07 4.5923712e-07 5.1392066e-07 
4.1 4.2 1.8035328e-07 1.6900084e-07 1.9706539e-07 
4.2 4.3 5.835646e-08 5.3575224e-08 6.2914805e-08 
4.3 4.4 1.293094e-08 1.2082276e-08 1.4019826e-08 
4.4 4.5 2.0272626e-09 1.6916223e-09 2.2678626e-09 
4.5 4.6 1.0620901e-10 7.1857284e-11 1.2967336e-10 
4.6 4.7 1.8438048e-12 9.5529112e-13 3.2047252e-12 
4.7 4.8 0.0 0.0 0.0 
4.8 4.9 0.0 0.0 0.0 
4.9 5.0 0.0 0.0 0.0 


# NLO ptH_s {ptmin, ptmax, center, min, max}
0.0 30.0 1.0860575e-05 1.0783316e-05 1.0968768e-05 
30.0 60.0 2.0026651e-05 1.9874686e-05 2.0230817e-05 
60.0 90.0 1.5743436e-05 1.5612537e-05 1.5910999e-05 
90.0 120.0 9.523992e-06 9.4388017e-06 9.6281133e-06 
120.0 150.0 5.301385e-06 5.2480734e-06 5.3631325e-06 
150.0 180.0 2.9202469e-06 2.8885442e-06 2.9546917e-06 
180.0 210.0 1.6501603e-06 1.6311981e-06 1.6704373e-06 
210.0 240.0 9.633316e-07 9.5134366e-07 9.7593645e-07 
240.0 270.0 5.8503136e-07 5.7802217e-07 5.929446e-07 
270.0 300.0 3.6947957e-07 3.6391276e-07 3.7406197e-07 


# NLO yH_s {ptmin, ptmax, center, min, max}
-5.0 -4.9 0.0 0.0 0.0 
-4.9 -4.8 0.0 0.0 0.0 
-4.8 -4.7 0.0 0.0 1.1635843e-17 
-4.7 -4.6 3.414035e-11 7.313844e-12 3.705178e-11 
-4.6 -4.5 6.9116337e-10 6.7589838e-10 8.5856174e-10 
-4.5 -4.4 1.1896117e-08 9.7577287e-09 1.4111369e-08 
-4.4 -4.3 5.8604376e-08 5.2758959e-08 6.3747649e-08 
-4.3 -4.2 2.2928165e-07 2.1032765e-07 2.4906414e-07 
-4.2 -4.1 6.5408583e-07 6.068209e-07 7.0061634e-07 
-4.1 -4.0 1.5379894e-06 1.4432097e-06 1.6114681e-06 
-4.0 -3.9 3.2283673e-06 3.0172344e-06 3.4126704e-06 
-3.9 -3.8 5.9155881e-06 5.7134946e-06 6.118302e-06 
-3.8 -3.7 1.0275265e-05 9.7685285e-06 1.0561309e-05 
-3.7 -3.6 1.5806351e-05 1.4991049e-05 1.6140536e-05 
-3.6 -3.5 2.352964e-05 2.2646135e-05 2.4207469e-05 
-3.5 -3.4 3.3403628e-05 3.2538357e-05 3.4228826e-05 
-3.4 -3.3 4.5484423e-05 4.3953223e-05 4.6418131e-05 
-3.3 -3.2 5.9708361e-05 5.7957687e-05 6.0847636e-05 
-3.2 -3.1 7.5201971e-05 7.3114907e-05 7.6589211e-05 
-3.1 -3.0 9.3068069e-05 9.1065882e-05 9.443525e-05 
-3.0 -2.9 0.00011176162 0.00010945515 0.00011353425 
-2.9 -2.8 0.0001327209 0.00013027249 0.00013505939 
-2.8 -2.7 0.00015454014 0.00015148382 0.00015658167 
-2.7 -2.6 0.00017564541 0.00017272845 0.00017768464 
-2.6 -2.5 0.00019815567 0.00019520123 0.00020108194 
-2.5 -2.4 0.00021958309 0.0002165889 0.00022232127 
-2.4 -2.3 0.00023957617 0.00023665366 0.00024273607 
-2.3 -2.2 0.0002604828 0.00025736648 0.00026351086 
-2.2 -2.1 0.00027997352 0.00027672908 0.00028340192 
-2.1 -2.0 0.00029752479 0.0002947537 0.00030063346 
-2.0 -1.9 0.00031457437 0.00031137799 0.0003185139 
-1.9 -1.8 0.00033054305 0.00032786605 0.00033386951 
-1.8 -1.7 0.00034375541 0.00034053571 0.00034768732 
-1.7 -1.6 0.00035632508 0.00035357726 0.00036022426 
-1.6 -1.5 0.00036827455 0.00036579076 0.00037192105 
-1.5 -1.4 0.00037859552 0.0003756307 0.00038247195 
-1.4 -1.3 0.00038709935 0.00038445415 0.00039127591 
-1.3 -1.2 0.00039426505 0.00039192769 0.00039810239 
-1.2 -1.1 0.00040181702 0.00039908376 0.00040568829 
-1.1 -1.0 0.00040590349 0.00040361473 0.00040981137 
-1.0 -0.9 0.00041101066 0.00040863216 0.00041517627 
-0.9 -0.8 0.0004145073 0.00041248448 0.00041843603 
-0.8 -0.7 0.00041715632 0.00041502957 0.00042103319 
-0.7 -0.6 0.00041861471 0.00041636775 0.00042256546 
-0.6 -0.5 0.00042204081 0.00041979666 0.00042560398 
-0.5 -0.4 0.00042308932 0.00042100894 0.0004270839 
-0.4 -0.3 0.00042385768 0.00042166751 0.000427637 
-0.3 -0.2 0.00042463205 0.000422679 0.00042854943 
-0.2 -0.1 0.00042553343 0.00042330659 0.00042940673 
-0.1 0.0 0.00042529014 0.00042348253 0.00042898516 
0.0 0.1 0.00042624821 0.00042389757 0.00042993742 
0.1 0.2 0.00042508244 0.00042306976 0.00042885068 
0.2 0.3 0.0004251211 0.00042294287 0.00042906721 
0.3 0.4 0.00042339486 0.00042156547 0.00042688128 
0.4 0.5 0.00042349579 0.0004214419 0.00042751907 
0.5 0.6 0.0004218547 0.00041954951 0.00042547941 
0.6 0.7 0.00041892482 0.00041702355 0.00042295973 
0.7 0.8 0.00041695635 0.00041460387 0.00042079687 
0.8 0.9 0.00041468023 0.00041250379 0.00041877503 
0.9 1.0 0.00041041922 0.00040776058 0.00041429973 
1.0 1.1 0.00040687242 0.00040468592 0.00041074922 
1.1 1.2 0.0004003063 0.00039782947 0.00040431784 
1.2 1.3 0.00039376047 0.00039136141 0.00039749743 
1.3 1.4 0.00038581719 0.00038345315 0.00038980294 
1.4 1.5 0.00037686761 0.00037397759 0.00038095004 
1.5 1.6 0.00036883482 0.00036632139 0.00037266241 
1.6 1.7 0.00035702651 0.00035427661 0.00036102498 
1.7 1.8 0.00034457616 0.00034146292 0.00034807779 
1.8 1.9 0.0003292106 0.00032622239 0.00033287092 
1.9 2.0 0.00031515128 0.00031197302 0.00031869851 
2.0 2.1 0.00029790863 0.00029501024 0.00030129623 
2.1 2.2 0.00028027763 0.00027724778 0.00028353383 
2.2 2.3 0.00026085033 0.00025751639 0.000263786 
2.3 2.4 0.00024063234 0.00023748253 0.00024379838 
2.4 2.5 0.00021872137 0.0002160136 0.00022160679 
2.5 2.6 0.000198442 0.00019523112 0.00020086895 
2.6 2.7 0.00017601847 0.00017367688 0.00017861238 
2.7 2.8 0.00015366141 0.00015051585 0.00015565972 
2.8 2.9 0.00013239114 0.00012980016 0.00013448353 
2.9 3.0 0.00011265849 0.00011028426 0.00011439361 
3.0 3.1 9.3323371e-05 9.1475775e-05 9.4963964e-05 
3.1 3.2 7.5351248e-05 7.3248573e-05 7.6668066e-05 
3.2 3.3 5.9619131e-05 5.7920131e-05 6.0716681e-05 
3.3 3.4 4.5558427e-05 4.4062363e-05 4.6504767e-05 
3.4 3.5 3.3359633e-05 3.2205861e-05 3.415726e-05 
3.5 3.6 2.3673646e-05 2.2833171e-05 2.4189732e-05 
3.6 3.7 1.5844019e-05 1.512313e-05 1.6274973e-05 
3.7 3.8 9.6763172e-06 9.2055892e-06 1.0090023e-05 
3.8 3.9 5.6396258e-06 5.3786999e-06 5.7992204e-06 
3.9 4.0 3.2148883e-06 2.9876452e-06 3.332983e-06 
4.0 4.1 1.6069881e-06 1.5201637e-06 1.7018922e-06 
4.1 4.2 7.0982796e-07 6.4842721e-07 7.4232416e-07 
4.2 4.3 2.321397e-07 2.0943939e-07 2.4924219e-07 
4.3 4.4 6.6108443e-08 6.0908581e-08 7.3976118e-08 
4.4 4.5 8.7774396e-09 7.833269e-09 1.0178206e-08 
4.5 4.6 6.96805e-10 5.3137473e-10 7.5440519e-10 
4.6 4.7 1.1780563e-11 5.6633778e-12 1.6603503e-11 
4.7 4.8 0.0 0.0 0.0 
4.8 4.9 0.0 0.0 0.0 
4.9 5.0 0.0 0.0 0.0 


# NNLO cross-section {center, min, max}
0.002055526 0.0020506461 0.0020577467 


# NNLO ptHH {ptmin, ptmax, center, min, max}
0.0 30.0 7.1032936e-06 7.0779342e-06 7.1137756e-06 
30.0 60.0 1.5404461e-05 1.53602e-05 1.5424556e-05 
60.0 90.0 1.5020233e-05 1.4984668e-05 1.5038002e-05 
90.0 120.0 1.1078674e-05 1.1055329e-05 1.1091859e-05 
120.0 150.0 7.2399951e-06 7.2264415e-06 7.2487692e-06 
150.0 180.0 4.4993025e-06 4.4913707e-06 4.5040361e-06 
180.0 210.0 2.788503e-06 2.7845514e-06 2.7911862e-06 
210.0 240.0 1.7506969e-06 1.7473393e-06 1.7527679e-06 
240.0 270.0 1.1124997e-06 1.1114463e-06 1.1136193e-06 
270.0 300.0 7.3513606e-07 7.3369254e-07 7.3543354e-07 


# NNLO yHH {ptmin, ptmax, center, min, max}
-5.0 -4.9 0.0 0.0 0.0 
-4.9 -4.8 0.0 0.0 0.0 
-4.8 -4.7 0.0 0.0 0.0 
-4.7 -4.6 0.0 0.0 0.0 
-4.6 -4.5 0.0 0.0 0.0 
-4.5 -4.4 0.0 0.0 0.0 
-4.4 -4.3 0.0 0.0 0.0 
-4.3 -4.2 0.0 0.0 0.0 
-4.2 -4.1 0.0 0.0 0.0 
-4.1 -4.0 0.0 0.0 0.0 
-4.0 -3.9 7.6702729e-13 1.802609e-13 8.4320253e-13 
-3.9 -3.8 5.7866525e-11 5.4596009e-11 6.4867874e-11 
-3.8 -3.7 9.0744827e-10 7.9881901e-10 9.3682364e-10 
-3.7 -3.6 5.7755279e-09 5.1157733e-09 5.8850087e-09 
-3.6 -3.5 2.5498019e-08 2.4931794e-08 2.6025632e-08 
-3.5 -3.4 8.5546216e-08 8.2825289e-08 8.7904244e-08 
-3.4 -3.3 2.2925686e-07 2.2189836e-07 2.3057843e-07 
-3.3 -3.2 5.7217041e-07 5.6128407e-07 5.7887595e-07 
-3.2 -3.1 1.2180524e-06 1.1969821e-06 1.2288716e-06 
-3.1 -3.0 2.280851e-06 2.2499594e-06 2.2997584e-06 
-3.0 -2.9 4.1577023e-06 4.0927144e-06 4.1666454e-06 
-2.9 -2.8 7.0933193e-06 7.0097295e-06 7.1210001e-06 
-2.8 -2.7 1.1141366e-05 1.1039407e-05 1.1177311e-05 
-2.7 -2.6 1.7211559e-05 1.7060444e-05 1.7237237e-05 
-2.6 -2.5 2.5296969e-05 2.5161714e-05 2.5325033e-05 
-2.5 -2.4 3.5545148e-05 3.5303284e-05 3.5606678e-05 
-2.4 -2.3 4.883907e-05 4.858264e-05 4.8878265e-05 
-2.3 -2.2 6.4340815e-05 6.4130059e-05 6.4439677e-05 
-2.2 -2.1 8.479273e-05 8.4533018e-05 8.4931555e-05 
-2.1 -2.0 0.00010811473 0.00010766757 0.00010820127 
-2.0 -1.9 0.00013407866 0.00013366873 0.00013416984 
-1.9 -1.8 0.00016415531 0.0001637431 0.00016431275 
-1.8 -1.7 0.00019885854 0.0001983567 0.00019905623 
-1.7 -1.6 0.00023315324 0.00023250955 0.0002332746 
-1.6 -1.5 0.0002737185 0.00027318854 0.00027404837 
-1.5 -1.4 0.00031461943 0.00031392377 0.00031487733 
-1.4 -1.3 0.00035893594 0.00035789263 0.00035938804 
-1.3 -1.2 0.00040249434 0.00040150841 0.00040287744 
-1.2 -1.1 0.00044775374 0.00044666175 0.00044829504 
-1.1 -1.0 0.00049293748 0.00049168296 0.00049364168 
-1.0 -0.9 0.00053613848 0.00053486442 0.00053666592 
-0.9 -0.8 0.00057991696 0.00057841855 0.00058054606 
-0.8 -0.7 0.00061875218 0.00061726688 0.00061965497 
-0.7 -0.6 0.00065607468 0.00065450041 0.00065681837 
-0.6 -0.5 0.00068905087 0.00068745222 0.00068984504 
-0.5 -0.4 0.00071691367 0.00071528993 0.00071794641 
-0.4 -0.3 0.00074271445 0.00074088647 0.00074362628 
-0.3 -0.2 0.00076020879 0.0007583839 0.00076109599 
-0.2 -0.1 0.00077087541 0.00076903646 0.00077201913 
-0.1 0.0 0.00077493527 0.00077318062 0.00077586304 
0.0 0.1 0.00077602916 0.00077412177 0.00077713598 
0.1 0.2 0.0007714567 0.00076967569 0.00077242917 
0.2 0.3 0.00076024944 0.00075855712 0.00076127721 
0.3 0.4 0.00073969404 0.00073790402 0.00074074352 
0.4 0.5 0.00071831076 0.00071662945 0.00071927067 
0.5 0.6 0.00068886109 0.00068713643 0.00068987911 
0.6 0.7 0.00065488863 0.00065342292 0.00065579325 
0.7 0.8 0.00061885774 0.00061733543 0.00061946069 
0.8 0.9 0.00057929086 0.00057775596 0.00057994974 
0.9 1.0 0.00053579364 0.00053466121 0.00053650206 
1.0 1.1 0.0004933136 0.00049190871 0.00049383999 
1.1 1.2 0.00044928578 0.0004481481 0.00044967261 
1.2 1.3 0.00040348837 0.00040265581 0.00040392783 
1.3 1.4 0.00035766665 0.00035667328 0.00035810245 
1.4 1.5 0.00031529611 0.00031454252 0.00031551559 
1.5 1.6 0.00027343168 0.00027264498 0.0002737177 
1.6 1.7 0.00023489466 0.00023439865 0.00023520597 
1.7 1.8 0.00019812353 0.00019761066 0.00019819316 
1.8 1.9 0.00016389186 0.00016346636 0.00016404111 
1.9 2.0 0.00013476841 0.00013437682 0.00013490798 
2.0 2.1 0.00010777978 0.00010750414 0.00010787879 
2.1 2.2 8.4487309e-05 8.4151495e-05 8.4586067e-05 
2.2 2.3 6.4526923e-05 6.4270911e-05 6.4583391e-05 
2.3 2.4 4.8674107e-05 4.8448058e-05 4.8777484e-05 
2.4 2.5 3.583046e-05 3.5579005e-05 3.5856049e-05 
2.5 2.6 2.4929666e-05 2.479083e-05 2.4987834e-05 
2.6 2.7 1.7120772e-05 1.6981789e-05 1.7160673e-05 
2.7 2.8 1.132528e-05 1.1232673e-05 1.135801e-05 
2.8 2.9 7.0415826e-06 6.94823e-06 7.0606332e-06 
2.9 3.0 4.2790681e-06 4.2167447e-06 4.2933963e-06 
3.0 3.1 2.2860641e-06 2.2613166e-06 2.3038832e-06 
3.1 3.2 1.2003345e-06 1.1694393e-06 1.2116971e-06 
3.2 3.3 5.7523465e-07 5.6128578e-07 5.7677247e-07 
3.3 3.4 2.5004841e-07 2.4558271e-07 2.5312779e-07 
3.4 3.5 8.9466756e-08 8.7455363e-08 9.0790861e-08 
3.5 3.6 2.6336602e-08 2.5281052e-08 2.7151167e-08 
3.6 3.7 6.2120491e-09 5.7907868e-09 6.5301728e-09 
3.7 3.8 9.8991311e-10 9.1874887e-10 1.0602979e-09 
3.8 3.9 6.4486061e-11 6.0160883e-11 6.7683299e-11 
3.9 4.0 1.9422826e-13 8.7178979e-14 3.3106577e-13 
4.0 4.1 0.0 0.0 0.0 
4.1 4.2 0.0 0.0 0.0 
4.2 4.3 0.0 0.0 0.0 
4.3 4.4 0.0 0.0 0.0 
4.4 4.5 0.0 0.0 0.0 
4.5 4.6 0.0 0.0 0.0 
4.6 4.7 0.0 0.0 0.0 
4.7 4.8 0.0 0.0 0.0 
4.8 4.9 0.0 0.0 0.0 
4.9 5.0 0.0 0.0 0.0 


# NNLO mHH {ptmin, ptmax, center, min, max}
0.0 200.0 0.0 0.0 0.0 
200.0 400.0 3.2323898e-06 3.2236885e-06 3.238116e-06 
400.0 600.0 3.6327425e-06 3.6240783e-06 3.636888e-06 
600.0 800.0 1.7184187e-06 1.714652e-06 1.720719e-06 
800.0 1000.0 8.0541734e-07 8.0381636e-07 8.0674407e-07 
1000.0 1200.0 3.9879535e-07 3.9783267e-07 3.9949547e-07 
1200.0 1400.0 2.0944806e-07 2.087243e-07 2.0984077e-07 
1400.0 1600.0 1.1524533e-07 1.1469408e-07 1.1544034e-07 
1600.0 1800.0 6.5506096e-08 6.5238289e-08 6.567934e-08 
1800.0 2000.0 3.8229647e-08 3.8077207e-08 3.8292301e-08 


# NNLO phiHH {ptmin, ptmax, center, min, max}
0.0 0.31415927 0.00026961597 0.00026915401 0.00026989017 
0.31415927 0.62831853 0.00027834414 0.00027774666 0.00027860585 
0.62831853 0.9424778 0.00029889474 0.00029831901 0.00029918313 
0.9424778 1.2566371 0.00033852001 0.00033776772 0.0003388693 
1.2566371 1.5707963 0.0004014399 0.0004006305 0.00040188437 
1.5707963 1.8849556 0.00050135942 0.0005002439 0.00050194922 
1.8849556 2.1991149 0.0006556145 0.00065422499 0.00065626981 
2.1991149 2.5132741 0.00089340041 0.00089125277 0.00089438211 
2.5132741 2.8274334 0.0012457138 0.0012426276 0.0012471049 
2.8274334 3.1415927 0.0016600394 0.0016554421 0.001661974 


# NNLO ptH_h {ptmin, ptmax, center, min, max}
0.0 30.0 9.1479486e-07 9.1144427e-07 9.1659094e-07 
30.0 60.0 7.4936308e-06 7.4700362e-06 7.5050431e-06 
60.0 90.0 1.3709679e-05 1.3672934e-05 1.3727376e-05 
90.0 120.0 1.3928551e-05 1.3895624e-05 1.3944734e-05 
120.0 150.0 1.0889085e-05 1.0865088e-05 1.0901784e-05 
150.0 180.0 7.4865595e-06 7.4708397e-06 7.4947316e-06 
180.0 210.0 4.8637732e-06 4.8539406e-06 4.8694734e-06 
210.0 240.0 3.0998104e-06 3.0942165e-06 3.1038062e-06 
240.0 270.0 1.9744462e-06 1.9707284e-06 1.9765013e-06 
270.0 300.0 1.2735819e-06 1.271548e-06 1.2749389e-06 


# NNLO yH_h {ptmin, ptmax, center, min, max}
-5.0 -4.9 0.0 0.0 0.0 
-4.9 -4.8 0.0 0.0 0.0 
-4.8 -4.7 0.0 0.0 0.0 
-4.7 -4.6 7.9664075e-13 4.8250151e-13 7.9664075e-13 
-4.6 -4.5 1.6879639e-10 1.3863299e-10 2.0564415e-10 
-4.5 -4.4 2.4212515e-09 2.3608461e-09 2.5717957e-09 
-4.4 -4.3 1.7645823e-08 1.6993385e-08 1.8009625e-08 
-4.3 -4.2 6.5191065e-08 6.4090887e-08 6.627055e-08 
-4.2 -4.1 2.0179922e-07 1.9055277e-07 2.0522928e-07 
-4.1 -4.0 5.0495281e-07 4.9762278e-07 5.0878913e-07 
-4.0 -3.9 1.1540779e-06 1.102483e-06 1.1602873e-06 
-3.9 -3.8 2.2580372e-06 2.2359309e-06 2.2708878e-06 
-3.8 -3.7 4.1894034e-06 4.1356187e-06 4.2239602e-06 
-3.7 -3.6 7.0267816e-06 6.9510356e-06 7.0634436e-06 
-3.6 -3.5 1.0883394e-05 1.0743096e-05 1.0924184e-05 
-3.5 -3.4 1.6432535e-05 1.6273942e-05 1.6458275e-05 
-3.4 -3.3 2.3464121e-05 2.3290222e-05 2.3501511e-05 
-3.3 -3.2 3.2032986e-05 3.1879737e-05 3.2142263e-05 
-3.2 -3.1 4.317741e-05 4.2951726e-05 4.3231446e-05 
-3.1 -3.0 5.5180377e-05 5.493393e-05 5.5264244e-05 
-3.0 -2.9 6.9413224e-05 6.9199869e-05 6.9512212e-05 
-2.9 -2.8 8.5809978e-05 8.5555749e-05 8.590807e-05 
-2.8 -2.7 0.00010310242 0.0001028627 0.00010323618 
-2.7 -2.6 0.00012182335 0.00012140832 0.00012191831 
-2.6 -2.5 0.00014149272 0.00014123349 0.0001417455 
-2.5 -2.4 0.00016217111 0.00016170755 0.00016229521 
-2.4 -2.3 0.00018439875 0.00018394059 0.0001846355 
-2.3 -2.2 0.00020654423 0.00020602691 0.00020674922 
-2.2 -2.1 0.00022892473 0.00022834213 0.00022915502 
-2.1 -2.0 0.00025109583 0.00025047203 0.0002514002 
-2.0 -1.9 0.0002723466 0.00027160628 0.00027266957 
-1.9 -1.8 0.00029450773 0.00029386208 0.00029498308 
-1.8 -1.7 0.00031520763 0.00031449889 0.00031556956 
-1.7 -1.6 0.00033597198 0.00033500083 0.00033631621 
-1.6 -1.5 0.00035507364 0.0003542868 0.00035554308 
-1.5 -1.4 0.00037554355 0.00037454558 0.00037586425 
-1.4 -1.3 0.00039267359 0.00039160663 0.00039320522 
-1.3 -1.2 0.00040997738 0.00040895617 0.00041046224 
-1.2 -1.1 0.00042433016 0.00042341936 0.00042487808 
-1.1 -1.0 0.0004392064 0.00043823723 0.00043975505 
-1.0 -0.9 0.00045275125 0.00045173203 0.000453447 
-0.9 -0.8 0.00046507144 0.00046397198 0.0004656981 
-0.8 -0.7 0.00047414368 0.00047300569 0.00047465657 
-0.7 -0.6 0.00048492481 0.00048383508 0.00048548146 
-0.6 -0.5 0.00049278692 0.00049157381 0.00049331663 
-0.5 -0.4 0.00049956366 0.00049834791 0.0005001496 
-0.4 -0.3 0.00050620038 0.00050513456 0.00050683529 
-0.3 -0.2 0.00050994447 0.0005086843 0.00051057486 
-0.2 -0.1 0.00051210144 0.00051093726 0.00051260687 
-0.1 0.0 0.0005124083 0.00051120316 0.00051317855 
0.0 0.1 0.00051427892 0.00051316146 0.00051491867 
0.1 0.2 0.00051197038 0.00051055027 0.00051259858 
0.2 0.3 0.00050848475 0.00050750998 0.00050911494 
0.3 0.4 0.00050529698 0.00050406478 0.00050580345 
0.4 0.5 0.0004996783 0.00049837022 0.00050036323 
0.5 0.6 0.00049330617 0.00049208049 0.00049386588 
0.6 0.7 0.00048348678 0.00048256067 0.00048414875 
0.7 0.8 0.00047435229 0.00047311048 0.00047476993 
0.8 0.9 0.00046607253 0.00046492099 0.00046665398 
0.9 1.0 0.00045130802 0.00045025668 0.00045184089 
1.0 1.1 0.00044018276 0.00043912688 0.00044071365 
1.1 1.2 0.00042604976 0.000424983 0.0004265979 
1.2 1.3 0.00040936144 0.00040842288 0.00040980216 
1.3 1.4 0.0003914471 0.00039052877 0.00039199418 
1.4 1.5 0.00037341507 0.0003725376 0.00037390725 
1.5 1.6 0.00035657755 0.00035559828 0.00035695443 
1.6 1.7 0.00033628562 0.00033553923 0.00033679003 
1.7 1.8 0.0003181355 0.00031736268 0.00031838294 
1.8 1.9 0.00029542278 0.00029462926 0.00029585484 
1.9 2.0 0.00027283643 0.00027211998 0.00027307845 
2.0 2.1 0.00025130521 0.00025074938 0.00025162506 
2.1 2.2 0.0002287879 0.00022814117 0.00022895088 
2.2 2.3 0.00020735677 0.00020688301 0.00020760093 
2.3 2.4 0.00018447831 0.00018391012 0.00018466919 
2.4 2.5 0.00016260894 0.00016228643 0.00016285144 
2.5 2.6 0.00014131074 0.00014102983 0.00014152943 
2.6 2.7 0.00012188894 0.00012156328 0.00012202876 
2.7 2.8 0.00010244345 0.00010221055 0.00010255349 
2.8 2.9 8.5552008e-05 8.5290739e-05 8.5665375e-05 
2.9 3.0 6.9256258e-05 6.9025353e-05 6.935727e-05 
3.0 3.1 5.5134038e-05 5.488589e-05 5.5235135e-05 
3.1 3.2 4.2575382e-05 4.2446645e-05 4.2645652e-05 
3.2 3.3 3.2218306e-05 3.1958592e-05 3.2287302e-05 
3.3 3.4 2.3329374e-05 2.3195057e-05 2.3379378e-05 
3.4 3.5 1.6603527e-05 1.6468456e-05 1.6642261e-05 
3.5 3.6 1.1103679e-05 1.0936519e-05 1.1152162e-05 
3.6 3.7 6.9302879e-06 6.8490161e-06 6.9741121e-06 
3.7 3.8 4.1233268e-06 4.0662649e-06 4.1354046e-06 
3.8 3.9 2.2772365e-06 2.2368109e-06 2.3442623e-06 
3.9 4.0 1.1456691e-06 1.1290529e-06 1.1572893e-06 
4.0 4.1 5.0720662e-07 4.9514826e-07 5.1360612e-07 
4.1 4.2 1.9328304e-07 1.8218385e-07 1.9922853e-07 
4.2 4.3 6.2159953e-08 5.9892524e-08 6.3016563e-08 
4.3 4.4 1.3755323e-08 1.3303348e-08 1.4879338e-08 
4.4 4.5 2.1935167e-09 2.073425e-09 2.3072951e-09 
4.5 4.6 1.1519684e-10 1.0895292e-10 1.2479161e-10 
4.6 4.7 2.8179266e-12 1.7078855e-12 3.1065061e-12 
4.7 4.8 0.0 0.0 0.0 
4.8 4.9 0.0 0.0 0.0 
4.9 5.0 0.0 0.0 0.0 


# NNLO ptH_s {ptmin, ptmax, center, min, max}
0.0 30.0 1.0804449e-05 1.0775114e-05 1.0817765e-05 
30.0 60.0 1.9926719e-05 1.9877206e-05 1.9950753e-05 
60.0 90.0 1.5670945e-05 1.563448e-05 1.5688113e-05 
90.0 120.0 9.4830495e-06 9.4624752e-06 9.4939e-06 
120.0 150.0 5.2810418e-06 5.2694534e-06 5.2870554e-06 
150.0 180.0 2.9098671e-06 2.9038059e-06 2.9132797e-06 
180.0 210.0 1.6444268e-06 1.6408653e-06 1.6461678e-06 
210.0 240.0 9.6044634e-07 9.5833864e-07 9.6177117e-07 
240.0 270.0 5.8357505e-07 5.8245856e-07 5.8439958e-07 
270.0 300.0 3.6837657e-07 3.6780417e-07 3.6865312e-07 


# NNLO yH_s {ptmin, ptmax, center, min, max}
-5.0 -4.9 0.0 0.0 0.0 
-4.9 -4.8 0.0 0.0 0.0 
-4.8 -4.7 2.2074215e-18 0.0 2.2074215e-18 
-4.7 -4.6 3.2695411e-11 2.5441808e-11 3.5357155e-11 
-4.6 -4.5 8.7069216e-10 8.2987492e-10 9.0533132e-10 
-4.5 -4.4 1.2585553e-08 1.1518681e-08 1.4178413e-08 
-4.4 -4.3 6.288871e-08 5.9985666e-08 6.6775282e-08 
-4.3 -4.2 2.5130608e-07 2.3536923e-07 2.5318848e-07 
-4.2 -4.1 6.876462e-07 6.6586793e-07 7.0823013e-07 
-4.1 -4.0 1.5792397e-06 1.5396729e-06 1.5817175e-06 
-4.0 -3.9 3.3622919e-06 3.2569065e-06 3.3985352e-06 
-3.9 -3.8 6.0197383e-06 5.946726e-06 6.0625098e-06 
-3.8 -3.7 1.0463325e-05 1.0310315e-05 1.0502666e-05 
-3.7 -3.6 1.5848368e-05 1.5690766e-05 1.5912162e-05 
-3.6 -3.5 2.392457e-05 2.3623977e-05 2.4047461e-05 
-3.5 -3.4 3.3789021e-05 3.3367627e-05 3.3897872e-05 
-3.4 -3.3 4.5688786e-05 4.5379039e-05 4.5835124e-05 
-3.3 -3.2 5.9892758e-05 5.9588543e-05 5.9953343e-05 
-3.2 -3.1 7.5509383e-05 7.4919456e-05 7.5708681e-05 
-3.1 -3.0 9.2950365e-05 9.2703422e-05 9.3097351e-05 
-3.0 -2.9 0.00011173639 0.00011130038 0.00011192556 
-2.9 -2.8 0.00013286524 0.00013233924 0.00013303943 
-2.8 -2.7 0.00015407721 0.00015366206 0.00015439759 
-2.7 -2.6 0.0001749593 0.00017455809 0.00017517733 
-2.6 -2.5 0.00019784364 0.00019739407 0.00019807137 
-2.5 -2.4 0.00021878987 0.00021812026 0.00021899137 
-2.4 -2.3 0.00023891437 0.00023833312 0.00023925585 
-2.3 -2.2 0.00025929705 0.00025871148 0.00025966361 
-2.2 -2.1 0.00027892426 0.0002782377 0.00027920056 
-2.1 -2.0 0.00029582516 0.00029506764 0.00029617626 
-2.0 -1.9 0.00031344877 0.00031274476 0.0003138686 
-1.9 -1.8 0.00032868453 0.00032775886 0.00032904943 
-1.8 -1.7 0.00034237377 0.00034162536 0.00034276304 
-1.7 -1.6 0.00035468641 0.00035383026 0.00035510944 
-1.6 -1.5 0.00036637057 0.00036545602 0.00036672812 
-1.5 -1.4 0.00037647106 0.00037550247 0.00037703268 
-1.4 -1.3 0.0003852106 0.00038449254 0.00038569745 
-1.3 -1.2 0.00039225609 0.00039119103 0.00039275699 
-1.2 -1.1 0.00039943863 0.00039845606 0.0004000562 
-1.1 -1.0 0.00040384135 0.00040283265 0.00040437737 
-1.0 -0.9 0.00040901363 0.00040812492 0.0004095733 
-0.9 -0.8 0.00041214121 0.00041110015 0.00041276145 
-0.8 -0.7 0.00041480915 0.00041363314 0.00041537667 
-0.7 -0.6 0.00041632053 0.00041548566 0.00041699064 
-0.6 -0.5 0.0004195054 0.00041850177 0.00041996424 
-0.5 -0.4 0.00042069723 0.00041962628 0.00042147163 
-0.4 -0.3 0.00042147131 0.0004204062 0.00042201418 
-0.3 -0.2 0.0004222465 0.00042124727 0.00042286715 
-0.2 -0.1 0.00042333917 0.00042234297 0.00042396979 
-0.1 0.0 0.00042271647 0.00042152267 0.00042330454 
0.0 0.1 0.00042360209 0.00042265102 0.00042423801 
0.1 0.2 0.00042265486 0.00042157833 0.00042327597 
0.2 0.3 0.00042278832 0.00042168753 0.00042340314 
0.3 0.4 0.00042078791 0.00041987462 0.00042148508 
0.4 0.5 0.00042121299 0.00042017303 0.00042179221 
0.5 0.6 0.00041929511 0.00041824267 0.00041992416 
0.6 0.7 0.00041673373 0.00041576272 0.00041731367 
0.7 0.8 0.00041460611 0.00041360208 0.00041527654 
0.8 0.9 0.00041243474 0.00041140459 0.00041291989 
0.9 1.0 0.00040830363 0.00040730469 0.00040887459 
1.0 1.1 0.00040463733 0.0004037302 0.00040523413 
1.1 1.2 0.00039812018 0.00039704012 0.00039863622 
1.2 1.3 0.00039152301 0.00039067508 0.00039216345 
1.3 1.4 0.00038380225 0.00038293474 0.00038427808 
1.4 1.5 0.00037514351 0.00037412253 0.0003755556 
1.5 1.6 0.000367096 0.00036614605 0.00036748303 
1.6 1.7 0.00035531727 0.00035454578 0.00035585971 
1.7 1.8 0.00034279711 0.00034190439 0.00034322055 
1.8 1.9 0.00032768795 0.00032690055 0.00032807007 
1.9 2.0 0.00031363594 0.00031299022 0.00031405505 
2.0 2.1 0.00029666752 0.00029586445 0.00029700335 
2.1 2.2 0.00027890753 0.00027818905 0.00027927471 
2.2 2.3 0.00025968714 0.00025905944 0.00026003864 
2.3 2.4 0.00024002939 0.00023936225 0.00024034418 
2.4 2.5 0.00021797939 0.00021742338 0.00021821967 
2.5 2.6 0.0001976535 0.0001970435 0.00019785625 
2.6 2.7 0.00017590728 0.00017520611 0.00017626012 
2.7 2.8 0.00015334592 0.00015296388 0.00015350326 
2.8 2.9 0.00013210757 0.00013173686 0.00013229283 
2.9 3.0 0.00011266007 0.00011227862 0.00011283037 
3.0 3.1 9.331674e-05 9.299142e-05 9.3537403e-05 
3.1 3.2 7.5527471e-05 7.5129106e-05 7.572035e-05 
3.2 3.3 5.9809291e-05 5.9470632e-05 5.9939222e-05 
3.3 3.4 4.5970499e-05 4.53282e-05 4.6027245e-05 
3.4 3.5 3.3729625e-05 3.3434204e-05 3.3817189e-05 
3.5 3.6 2.3718285e-05 2.3568693e-05 2.3788728e-05 
3.6 3.7 1.6032896e-05 1.5779694e-05 1.6175792e-05 
3.7 3.8 9.966093e-06 9.8406044e-06 9.9854974e-06 
3.8 3.9 5.6940633e-06 5.6279771e-06 5.7403994e-06 
3.9 4.0 3.313093e-06 3.2162342e-06 3.3342227e-06 
4.0 4.1 1.6738677e-06 1.6281623e-06 1.6968667e-06 
4.1 4.2 7.3578018e-07 7.1690695e-07 7.3744062e-07 
4.2 4.3 2.4701685e-07 2.3482954e-07 2.517089e-07 
4.3 4.4 7.0890943e-08 6.7082417e-08 7.609357e-08 
4.4 4.5 1.01126e-08 9.6437708e-09 1.0471649e-08 
4.5 4.6 7.1518358e-10 6.6544147e-10 8.0463215e-10 
4.6 4.7 1.8380926e-11 1.368852e-11 2.145989e-11 
4.7 4.8 0.0 0.0 0.0 
4.8 4.9 0.0 0.0 0.0 
4.9 5.0 0.0 0.0 0.0 


# N3LO cross-section {center, min, max}
0.0020549031 0.0020540508 0.0020555369 


# N3LO ptHH {ptmin, ptmax, center, min, max}
0.0 30.0 7.1016342e-06 7.0951312e-06 7.1049675e-06 
30.0 60.0 1.540051e-05 1.5391952e-05 1.5406521e-05 
60.0 90.0 1.5015922e-05 1.5010325e-05 1.5020527e-05 
90.0 120.0 1.1075045e-05 1.1071674e-05 1.1077695e-05 
120.0 150.0 7.2377547e-06 7.2359162e-06 7.2395693e-06 
150.0 180.0 4.4973213e-06 4.4964323e-06 4.4991309e-06 
180.0 210.0 2.7874535e-06 2.787146e-06 2.7888002e-06 
210.0 240.0 1.7503702e-06 1.7494892e-06 1.7507223e-06 
240.0 270.0 1.1120685e-06 1.1117956e-06 1.1130754e-06 
270.0 300.0 7.3480758e-07 7.3432842e-07 7.351116e-07 


# N3LO yHH {ptmin, ptmax, center, min, max}
-5.0 -4.9 0.0 0.0 0.0 
-4.9 -4.8 0.0 0.0 0.0 
-4.8 -4.7 0.0 0.0 0.0 
-4.7 -4.6 0.0 0.0 0.0 
-4.6 -4.5 0.0 0.0 0.0 
-4.5 -4.4 0.0 0.0 0.0 
-4.4 -4.3 0.0 0.0 0.0 
-4.3 -4.2 0.0 0.0 0.0 
-4.2 -4.1 0.0 0.0 0.0 
-4.1 -4.0 0.0 0.0 0.0 
-4.0 -3.9 7.558999e-13 7.4155106e-13 8.6372959e-13 
-3.9 -3.8 6.1324091e-11 5.6914119e-11 6.5419284e-11 
-3.8 -3.7 9.3051203e-10 8.9763252e-10 9.3492076e-10 
-3.7 -3.6 5.7911046e-09 5.7361406e-09 5.9206464e-09 
-3.6 -3.5 2.5902261e-08 2.5508863e-08 2.607135e-08 
-3.5 -3.4 8.8187173e-08 8.5523745e-08 8.8388979e-08 
-3.4 -3.3 2.2901406e-07 2.2864769e-07 2.3080509e-07 
-3.3 -3.2 5.7680074e-07 5.7153117e-07 5.7928674e-07 
-3.2 -3.1 1.2258166e-06 1.2152136e-06 1.2273849e-06 
-3.1 -3.0 2.2882308e-06 2.2757237e-06 2.2939183e-06 
-3.0 -2.9 4.1708279e-06 4.1473946e-06 4.1737194e-06 
-2.9 -2.8 7.1010515e-06 7.0891982e-06 7.1100002e-06 
-2.8 -2.7 1.117904e-05 1.112178e-05 1.1185003e-05 
-2.7 -2.6 1.7200431e-05 1.719325e-05 1.7211169e-05 
-2.6 -2.5 2.5304822e-05 2.5254156e-05 2.5333453e-05 
-2.5 -2.4 3.5555519e-05 3.5497141e-05 3.5556935e-05 
-2.4 -2.3 4.8827162e-05 4.8761103e-05 4.8839597e-05 
-2.3 -2.2 6.4310204e-05 6.4282807e-05 6.4352247e-05 
-2.2 -2.1 8.4835161e-05 8.4728215e-05 8.4835161e-05 
-2.1 -2.0 0.00010805997 0.00010798097 0.0001080842 
-2.0 -1.9 0.00013398211 0.00013383107 0.00013402401 
-1.9 -1.8 0.00016409484 0.00016390093 0.0001641474 
-1.8 -1.7 0.00019875887 0.0001986887 0.00019882079 
-1.7 -1.6 0.00023294276 0.00023273651 0.00023304568 
-1.6 -1.5 0.00027368237 0.00027356023 0.00027371446 
-1.5 -1.4 0.00031438334 0.00031431425 0.00031457173 
-1.4 -1.3 0.00035881154 0.00035850277 0.00035885544 
-1.3 -1.2 0.00040230916 0.00040211953 0.00040244501 
-1.2 -1.1 0.00044756178 0.00044736585 0.00044778775 
-1.1 -1.0 0.00049276395 0.00049249249 0.00049287684 
-1.0 -0.9 0.00053598687 0.00053577745 0.00053626479 
-0.9 -0.8 0.00057959837 0.0005794743 0.00057982932 
-0.8 -0.7 0.00061869944 0.00061839933 0.00061883536 
-0.7 -0.6 0.00065590421 0.00065567438 0.00065620792 
-0.6 -0.5 0.00068886137 0.00068868355 0.00068918366 
-0.5 -0.4 0.00071680567 0.00071656482 0.00071705735 
-0.4 -0.3 0.00074252349 0.00074228516 0.00074290904 
-0.3 -0.2 0.00075989946 0.00075971264 0.00076014177 
-0.2 -0.1 0.00077081481 0.00077060218 0.00077118821 
-0.1 0.0 0.00077485549 0.00077456595 0.0007751865 
0.0 0.1 0.00077569953 0.00077545406 0.00077611701 
0.1 0.2 0.00077143677 0.00077120878 0.00077163826 
0.2 0.3 0.00076001243 0.000759884 0.00076046987 
0.3 0.4 0.00073947792 0.00073930767 0.00073975147 
0.4 0.5 0.00071825153 0.00071787324 0.00071855661 
0.5 0.6 0.00068860314 0.00068840707 0.00068895555 
0.6 0.7 0.00065468741 0.00065458228 0.00065506969 
0.7 0.8 0.00061878517 0.00061833232 0.00061887497 
0.8 0.9 0.00057911338 0.00057883708 0.00057932604 
0.9 1.0 0.00053569644 0.00053557541 0.00053587026 
1.0 1.1 0.00049286002 0.00049268975 0.00049327731 
1.1 1.2 0.00044909917 0.00044887669 0.00044923218 
1.2 1.3 0.00040339373 0.00040322768 0.00040342438 
1.3 1.4 0.00035761518 0.00035731417 0.00035771738 
1.4 1.5 0.00031506846 0.00031498662 0.00031519649 
1.5 1.6 0.00027322362 0.00027304651 0.00027336744 
1.6 1.7 0.00023488329 0.0002346742 0.00023491696 
1.7 1.8 0.00019792418 0.00019781706 0.00019799471 
1.8 1.9 0.00016383578 0.00016368665 0.00016388343 
1.9 2.0 0.00013468991 0.00013458641 0.00013470852 
2.0 2.1 0.00010772946 0.00010762787 0.00010774598 
2.1 2.2 8.4469291e-05 8.445085e-05 8.4500434e-05 
2.2 2.3 6.4510181e-05 6.4420152e-05 6.4526878e-05 
2.3 2.4 4.8700953e-05 4.8621942e-05 4.8706424e-05 
2.4 2.5 3.5808065e-05 3.5782127e-05 3.5834144e-05 
2.5 2.6 2.4945599e-05 2.4894135e-05 2.495595e-05 
2.6 2.7 1.7137812e-05 1.7108672e-05 1.7137812e-05 
2.7 2.8 1.1345578e-05 1.1308706e-05 1.1350762e-05 
2.8 2.9 7.0519129e-06 7.0227607e-06 7.059555e-06 
2.9 3.0 4.2880282e-06 4.2725917e-06 4.2889943e-06 
3.0 3.1 2.2946494e-06 2.2839597e-06 2.3027166e-06 
3.1 3.2 1.2118467e-06 1.1979406e-06 1.2118467e-06 
3.2 3.3 5.7826549e-07 5.724835e-07 5.7943863e-07 
3.3 3.4 2.5222601e-07 2.5026555e-07 2.5329995e-07 
3.4 3.5 9.0434651e-08 8.9128486e-08 9.0784916e-08 
3.5 3.6 2.6752252e-08 2.6357687e-08 2.7077845e-08 
3.6 3.7 6.559419e-09 6.1396812e-09 6.6580532e-09 
3.7 3.8 1.0345211e-09 1.0022739e-09 1.0727298e-09 
3.8 3.9 6.277509e-11 6.2011911e-11 6.6050586e-11 
3.9 4.0 1.8475432e-13 1.7915979e-13 3.4651068e-13 
4.0 4.1 0.0 0.0 0.0 
4.1 4.2 0.0 0.0 0.0 
4.2 4.3 0.0 0.0 0.0 
4.3 4.4 0.0 0.0 0.0 
4.4 4.5 0.0 0.0 0.0 
4.5 4.6 0.0 0.0 0.0 
4.6 4.7 0.0 0.0 0.0 
4.7 4.8 0.0 0.0 0.0 
4.8 4.9 0.0 0.0 0.0 
4.9 5.0 0.0 0.0 0.0 


# N3LO mHH {ptmin, ptmax, center, min, max}
0.0 200.0 0.0 0.0 0.0 
200.0 400.0 3.2305762e-06 3.2291462e-06 3.2325913e-06 
400.0 600.0 3.6316775e-06 3.6302401e-06 3.6329062e-06 
600.0 800.0 1.7181125e-06 1.7174967e-06 1.7184465e-06 
800.0 1000.0 8.0540185e-07 8.0508722e-07 8.0548019e-07 
1000.0 1200.0 3.9878718e-07 3.9862084e-07 3.9881382e-07 
1200.0 1400.0 2.0947282e-07 2.0936305e-07 2.0950952e-07 
1400.0 1600.0 1.1519427e-07 1.151077e-07 1.1521974e-07 
1600.0 1800.0 6.5560707e-08 6.5461445e-08 6.5577859e-08 
1800.0 2000.0 3.8235502e-08 3.8198803e-08 3.8258882e-08 


# N3LO phiHH {ptmin, ptmax, center, min, max}
0.0 0.31415927 0.00026951617 0.00026946472 0.00026964693 
0.31415927 0.62831853 0.00027823244 0.00027815167 0.00027833858 
0.62831853 0.9424778 0.00029879946 0.00029867247 0.00029891713 
0.9424778 1.2566371 0.00033836885 0.00033829844 0.00033850482 
1.2566371 1.5707963 0.00040129307 0.00040121063 0.00040144758 
1.5707963 1.8849556 0.00050117964 0.00050099969 0.00050138616 
1.8849556 2.1991149 0.00065538244 0.00065515324 0.00065559011 
2.1991149 2.5132741 0.00089314075 0.00089275911 0.00089339143 
2.5132741 2.8274334 0.0012453225 0.0012448078 0.0012457258 
2.8274334 3.1415927 0.0016597243 0.0016587289 0.0016602465 


# N3LO ptH_h {ptmin, ptmax, center, min, max}
0.0 30.0 9.1444036e-07 9.1367729e-07 9.1499937e-07 
30.0 60.0 7.4913204e-06 7.4862541e-06 7.4947889e-06 
60.0 90.0 1.3705004e-05 1.3698205e-05 1.3710266e-05 
90.0 120.0 1.3924516e-05 1.3919327e-05 1.3928737e-05 
120.0 150.0 1.0885705e-05 1.0882064e-05 1.0888913e-05 
150.0 180.0 7.4841978e-06 7.4814596e-06 7.486059e-06 
180.0 210.0 4.8624818e-06 4.861108e-06 4.8636263e-06 
210.0 240.0 3.0993211e-06 3.0984778e-06 3.1000615e-06 
240.0 270.0 1.9736519e-06 1.9730441e-06 1.9743434e-06 
270.0 300.0 1.2732496e-06 1.272914e-06 1.2737114e-06 


# N3LO yH_h {ptmin, ptmax, center, min, max}
-5.0 -4.9 0.0 0.0 0.0 
-4.9 -4.8 0.0 0.0 0.0 
-4.8 -4.7 0.0 0.0 0.0 
-4.7 -4.6 6.0739628e-13 5.8524554e-13 7.9897726e-13 
-4.6 -4.5 2.281323e-10 1.624472e-10 2.3557756e-10 
-4.5 -4.4 2.4256494e-09 2.3954045e-09 2.580979e-09 
-4.4 -4.3 1.7741966e-08 1.7565652e-08 1.8038792e-08 
-4.3 -4.2 6.6272008e-08 6.5010009e-08 6.680684e-08 
-4.2 -4.1 2.0516123e-07 2.0093773e-07 2.0596989e-07 
-4.1 -4.0 5.0874331e-07 5.0334036e-07 5.0974281e-07 
-4.0 -3.9 1.1576834e-06 1.1511995e-06 1.1616227e-06 
-3.9 -3.8 2.2706216e-06 2.2585619e-06 2.273773e-06 
-3.8 -3.7 4.2156534e-06 4.1829936e-06 4.2233346e-06 
-3.7 -3.6 7.0437866e-06 7.0248134e-06 7.0487029e-06 
-3.6 -3.5 1.0893907e-05 1.0863434e-05 1.0908543e-05 
-3.5 -3.4 1.643356e-05 1.6416464e-05 1.6440253e-05 
-3.4 -3.3 2.3478094e-05 2.3439816e-05 2.3493816e-05 
-3.3 -3.2 3.2079206e-05 3.2014435e-05 3.2079206e-05 
-3.2 -3.1 4.3139931e-05 4.3105051e-05 4.3170156e-05 
-3.1 -3.0 5.5183498e-05 5.5120134e-05 5.5183498e-05 
-3.0 -2.9 6.9431932e-05 6.9362779e-05 6.9437331e-05 
-2.9 -2.8 8.5780001e-05 8.573243e-05 8.579387e-05 
-2.8 -2.7 0.0001030696 0.00010299474 0.00010312051 
-2.7 -2.6 0.00012163621 0.00012155591 0.00012178835 
-2.6 -2.5 0.00014153564 0.00014143941 0.00014157529 
-2.5 -2.4 0.00016205441 0.00016195227 0.00016210883 
-2.4 -2.3 0.0001843659 0.00018419974 0.00018440378 
-2.3 -2.2 0.00020645159 0.00020638849 0.00020659147 
-2.2 -2.1 0.00022872855 0.00022870245 0.00022884626 
-2.1 -2.0 0.00025102057 0.00025084455 0.00025107521 
-2.0 -1.9 0.00027214249 0.00027205033 0.00027236186 
-1.9 -1.8 0.00029454243 0.00029440246 0.00029456814 
-1.8 -1.7 0.0003151373 0.0003149292 0.00031523552 
-1.7 -1.6 0.00033571172 0.00033558225 0.0003359554 
-1.6 -1.5 0.0003550374 0.00035498852 0.00035512977 
-1.5 -1.4 0.00037540616 0.00037516016 0.00037560482 
-1.4 -1.3 0.0003923447 0.00039227007 0.00039258796 
-1.3 -1.2 0.0004099203 0.00040971494 0.00041006103 
-1.2 -1.1 0.00042431128 0.00042410513 0.00042437879 
-1.1 -1.0 0.00043907407 0.00043898746 0.00043929191 
-1.0 -0.9 0.00045262688 0.00045241705 0.00045277873 
-0.9 -0.8 0.00046497473 0.00046481343 0.00046513251 
-0.8 -0.7 0.00047402267 0.00047383996 0.00047422837 
-0.7 -0.6 0.00048475125 0.00048458488 0.00048487424 
-0.6 -0.5 0.00049262651 0.00049244571 0.000492839 
-0.5 -0.4 0.00049946486 0.00049926361 0.00049959962 
-0.4 -0.3 0.00050609658 0.00050592284 0.00050642262 
-0.3 -0.2 0.00050979767 0.00050952972 0.00050988111 
-0.2 -0.1 0.00051194708 0.00051192495 0.00051215161 
-0.1 0.0 0.00051235038 0.00051202676 0.0005124513 
0.0 0.1 0.00051413697 0.00051405651 0.00051435097 
0.1 0.2 0.00051167198 0.00051138777 0.00051194796 
0.2 0.3 0.00050841967 0.00050827767 0.00050856408 
0.3 0.4 0.0005051402 0.00050489386 0.00050537892 
0.4 0.5 0.00049955221 0.00049934329 0.00049973135 
0.5 0.6 0.00049307847 0.00049290523 0.00049328696 
0.6 0.7 0.000483471 0.00048340728 0.0004835797 
0.7 0.8 0.00047417442 0.00047393984 0.00047435438 
0.8 0.9 0.00046597847 0.00046568643 0.00046616982 
0.9 1.0 0.00045113392 0.00045100156 0.00045128029 
1.0 1.1 0.00044008768 0.00043984523 0.00044029619 
1.1 1.2 0.00042581856 0.00042567677 0.00042598709 
1.2 1.3 0.00040923551 0.00040912852 0.00040942196 
1.3 1.4 0.00039134274 0.00039114525 0.00039146329 
1.4 1.5 0.00037336603 0.000373291 0.0003734847 
1.5 1.6 0.00035637928 0.00035615619 0.00035657321 
1.6 1.7 0.00033619197 0.00033614246 0.00033634924 
1.7 1.8 0.00031812015 0.00031780739 0.00031819936 
1.8 1.9 0.00029519167 0.00029512315 0.00029539019 
1.9 2.0 0.00027273203 0.00027257634 0.00027284949 
2.0 2.1 0.00025127691 0.00025117805 0.00025136743 
2.1 2.2 0.00022859695 0.0002284709 0.0002287807 
2.2 2.3 0.00020729956 0.00020716161 0.00020733461 
2.3 2.4 0.00018433805 0.00018425628 0.00018446032 
2.4 2.5 0.00016258541 0.00016251461 0.00016264919 
2.5 2.6 0.00014131566 0.00014120044 0.00014134848 
2.6 2.7 0.0001218521 0.00012174264 0.0001218521 
2.7 2.8 0.00010238092 0.00010233627 0.00010244553 
2.8 2.9 8.554221e-05 8.5504974e-05 8.5563676e-05 
2.9 3.0 6.9222325e-05 6.9179099e-05 6.9239231e-05 
3.0 3.1 5.5150286e-05 5.5097489e-05 5.515546e-05 
3.1 3.2 4.2559035e-05 4.2493934e-05 4.2569716e-05 
3.2 3.3 3.2220936e-05 3.2184427e-05 3.2250615e-05 
3.3 3.4 2.3356084e-05 2.3316078e-05 2.3356084e-05 
3.4 3.5 1.6618499e-05 1.6588341e-05 1.6644644e-05 
3.5 3.6 1.1117293e-05 1.1104281e-05 1.1121925e-05 
3.6 3.7 6.9567916e-06 6.9139371e-06 6.962153e-06 
3.7 3.8 4.1327856e-06 4.0872878e-06 4.1366782e-06 
3.8 3.9 2.2829332e-06 2.2729807e-06 2.3368366e-06 
3.9 4.0 1.1564102e-06 1.1459344e-06 1.1594038e-06 
4.0 4.1 5.1079312e-07 5.0530289e-07 5.1302911e-07 
4.1 4.2 1.9849963e-07 1.9325441e-07 2.0030778e-07 
4.2 4.3 6.3094502e-08 6.181008e-08 6.333523e-08 
4.3 4.4 1.4336978e-08 1.3827805e-08 1.4651139e-08 
4.4 4.5 2.3010056e-09 2.189843e-09 2.3226827e-09 
4.5 4.6 1.2170627e-10 1.1283767e-10 1.3208433e-10 
4.6 4.7 2.9196692e-12 2.6918872e-12 3.0143497e-12 
4.7 4.8 0.0 0.0 0.0 
4.8 4.9 0.0 0.0 0.0 
4.9 5.0 0.0 0.0 0.0 


# N3LO ptH_s {ptmin, ptmax, center, min, max}
0.0 30.0 1.0801301e-05 1.0795735e-05 1.0805211e-05 
30.0 60.0 1.9920345e-05 1.9911819e-05 1.9926926e-05 
60.0 90.0 1.5666258e-05 1.5659836e-05 1.567095e-05 
90.0 120.0 9.4796649e-06 9.4770562e-06 9.4827153e-06 
120.0 150.0 5.2797524e-06 5.2773952e-06 5.2811283e-06 
150.0 180.0 2.9092618e-06 2.9079382e-06 2.9100513e-06 
180.0 210.0 1.6439688e-06 1.6433241e-06 1.6444045e-06 
210.0 240.0 9.6007131e-07 9.5984072e-07 9.6037921e-07 
240.0 270.0 5.8352482e-07 5.8324904e-07 5.8367079e-07 
270.0 300.0 3.6812263e-07 3.6800967e-07 3.6841439e-07 


# N3LO yH_s {ptmin, ptmax, center, min, max}
-5.0 -4.9 0.0 0.0 0.0 
-4.9 -4.8 0.0 0.0 0.0 
-4.8 -4.7 1.3539302e-17 0.0 2.7335281e-17 
-4.7 -4.6 2.6286417e-11 2.5716734e-11 3.1979331e-11 
-4.6 -4.5 8.9844016e-10 8.4412241e-10 9.2594807e-10 
-4.5 -4.4 1.2848544e-08 1.2545441e-08 1.4429998e-08 
-4.4 -4.3 6.5334388e-08 6.2914658e-08 6.6616834e-08 
-4.3 -4.2 2.5024348e-07 2.4953731e-07 2.5183101e-07 
-4.2 -4.1 7.0250676e-07 6.8594751e-07 7.0933558e-07 
-4.1 -4.0 1.5827214e-06 1.5714855e-06 1.5827214e-06 
-4.0 -3.9 3.384204e-06 3.370539e-06 3.3954573e-06 
-3.9 -3.8 6.0436368e-06 5.9964914e-06 6.0529324e-06 
-3.8 -3.7 1.0485806e-05 1.0450227e-05 1.0497781e-05 
-3.7 -3.6 1.5867948e-05 1.5809857e-05 1.5882886e-05 
-3.6 -3.5 2.4028109e-05 2.389954e-05 2.4031019e-05 
-3.5 -3.4 3.3854522e-05 3.379922e-05 3.3891754e-05 
-3.4 -3.3 4.5717693e-05 4.5561893e-05 4.5724567e-05 
-3.3 -3.2 5.9793909e-05 5.9793909e-05 5.9839685e-05 
-3.2 -3.1 7.5570665e-05 7.5456859e-05 7.5570665e-05 
-3.1 -3.0 9.303687e-05 9.282387e-05 9.3037761e-05 
-3.0 -2.9 0.00011165557 0.00011165368 0.00011170624 
-2.9 -2.8 0.0001328816 0.00013277051 0.0001329298 
-2.8 -2.7 0.00015407172 0.00015395463 0.00015407873 
-2.7 -2.6 0.00017491334 0.00017477846 0.00017498636 
-2.6 -2.5 0.00019775934 0.00019764734 0.00019785268 
-2.5 -2.4 0.00021862637 0.00021842765 0.00021867267 
-2.4 -2.3 0.00023885917 0.00023879868 0.00023893519 
-2.3 -2.2 0.00025923543 0.00025918024 0.00025931116 
-2.2 -2.1 0.00027882537 0.00027865871 0.00027894097 
-2.1 -2.0 0.00029571769 0.0002955836 0.00029578178 
-2.0 -1.9 0.00031340796 0.00031323686 0.00031348536 
-1.9 -1.8 0.00032848925 0.00032838381 0.00032876723 
-1.8 -1.7 0.00034229802 0.00034215293 0.00034234287 
-1.7 -1.6 0.00035460432 0.00035440581 0.00035469142 
-1.6 -1.5 0.00036624618 0.00036618362 0.00036642172 
-1.5 -1.4 0.00037635443 0.00037609847 0.00037650478 
-1.4 -1.3 0.0003851556 0.00038510816 0.00038533724 
-1.3 -1.2 0.00039207195 0.00039193738 0.00039230455 
-1.2 -1.1 0.00039926802 0.00039916349 0.00039950502 
-1.1 -1.0 0.00040376063 0.00040355845 0.0004039187 
-1.0 -0.9 0.00040889314 0.00040878075 0.00040908457 
-0.9 -0.8 0.00041199269 0.0004118396 0.00041218164 
-0.8 -0.7 0.00041453486 0.00041440531 0.00041484931 
-0.7 -0.6 0.00041628932 0.0004161156 0.00041649706 
-0.6 -0.5 0.00041932655 0.00041919268 0.00041953249 
-0.5 -0.4 0.0004204969 0.00042035688 0.00042079868 
-0.4 -0.3 0.00042129649 0.00042099984 0.00042152126 
-0.3 -0.2 0.00042219887 0.00042210136 0.0004223553 
-0.2 -0.1 0.00042308589 0.00042299593 0.00042337854 
-0.1 0.0 0.00042249919 0.00042231228 0.00042283748 
0.0 0.1 0.00042348048 0.00042341174 0.00042362426 
0.1 0.2 0.00042243978 0.00042220754 0.00042274579 
0.2 0.3 0.00042267087 0.00042242413 0.00042286522 
0.3 0.4 0.00042059745 0.00042049888 0.00042092248 
0.4 0.5 0.00042107625 0.00042091481 0.00042133392 
0.5 0.6 0.00041911338 0.00041904566 0.00041932846 
0.6 0.7 0.00041658704 0.00041636304 0.00041685107 
0.7 0.8 0.00041445754 0.00041432601 0.00041460904 
0.8 0.9 0.00041230438 0.00041216678 0.00041251375 
0.9 1.0 0.00040817285 0.00040800225 0.00040842727 
1.0 1.1 0.00040448994 0.00040441438 0.00040472726 
1.1 1.2 0.00039800445 0.00039785474 0.00039812575 
1.2 1.3 0.00039137917 0.00039122267 0.0003916245 
1.3 1.4 0.00038371814 0.00038361512 0.00038381971 
1.4 1.5 0.00037497597 0.00037480622 0.0003752276 
1.5 1.6 0.00036694505 0.00036678054 0.00036704297 
1.6 1.7 0.00035532935 0.00035520592 0.000355398 
1.7 1.8 0.00034266765 0.00034252095 0.00034274081 
1.8 1.9 0.00032743679 0.00032737723 0.00032767655 
1.9 2.0 0.00031371241 0.00031353899 0.00031376391 
2.0 2.1 0.00029647843 0.00029637241 0.00029661843 
2.1 2.2 0.00027884947 0.00027874316 0.00027893685 
2.2 2.3 0.00025951065 0.00025939695 0.00025964553 
2.3 2.4 0.0002399981 0.00023992692 0.00024004202 
2.4 2.5 0.00021785932 0.00021762363 0.00021789988 
2.5 2.6 0.00019755206 0.00019745681 0.00019764321 
2.6 2.7 0.00017596507 0.00017577422 0.00017597774 
2.7 2.8 0.00015323517 0.00015319011 0.00015333939 
2.8 2.9 0.00013206549 0.00013197633 0.00013210795 
2.9 3.0 0.00011266925 0.00011256425 0.00011268635 
3.0 3.1 9.3259073e-05 9.3160937e-05 9.3289747e-05 
3.1 3.2 7.5606052e-05 7.5484324e-05 7.5674431e-05 
3.2 3.3 5.9860311e-05 5.9731538e-05 5.9860311e-05 
3.3 3.4 4.5944506e-05 4.590608e-05 4.60307e-05 
3.4 3.5 3.3733686e-05 3.3666519e-05 3.3733686e-05 
3.5 3.6 2.3786315e-05 2.3685836e-05 2.3802916e-05 
3.6 3.7 1.6096495e-05 1.6013103e-05 1.6142871e-05 
3.7 3.8 9.9665781e-06 9.9483981e-06 9.9795439e-06 
3.8 3.9 5.7278629e-06 5.6866219e-06 5.7493354e-06 
3.9 4.0 3.327772e-06 3.3095715e-06 3.3314019e-06 
4.0 4.1 1.6895138e-06 1.6688963e-06 1.6960696e-06 
4.1 4.2 7.4070828e-07 7.3119316e-07 7.4070828e-07 
4.2 4.3 2.5100348e-07 2.4729216e-07 2.5318438e-07 
4.3 4.4 7.3740301e-08 7.0494988e-08 7.582313e-08 
4.4 4.5 1.0462804e-08 1.0073569e-08 1.0657728e-08 
4.5 4.6 8.0483343e-10 7.1501179e-10 8.265993e-10 
4.6 4.7 2.2303273e-11 1.7759233e-11 2.2529145e-11 
4.7 4.8 0.0 0.0 0.0 
4.8 4.9 0.0 0.0 0.0 
4.9 5.0 0.0 0.0 0.0 


