# Q1 =   100.0000 , Q2 =   500.0000
# x  F1Wp(LO) F1Wm(LO) F1Wp(NLO) F1Wm(NLO) F1Wp(NNLO) F1Wm(NNLO) F1Z(LO) F1Z(NLO) F1Z(NNLO)
    1.000000316960E-05    1.472676107314E+05    1.472471822391E+05   -4.938911068538E+03   -4.942126329053E+03   -1.895087010936E+02   -1.900655314201E+02    9.992590908773E+04   -3.932391751363E+03   -1.245076997103E+02
    1.059254059240E-05    1.382335869800E+05    1.382133923487E+05   -4.636066110723E+03   -4.639226532427E+03   -1.842277036520E+02   -1.847711000682E+02    9.379561438527E+04   -3.691367265546E+03   -1.222855361867E+02
    1.122018806381E-05    1.297538463856E+05    1.297338829392E+05   -4.351801096757E+03   -4.354907399503E+03   -1.789036796621E+02   -1.794339163089E+02    8.804144908676E+04   -3.465128011278E+03   -1.198867797509E+02
    1.188502598494E-05    1.217943795869E+05    1.217746446798E+05   -4.084975994716E+03   -4.088028890119E+03   -1.735600935823E+02   -1.740774399638E+02    8.264033482373E+04   -3.252766819891E+03   -1.173400087884E+02
    1.258925802843E-05    1.143232639432E+05    1.143037549603E+05   -3.834520722558E+03   -3.837520914089E+03   -1.682178000573E+02   -1.687225211035E+02    7.757060925339E+04   -3.053432184318E+03   -1.146710515159E+02
    1.333521844269E-05    1.073105355314E+05    1.072912498875E+05   -3.599430857266E+03   -3.602379040346E+03   -1.628952694892E+02   -1.633876256183E+02    7.281193919712E+04   -2.866324844711E+03   -1.119032104508E+02
    1.412537978909E-05    1.007280689503E+05    1.007090040900E+05   -3.378763605711E+03   -3.381660467801E+03   -1.576087962082E+02   -1.580890433880E+02    6.834523907719E+04   -2.690694582317E+03   -1.090574700889E+02
    1.496236113743E-05    9.454946451322E+04    9.453061791021E+04   -3.171634023158E+03   -3.174480243853E+03   -1.523726903823E+02   -1.528410801908E+02    6.415259436643E+04   -2.525837210413E+03   -1.061526888639E+02
    1.584893674715E-05    8.874994236078E+04    8.873131151782E+04   -2.977211463793E+03   -2.980007714911E+03   -1.471994548853E+02   -1.476562345708E+02    6.021718973496E+04   -2.371091749866E+03   -1.032057765478E+02
    1.678804526291E-05    8.330624307999E+04    8.328782552846E+04   -2.794716249304E+03   -2.797463194973E+03   -1.420999482120E+02   -1.425453607527E+02    5.652324161091E+04   -2.225837778207E+03   -1.002318581236E+02
    1.778279945500E-05    7.819653439072E+04    7.817832769032E+04   -2.623416540877E+03   -2.626114837629E+03   -1.370835345485E+02   -1.375178187106E+02    5.305593485907E+04   -2.089492940569E+03   -9.724442518379E+01
    1.883649653694E-05    7.340032359435E+04    7.338232533277E+04   -2.462625404345E+03   -2.465275701197E+03   -1.321582218086E+02   -1.325816122049E+02    4.980136336949E+04   -1.961510614325E+03   -9.425547562418E+01
    1.995262909442E-05    6.889837538310E+04    6.888058317570E+04   -2.311698055026E+03   -2.314300993570E+03   -1.273307886317E+02   -1.277435157784E+02    4.674647428377E+04   -1.841377716710E+03   -9.127564258050E+01
    2.113489666185E-05    6.467263468539E+04    6.465504617489E+04   -2.170029271389E+03   -2.172585485874E+03   -1.226069011515E+02   -1.230091915255E+02    4.387901563876E+04   -1.728612646786E+03   -8.831431338124E+01
    2.238721798482E-05    6.070615424896E+04    6.068876710514E+04   -2.037050967526E+03   -2.039561084946E+03   -1.179912202814E+02   -1.183832963758E+02    4.118748722529E+04   -1.622763353769E+03   -8.537973922496E+01
    2.371374400920E-05    5.698302666785E+04    5.696583858722E+04   -1.912229914598E+03   -1.914694554772E+03   -1.134875002321E+02   -1.138695806118E+02    3.866109446237E+04   -1.523405523909E+03   -8.247913626759E+01
    2.511887163984E-05    5.348832058451E+04    5.347132929001E+04   -1.795065602231E+03   -1.797485377886E+03   -1.090986789150E+02   -1.094709782716E+02    3.628970510471E+04   -1.430140878727E+03   -7.961877874386E+01
    2.660725831458E-05    5.020802078139E+04    5.019122402214E+04   -1.685088230296E+03   -1.687463747151E+03   -1.048269609001E+02   -1.051896901060E+02    3.406380858948E+04   -1.342595577005E+03   -7.680408476389E+01
    2.818383744181E-05    4.712897199034E+04    4.711236754127E+04   -1.581856825317E+03   -1.584188682162E+03   -1.006738933678E+02   -1.010272595297E+02    3.197447790597E+04   -1.260418715943E+03   -7.403969520323E+01
    2.985383475271E-05    4.423882612071E+04    4.422241178231E+04   -1.484957471480E+03   -1.487246260252E+03   -9.664043572121E+01   -9.698464223299E+01    3.001333378522E+04   -1.183280923514E+03   -7.132954632965E+01
    3.162278562252E-05    4.152599273260E+04    4.150976633063E+04   -1.394001650415E+03   -1.396247956282E+03   -9.272702327623E+01   -9.306226987143E+01    2.817251109164E+04   -1.110873037371E+03   -6.867693656591E+01
    3.349655341806E-05    3.897959254892E+04    3.896355193412E+04   -1.308624682859E+03   -1.310829084295E+03   -8.893362549864E+01   -8.926010830212E+01    2.644462727688E+04   -1.042904864821E+03   -6.608458783980E+01
    3.548134893245E-05    3.658941382228E+04    3.657355687009E+04   -1.228484266003E+03   -1.230647334867E+03   -8.525979920452E+01   -8.557771078364E+01    2.482275277078E+04   -9.791040189455E+02   -6.355470192322E+01
    3.758375097145E-05    3.434587137171E+04    3.433019598198E+04   -1.153259100347E+03   -1.155381401954E+03   -8.170473713127E+01   -8.201426654645E+01    2.330038318423E+04   -9.192148259347E+02   -6.108901215357E+01
    3.981072815955E-05    3.223996813725E+04    3.222447223400E+04   -1.082647600948E+03   -1.084729694150E+03   -7.826731222019E+01   -7.856864507495E+01    2.187141322051E+04   -8.629972995883E+02   -5.868883086630E+01
    4.216966203819E-05    3.026325910016E+04    3.024794063125E+04   -1.016366687972E+03   -1.018409125231E+03   -7.494611794341E+01   -7.523943643378E+01    2.053011219187E+04   -8.102261789134E+02   -5.635509286050E+01
    4.466837153263E-05    2.840781740800E+04    2.839267434492E+04   -9.541506511626E+02   -9.561539786221E+02   -7.173950501225E+01   -7.202498797567E+01    1.927110103252E+04   -7.606900245402E+02   -5.408839522534E+01
    4.731513886856E-05    2.666620258113E+04    2.665123291869E+04   -8.957500840685E+02   -8.977148416270E+02   -6.864561473426E+01   -6.892343769788E+01    1.808933072376E+04   -7.141903706521E+02   -5.188903378613E+01
    5.011873702437E-05    2.503143066976E+04    2.501663242587E+04   -8.409308836684E+02   -8.428576050522E+02   -6.566240929063E+01   -6.593274451911E+01    1.698006204300E+04   -6.705409289517E+02   -4.975703643445E+01
    5.308845881011E-05    2.349694624505E+04    2.348231746043E+04   -7.894733114692E+02   -7.913625243026E+02   -6.278769917656E+01   -6.305071571930E+01    1.593884655715E+04   -6.295668415427E+02   -4.769219357840E+01
    5.623414766941E-05    2.205659609749E+04    2.204213483543E+04   -7.411711118382E+02   -7.430233377145E+02   -6.001916805359E+01   -6.027503179145E+01    1.496150877467E+04   -5.911039793567E+02   -4.569408595717E+01
    5.956623030659E-05    2.070460456517E+04    2.069030891127E+04   -6.958306849707E+02   -6.976464395211E+02   -5.735439518417E+01   -5.760326887562E+01    1.404412940360E+04   -5.549982840539E+02   -4.376210998439E+01
    6.309575124703E-05    1.943555036688E+04    1.942141842880E+04   -6.532703103008E+02   -6.550501032637E+02   -5.479087568252E+01   -5.503291900932E+01    1.318302963073E+04   -5.211051500641E+02   -4.189550085135E+01
    6.683440944536E-05    1.824434485755E+04    1.823037476479E+04   -6.133194175931E+02   -6.150637528816E+02   -5.232603874697E+01   -5.256140835931E+01    1.237475636603E+04   -4.892888445686E+02   -4.009335355144E+01
    7.079459706283E-05    1.712621161841E+04    1.711240152203E+04   -5.758179027743E+02   -5.775272785439E+02   -4.995726404150E+01   -5.018611360260E+01    1.161606839269E+04   -4.594219630829E+02   -3.835464199105E+01
    7.498944054238E-05    1.607666729996E+04    1.606301537237E+04   -5.406154857621E+02   -5.422903944771E+02   -4.768189638096E+01   -4.790437661124E+01    1.090392336743E+04   -4.313849184590E+02   -3.667823633895E+01
    7.943284411759E-05    1.509150363966E+04    1.507800807436E+04   -5.075711076734E+02   -5.092120361726E+02   -4.549725886451E+01   -4.571351758517E+01    1.023546561788E+04   -4.050654612222E+02   -3.506291875713E+01
    8.413953589964E-05    1.416677057992E+04    1.415342959128E+04   -4.765523649129E+02   -4.781597944746E+02   -4.340066459141E+01   -4.361084676761E+01    9.608014686615E+03   -3.803582292557E+02   -3.350739764623E+01
    8.912511669514E-05    1.329876042977E+04    1.328557225282E+04   -4.474349782518E+02   -4.490093846585E+02   -4.138942706725E+01   -4.159367485073E+01    9.019054583487E+03   -3.571643253274E+02   -3.201032051167E+01
    9.440611171657E-05    1.248399299214E+04    1.247095588231E+04   -4.201022942715E+02   -4.216441478735E+02   -3.946086943120E+01   -3.965932220247E+01    8.466223693111E+03   -3.353909203712E+02   -3.057028558167E+01
    1.000000253568E-04    1.171920160532E+04    1.170631383823E+04   -3.944448174538E+02   -3.959545832317E+02   -3.761233259716E+01   -3.780512700717E+01    7.947305302766E+03   -3.149508811544E+02   -2.918585226917E+01
    1.059253992091E-04    1.100132004085E+04    1.098857991208E+04   -3.703597709797E+02   -3.718379086074E+02   -3.584118240654E+01   -3.602845241794E+01    7.460218711462E+03   -2.957624207897E+02   -2.785555057546E+01
    1.122018735254E-04    1.032747020627E+04    1.031487603116E+04   -3.477506845088E+02   -3.491976484148E+02   -3.414481587986E+01   -3.432669280771E+01    7.003010885160E+03   -2.777487707165E+02   -2.657788952287E+01
    1.188502523153E-04    9.694950599090E+03    9.682500712511E+03   -3.265270071395E+02   -3.279432465679E+02   -3.252066665242E+01   -3.269727920454E+01    6.573848621753E+03   -2.608378727197E+02   -2.535136470261E+01
    1.258925723037E-04    9.101225472977E+03    9.088918229131E+03   -3.066037442444E+02   -3.079897033155E+02   -3.096620966112E+01   -3.113768397792E+01    6.171011199365E+03   -2.449620899464E+02   -2.417446500489E+01
    1.333521759735E-04    8.543914668012E+03    8.531748440213E+03   -2.879011165667E+02   -2.892572343364E+02   -2.947896515636E+01   -2.964542485022E+01    5.792883475274E+03   -2.300579356369E+02   -2.304567860623E+01
    1.412537889366E-04    8.020784063712E+03    8.008757244184E+03   -2.703442401922E+02   -2.716709507112E+02   -2.805650210228E+01   -2.821806829653E+01    5.437949407443E+03   -2.160658184666E+02   -2.196349827853E+01
    1.496236018893E-04    7.529736618372E+03    7.517847618044E+03   -2.538628261754E+02   -2.551605585479E+02   -2.669644102185E+01   -2.685323238928E+01    5.104785973909E+03   -2.029298035282E+02   -2.092642607703E+01
    1.584893574245E-04    7.068803958221E+03    7.057051206532E+03   -2.383908985969E+02   -2.396600770383E+02   -2.539645634061E+01   -2.554858914155E+01    4.792057465287E+03   -1.905973879794E+02   -1.993297746237E+01
    1.678804419868E-04    6.636138483448E+03    6.624520428146E+03   -2.238665299463E+02   -2.251075738403E+02   -2.415427827755E+01   -2.430186639754E+01    4.498510127999E+03   -1.790192904776E+02   -1.898168490624E+01
    1.778279832772E-04    6.230005955005E+03    6.218521061953E+03   -2.102315926220E+02   -2.114449165776E+02   -2.296769433158E+01   -2.311084931860E+01    4.222967133761E+03   -1.681492534393E+02   -1.807110103112E+01
    1.883649534286E-04    5.848778541923E+03    5.837425294910E+03   -1.974315258674E+02   -1.986175397751E+02   -2.183455039737E+01   -2.197338149863E+01    3.964323861574E+03   -1.579438575830E+02   -1.719980131792E+01
    1.995262782958E-04    5.490928291424E+03    5.479705191978E+03   -1.854151168809E+02   -1.865742259680E+02   -2.075275155621E+01   -2.088736575461E+01    3.721543466612E+03   -1.483623477502E+02   -1.636638643000E+01
    2.113489532207E-04    5.155021000615E+03    5.143926567814E+03   -1.741342953865E+02   -1.752669002721E+02   -1.972026257274E+01   -1.985076462280E+01    3.493652721619E+03   -1.393664694378E+02   -1.556948418512E+01
    2.238721656565E-04    4.839710464200E+03    4.828743234494E+03   -1.635439408093E+02   -1.646504375591E+02   -1.873510812970E+01   -1.886160059318E+01    3.279738113474E+03   -1.309203153606E+02   -1.480775120930E+01
    2.371374250594E-04    4.543733075398E+03    4.532891602428E+03   -1.536017012918E+02   -1.546824814717E+02   -1.779537282983E+01   -1.791795611093E+01    3.078942179435E+03   -1.229901814359E+02   -1.407987430299E+01
    2.511887004750E-04    4.265902757398E+03    4.255185611819E+03   -1.442678237886E+02   -1.453232745185E+02   -1.689920099196E+01   -1.701797337210E+01    2.890460067674E+03   -1.155444315840E+02   -1.338457154848E+01
    2.660725662789E-04    4.005106206024E+03    3.994511975334E+03   -1.355049945953E+02   -1.365354986018E+02   -1.604479626471E+01   -1.615985393693E+01    2.713536309012E+03   -1.085533708306E+02   -1.272059318323E+01
    2.818383565518E-04    3.760298425446E+03    3.749825713815E+03   -1.272781896990E+02   -1.282841253679E+02   -1.523042107960E+01   -1.534185818260E+01    2.547461787497E+03   -1.019891262256E+02   -1.208672226242E+01
    2.985383286022E-04    3.530498536570E+03    3.520145964672E+03   -1.195545342705E+02   -1.205362756986E+02   -1.445439596492E+01   -1.456230461667E+01    2.391570896023E+03   -9.582553503536E+01   -1.148177513397E+01
    3.162278361789E-04    3.314785842976E+03    3.304552047828E+03   -1.123031707894E+02   -1.132610878363E+02   -1.371509873774E+01   -1.381956906877E+01    2.245238866728E+03   -9.003803980554E+01   -1.090460174463E+01
    3.349655129464E-04    3.112296138252E+03    3.102179773048E+03   -1.054951352608E+02   -1.064295935997E+02   -1.301096359086E+01   -1.311208377713E+01    2.107879265180E+03   -8.460358986177E+01   -1.035408579560E+01
    3.548134668321E-04    2.922218240205E+03    2.912217974165E+03   -9.910324103815E+01   -1.000146022064E+02   -1.234048008975E+01   -1.243833638515E+01    1.978941638544E+03   -7.950054886322E+01   -9.829144764159E+00
    3.758374858894E-04    2.743790736468E+03    2.733905254675E+03   -9.310196973148E+01   -9.399059118096E+01   -1.170219209359E+01   -1.179686886215E+01    1.857909307179E+03   -7.470860799408E+01   -9.328729807205E+00
    3.981072563587E-04    2.576298931543E+03    2.566526934799E+03   -8.746736886856E+01   -8.833360401515E+01   -1.109469661187E+01   -1.118627635949E+01    1.744297292941E+03   -7.020870452890E+01   -8.851825558954E+00
    4.216965936497E-04    2.419071980281E+03    2.409412184955E+03   -8.217695580536E+01   -8.302115407839E+01   -1.051664260865E+01   -1.060520601457E+01    1.637650373994E+03   -6.598294537035E+01   -8.397449836982E+00
    4.466836870101E-04    2.271480197246E+03    2.261931335128E+03   -7.720962753249E+01   -7.803213442360E+01   -9.966729764220E+00   -1.005235571209E+01    1.537541258972E+03   -6.201453527887E+01   -7.964653267508E+00
    4.731513586915E-04    2.132932531246E+03    2.123493349405E+03   -7.254557601836E+01   -7.334673313009E+01   -9.443707203230E+00   -9.526472811872E+00    1.443568873228E+03   -5.828770950798E+01   -7.552518840391E+00
    5.011873384724E-04    2.002874194880E+03    1.993543455529E+03   -6.816620874851E+01   -6.894635384240E+01   -8.946372197579E+00   -9.026352851346E+00    1.355356750274E+03   -5.478767057439E+01   -7.160161403392E+00
    5.308845544473E-04    1.880784439511E+03    1.871560919868E+03   -6.405407413976E+01   -6.481354118422E+01   -8.473568851288E+00   -8.550838230128E+00    1.272551521898E+03   -5.150052890719E+01   -6.786727104388E+00
    5.623414410462E-04    1.766174466235E+03    1.757056958391E+03   -6.019279151320E+01   -6.093191073094E+01   -8.024186773983E+00   -8.098816883151E+00    1.194821500573E+03   -4.841324712468E+01   -6.431392789477E+00
    5.956622653057E-04    1.658585466146E+03    1.649572776938E+03   -5.656698540138E+01   -5.728608331657E+01   -7.597159748784E+00   -7.669220948219E+00    1.121855349607E+03   -4.551358776003E+01   -6.093365363646E+00
    6.309574724727E-04    1.557586780005E+03    1.548677730890E+03   -5.316222385784E+01   -5.386162334294E+01   -7.191464399891E+00   -7.261025433268E+00    1.053360834314E+03   -4.279006417185E+01   -5.771881121001E+00
    6.683440520859E-04    1.462774171038E+03    1.453967597970E+03   -4.996496055912E+01   -5.064498088141E+01   -6.806118864421E+00   -6.873246887872E+00    9.890636499524E+02   -4.023189447243E+01   -5.466205050012E+00
    7.079459257502E-04    1.373768203719E+03    1.365062957034E+03   -4.696248045917E+01   -4.762343732703E+01   -6.440181472577E+00   -6.504942083092E+00    9.287063215909E+02   -3.782895828292E+01   -5.175630119070E+00
    7.498943578865E-04    1.290212722122E+03    1.281607666421E+03   -4.414284878175E+01   -4.478505439063E+01   -6.092749439760E+00   -6.155206703273E+00    8.720471715335E+02   -3.557175614453E+01   -4.899476547051E+00
    7.943283908219E-04    1.211773421278E+03    1.203267435316E+03   -4.149486313014E+01   -4.211862620831E+01   -5.762957573654E+00   -5.823174052805E+00    8.188593498594E+02   -3.345137141036E+01   -4.637091063112E+00
    8.413953056587E-04    1.138136506564E+03    1.129728483145E+03   -3.900800854795E+01   -3.961363440204E+01   -5.449976999152E+00   -5.508013780746E+00    7.689299247025E+02   -3.145943448554E+01   -4.387846159442E+00
    8.912511104532E-04    1.069007435359E+03    1.060696281232E+03   -3.667241533749E+01   -3.726020589778E+01   -5.153013903438E+00   -5.208930625590E+00    7.220590283522E+02   -2.958808926162E+01   -4.151139340374E+00
    9.440610573198E-04    1.004109735709E+03    9.958943714696E+02   -3.447881945961E+01   -3.504907332514E+01   -4.871308303166E+00   -4.925163182142E+00    6.780590556166E+02   -2.782996160518E+01   -3.926392370860E+00
    1.000000190176E-03    9.431838975556E+02    9.350632575495E+02   -3.241852536573E+01   -3.297153784926E+01   -4.604132835514E+00   -4.655982692275E+00    6.367539114203E+02   -2.617812978176E+01   -3.713050526933E+00
    1.059253924943E-03    8.859863319865E+02    8.779593642197E+02   -3.048337111031E+01   -3.101943428309E+01   -4.350791574528E+00   -4.400691860969E+00    5.979783045689E+02   -2.462609669451E+01   -3.510581850516E+00
    1.122018664127E-03    8.322883944599E+02    8.243540605121E+02   -2.866569560746E+01   -2.918509834388E+01   -4.110618874007E+00   -4.158623698908E+00    5.615770849188E+02   -2.316776382897E+01   -3.318476410664E+00
    1.188502447811E-03    7.818754675008E+02    7.740327424428E+02   -2.695830788124E+01   -2.746133590340E+01   -3.882978237579E+00   -3.929140392260E+00    5.274046209081E+02   -2.179740678428E+01   -3.136245572933E+00
    1.258925643231E-03    7.345461003802E+02    7.267939726962E+02   -2.535445822598E+01   -2.584139414809E+01   -3.667261217331E+00   -3.711632201021E+00    4.953242157530E+02   -2.050965232430E+01   -2.963421278665E+00
    1.333521675200E-03    6.901112011251E+02    6.824486726396E+02   -2.384781112072E+01   -2.431893449355E+01   -3.462886340983E+00   -3.505516385904E+00    4.652075591576E+02   -1.929945682460E+01   -2.799555335353E+00
    1.412537799822E-03    6.483932782063E+02    6.408193640160E+02   -2.243241980895E+01   -2.288800716409E+01   -3.269298068275E+00   -3.310236164449E+00    4.369342127331E+02   -1.816208604448E+01   -2.644218719338E+00
    1.496235924044E-03    6.092257287575E+02    6.017394571674E+02   -2.110270243793E+01   -2.154302733215E+01   -3.085965776807E+00   -3.125259696576E+00    4.103911269925E+02   -1.709309614014E+01   -2.497000891818E+00
    1.584893473776E-03    5.724521704941E+02    5.650525829594E+02   -1.985341966291E+01   -2.027875272250E+01   -2.912382777459E+00   -2.950079099740E+00    3.854721880010E+02   -1.608831584344E+01   -2.357509129018E+00
    1.678804313446E-03    5.379258145508E+02    5.306119656235E+02   -1.867965362296E+01   -1.909026258802E+01   -2.748065359350E+00   -2.784209493614E+00    3.620777917917E+02   -1.514382973214E+01   -2.225367867158E+00
    1.778279720043E-03    5.055088767881E+02    4.982798340693E+02   -1.757678820615E+01   -1.797293797508E+01   -2.592551864263E+00   -2.627188074250E+00    3.401144448876E+02   -1.425596252616E+01   -2.100218062818E+00
    1.883649414877E-03    4.750720253990E+02    4.679268694967E+02   -1.654049053161E+01   -1.692244320553E+01   -2.445401790559E+00   -2.478573217721E+00    3.194943894553E+02   -1.342126435209E+01   -1.981716569217E+00
    1.995262656475E-03    4.464938622362E+02    4.394316867285E+02   -1.556669356178E+01   -1.593470848920E+01   -2.306194925990E+00   -2.337943612687E+00    3.001352513418E+02   -1.263649690714E+01   -1.869535528610E+00
    2.113489398229E-03    4.196604360112E+02    4.126803474162E+02   -1.465157978308E+01   -1.500591360463E+01   -2.174530509298E+00   -2.204897421725E+00    2.819597097390E+02   -1.189862047320E+01   -1.763361781115E+00
    2.238721514648E-03    3.944647853618E+02    3.875659031130E+02   -1.379156588761E+01   -1.413247258099E+01   -2.050026420136E+00   -2.079051471000E+00    2.648951871173E+02   -1.120478172752E+01   -1.662896290149E+00
    2.371374100268E-03    3.708065099927E+02    3.639879664212E+02   -1.298328839596E+01   -1.331101932109E+01   -1.932318396934E+00   -1.960040467889E+00    2.488735582085E+02   -1.055230230222E+01   -1.567853584538E+00
    2.511886845517E-03    3.485913679821E+02    3.418523083054E+02   -1.222359015697E+01   -1.253839410140E+01   -1.821059282012E+00   -1.847516245835E+00    2.338308767450E+02   -9.938668041720E+00   -1.477961217240E+00
    2.660725494121E-03    3.277308979910E+02    3.210704803088E+02   -1.150950768226E+01   -1.181163090683E+01   -1.715918293775E+00   -1.741147036311E+00    2.197071190987E+02   -9.361518924338E+00   -1.392959240829E+00
    2.818383386855E-03    3.081420645651E+02    3.015594598622E+02   -1.083825925475E+01   -1.112794553963E+01   -1.616580325145E+00   -1.640616767012E+00    2.064459435888E+02   -8.818639599865E+00   -1.312599699503E+00
    2.985383096773E-03    2.897469251876E+02    2.832413173442E+02   -1.020723376628E+01   -1.048472445728E+01   -1.522745267708E+00   -1.545624385763E+00    1.939944645512E+02   -8.307950507277E+00   -1.236646137480E+00
    3.162278161326E-03    2.724723177718E+02    2.660429035824E+02   -9.613980240253E+00   -9.879514295638E+00   -1.434127360996E+00   -1.455883209581E+00    1.823030402774E+02   -7.827499537634E+00   -1.164873123652E+00
    3.349654917123E-03    2.562495673330E+02    2.498955565322E+02   -9.056197997245E+00   -9.310012034927E+00   -1.350454566284E+00   -1.371120298237E+00    1.713250739681E+02   -7.375454208517E+00   -1.097065792257E+00
    3.548134443398E-03    2.410142106623E+02    2.347348259605E+02   -8.531727423939E+00   -8.774055769175E+00   -1.271467964247E+00   -1.291075851702E+00    1.610168269041E+02   -6.950094318654E+00   -1.033019399346E+00
    3.758374620643E-03    2.267057378118E+02    2.205002149388E+02   -8.038541305558E+00   -8.269616039190E+00   -1.196921175720E+00   -1.215502630686E+00    1.513372430239E+02   -6.549805050923E+00   -9.725388946528E-01
    3.981072311218E-03    2.132673495946E+02    2.071349373533E+02   -7.574736695122E+00   -7.794787702398E+00   -1.126579805235E+00   -1.144165399968E+00    1.422477843702E+02   -6.173070502544E+00   -9.154385088422E-01
    4.216965669175E-03    2.006457298513E+02    1.945856901804E+02   -7.138527277625E+00   -7.347782297655E+00   -1.060220906305E+00   -1.076840393474E+00    1.337122765556E+02   -5.818467609116E+00   -8.615413555326E-01
    4.466836586940E-03    1.887908317160E+02    1.828024397639E+02   -6.728236203486E+00   -6.926920879392E+00   -9.976324679861E-01   -1.013314800640E+00    1.256967637302E+02   -5.484660442093E+00   -8.106790479151E-01
    4.731513286975E-03    1.776556769960E+02    1.717382212044E+02   -6.342289361549E+00   -6.530627291355E+00   -9.386129220336E-01   -9.533862733756E-01    1.181693724460E+02   -5.170394856037E+00   -7.626913295951E-01
    5.011873067012E-03    1.671961678709E+02    1.613489500707E+02   -5.979209065053E+00   -6.157421853379E+00   -8.829706700067E-01   -8.968624529818E-01    1.111001838837E+02   -4.874493464508E+00   -7.174257193187E-01
    5.308845207934E-03    1.573709101049E+02    1.515932456231E+02   -5.637608123509E+00   -5.805915434129E+00   -8.305236295976E-01   -8.435605163006E-01    1.044611138903E+02   -4.595850923054E+00   -6.747371691615E-01
    5.623414053982E-03    1.481410471409E+02    1.424322649202E+02   -5.316184279361E+00   -5.474803888688E+00   -7.810987996663E-01   -7.933067405767E-01    9.822580040241E+01   -4.333429502490E+00   -6.344877359040E-01
    5.956622275455E-03    1.394701043843E+02    1.338295471160E+02   -5.013714986257E+00   -5.162862837814E+00   -7.345318433173E-01   -7.459360863688E-01    9.236949778441E+01   -4.086254934030E+00   -5.965462652018E-01
    6.309574324750E-03    1.313238430107E+02    1.257508672813E+02   -4.729052506584E+00   -4.868942766543E+00   -6.906666883143E-01   -7.012917978075E-01    8.686897762938E+01   -3.853412508489E+00   -5.607880881187E-01
    6.683440097183E-03    1.236701227530E+02    1.181640992049E+02   -4.461119310034E+00   -4.591964423876E+00   -6.493551442965E-01   -6.592250196634E-01    8.170243565329E+01   -3.634043415051E+00   -5.270947297057E-01
    7.079458808720E-03    1.164787731052E+02    1.110390866130E+02   -4.208903754407E+00   -4.330914504797E+00   -6.104565361764E-01   -6.195944306056E-01    7.684940430189E+01   -3.427341304637E+00   -4.953536292383E-01
    7.498943103492E-03    1.097214724412E+02    1.043475223041E+02   -3.971456031792E+00   -4.084841597718E+00   -5.738373531599E-01   -5.822658920927E-01    7.229067072827E+01   -3.232549064468E+00   -4.654578717643E-01
    7.943283404678E-03    1.033716344964E+02    9.806283464726E+01   -3.747884361632E+00   -3.852852378917E+00   -5.393709126713E-01   -5.471121121796E-01    6.800819976707E+01   -3.048955789112E+00   -4.373059304912E-01
    8.413952523210E-03    9.740430189219E+01    9.216008112492E+01   -3.537351420036E+00   -3.634108043283E+00   -5.069370389069E-01   -5.140123239640E-01    6.398506168877E+01   -2.875893939530E+00   -4.108014198570E-01
    8.912510539550E-03    9.179604614391E+01    8.661584835931E+01   -3.339070986518E+00   -3.427820952580E+00   -4.764217551912E-01   -4.828519778488E-01    6.020536435335E+01   -2.712736675169E+00   -3.858528587269E-01
    9.440609974739E-03    8.652487381150E+01    8.140815828340E+01   -3.152304796846E+00   -3.233251489899E+00   -4.477169897291E-01   -4.535224472123E-01    5.665418953331E+01   -2.558895350073E+00   -3.623734434508E-01
    1.000000126784E-02    8.157013840905E+01    7.651638007140E+01   -2.976359589090E+00   -3.049705107410E+00   -4.207202942154E-01   -4.259207469515E-01    5.331753314467E+01   -2.413817162766E+00   -3.402808304247E-01
    1.059253857795E-02    7.691245772126E+01    7.192114747761E+01   -2.810584331151E+00   -2.876529555673E+00   -3.953345748017E-01   -3.999492643977E-01    5.018224914761E+01   -2.276982950546E+00   -3.194969278181E-01
    1.122018593000E-02    7.253363618584E+01    6.760428124236E+01   -2.654367618338E+00   -2.713112283089E+00   -3.714678349080E-01   -3.755155020932E-01    4.723599688536E+01   -2.147905119124E+00   -2.999476961164E-01
    1.188502372469E-02    6.841659203142E+01    6.354871625491E+01   -2.507135230633E+00   -2.558877995135E+00   -3.490329293995E-01   -3.525318319521E-01    4.446719165054E+01   -2.026125699341E+00   -2.815629571509E-01
    1.258925563425E-02    6.454528891255E+01    5.973843321489E+01   -2.368347841014E+00   -2.413286364740E+00   -3.279473297559E-01   -3.309152604316E-01    4.186495830384E+01   -1.911214524101E+00   -2.642762113628E-01
    1.333521590666E-02    6.090467171544E+01    5.615839446602E+01   -2.237498863924E+00   -2.275829882904E+00   -3.081328996536E-01   -3.105872041389E-01    3.941908772345E+01   -1.802767516839E+00   -2.480244628931E-01
    1.412537710278E-02    5.748060630877E+01    5.279448377650E+01   -2.114112436368E+00   -2.146031842030E+00   -2.895156806076E-01   -2.914732755189E-01    3.711999593218E+01   -1.700405085518E+00   -2.327480522522E-01
    1.496235829195E-02    5.425982299117E+01    4.963344981784E+01   -1.997741523352E+00   -2.023444443675E+00   -2.720256872369E-01   -2.735030781907E-01    3.495868573381E+01   -1.603770615584E+00   -2.183904962646E-01
    1.584893373306E-02    5.122986341329E+01    4.666285312012E+01   -1.887966140255E+00   -1.907647023327E+00   -2.555967117624E-01   -2.566100115419E-01    3.292671070791E+01   -1.512529055958E+00   -2.048983350087E-01
    1.678804207023E-02    4.837903074049E+01    4.387101626977E+01   -1.784391684342E+00   -1.798244384383E+00   -2.401661372878E-01   -2.407310841350E-01    3.101614140448E+01   -1.426365591864E+00   -1.922209854321E-01
    1.778279607314E-02    4.569634289530E+01    4.124697718920E+01   -1.686647370078E+00   -1.694865235998E+00   -2.256747595947E-01   -2.258067356572E-01    2.921953362923E+01   -1.344984400232E+00   -1.803106014527E-01
    1.883649295469E-02    4.317148866236E+01    3.878044528099E+01   -1.594384761008E+00   -1.597160727551E+00   -2.120666170082E-01   -2.117806669747E-01    2.752989867209E+01   -1.268107481912E+00   -1.691219402243E-01
    1.995262529991E-02    4.079478648537E+01    3.646176026639E+01   -1.507276392541E+00   -1.504803074045E+00   -1.992888279977E-01   -1.985996779550E-01    2.594067536341E+01   -1.195473566184E+00   -1.586122343235E-01
    2.113489264250E-02    3.855714579596E+01    3.428185355803E+01   -1.425014480330E+00   -1.417484267135E+00   -1.872914361908E-01   -1.862135127413E-01    2.444570384907E+01   -1.126837083317E+00   -1.487410696274E-01
    2.238721372731E-02    3.645003071842E+01    3.223221201088E+01   -1.347309709080E+00   -1.334914866564E+00   -1.760272624756E-01   -1.745747121539E-01    2.303920097877E+01   -1.061967201054E+00   -1.394702686424E-01
    2.371373949942E-02    3.446542600632E+01    3.030484390776E+01   -1.273890097025E+00   -1.256822867246E+00   -1.654517638860E-01   -1.636384729168E-01    2.171573720985E+01   -1.000646921217E+00   -1.307637790632E-01
    2.511886686283E-02    3.259580506093E+01    2.849224702898E+01   -1.204499931092E+00   -1.182952636967E+00   -1.555228989290E-01   -1.533625133710E-01    2.047021492459E+01   -9.426722324347E-01   -1.225875673086E-01
    2.660725325452E-02    3.083409993784E+01    2.678737871301E+01   -1.138898769722E+00   -1.113063921626E+00   -1.462009991786E-01   -1.437069455022E-01    1.929784809779E+01   -8.878513165704E-01   -1.149095169103E-01
    2.818383208192E-02    2.917367318454E+01    2.518362775065E+01   -1.076860508111E+00   -1.046930912757E+00   -1.374486467484E-01   -1.346341528954E-01    1.819414320773E+01   -8.360038046344E-01   -1.076993314619E-01
    2.985382907523E-02    2.760829141625E+01    2.367478802010E+01   -1.018172502872E+00   -9.843413742377E-01   -1.292305574444E-01   -1.261086744226E-01    1.715488132761E+01   -7.869600797660E-01   -1.009284419846E-01
    3.162277960863E-02    2.613210052069E+01    2.225503375361E+01   -9.626347525229E-01   -9.250958245533E-01   -1.215134693388E-01   -1.180970934043E-01    1.617610132337E+01   -7.405606243817E-01   -9.456991851475E-02
    3.349654704782E-02    2.473960239465E+01    2.091889633840E+01   -9.100591306332E-01   -8.690067713425E-01   -1.142660365369E-01   -1.105679320199E-01    1.525408409176E+01   -6.966554089152E-01   -8.859838574369E-02
    3.548134218475E-02    2.342563311396E+01    1.966124255334E+01   -8.602686684270E-01   -8.158979949409E-01   -1.074587278923E-01   -1.034915507220E-01    1.438533777204E+01   -6.551033195455E-01   -8.298994252465E-02
    3.758374382392E-02    2.218534245818E+01    1.847725416252E+01   -8.130968842920E-01   -7.656038782535E-01   -1.010637304880E-01   -9.684005247333E-02    1.356658387753E+01   -6.157716228195E-01   -7.772208510957E-02
    3.981072058850E-02    2.101417470834E+01    1.736240878369E+01   -7.683871575742E-01   -7.179687802014E-01   -9.505485768254E-02   -9.058719160539E-02    1.279474429178E+01   -5.785354650031E-01   -7.277363396385E-02
    4.216965401853E-02    1.990785063462E+01    1.631246194803E+01   -7.259921439606E-01   -6.728464498943E-01   -8.940746150930E-02   -8.470828708309E-02    1.206692907250E+01   -5.432774039320E-01   -6.812466399457E-02
    4.466836303778E-02    1.886235060912E+01    1.532343028585E+01   -6.857732303953E-01   -6.300994792954E-01   -8.409834927291E-02   -7.918014001864E-02    1.138042501912E+01   -5.098869716254E-01   -6.375643807340E-02
    4.731512987035E-02    1.787389877592E+01    1.439157576980E+01   -6.476000273725E-01   -5.895987920134E-01   -7.910570417595E-02   -7.398095526081E-02    1.073268495779E+01   -4.782602658341E-01   -5.965134372234E-02
    5.011872749299E-02    1.693894821830E+01    1.351339095441E+01   -6.113498967128E-01   -5.512231660878E-01   -7.440900983012E-02   -6.909026690733E-02    1.012131770237E+01   -4.482995688849E-01   -5.579283284681E-02
    5.308844871396E-02    1.605416705744E+01    1.268558514525E+01   -5.769075127274E-01   -5.148587884163E-01   -6.998897847971E-02   -6.448886755755E-02    9.544078646657E+00   -4.199129920214E-01   -5.216536437758E-02
    5.623413697503E-02    1.521642544494E+01    1.190507145876E+01   -5.441644556778E-01   -4.803988393832E-01   -6.582748287559E-02   -6.015874123020E-02    8.998860961569E+00   -3.930141441845E-01   -4.875434976693E-02
    5.956621897853E-02    1.442278338435E+01    1.116895470590E+01   -5.130188354511E-01   -4.477431052791E-01   -6.190749162377E-02   -5.608299975195E-02    8.483687352548E+00   -3.675218234109E-01   -4.554610119271E-02
    6.309573924774E-02    1.367047934160E+01    1.047452005793E+01   -4.833749442646E-01   -4.167976169089E-01   -5.821300793223E-02   -5.224582251767E-02    7.996702349354E+00   -3.433597296943E-01   -4.252778239870E-02
    6.683439673506E-02    1.295691960154E+01    9.819222448462E+00   -4.551429370872E-01   -3.874743126117E-01   -5.472901166520E-02   -4.863239950236E-02    7.536165097873E+00   -3.204561980299E-01   -3.968736208519E-02
    7.079458359939E-02    1.227966833092E+01    9.200676669551E+00   -4.282385385954E-01   -3.596907239865E-01   -5.144140463042E-02   -4.522887741392E-02    7.100442626077E+00   -2.987439504458E-01   -3.701356977218E-02
    7.498942628119E-02    1.163643831105E+01    8.616648121159E+00   -4.025827755452E-01   -3.333696826234E-01   -4.833695903363E-02   -4.202230887592E-02    6.688003557528E+00   -2.781598658488E-01   -3.449585405987E-02
    7.943282901137E-02    1.102508230598E+01    8.065044175724E+00   -3.781017335316E-01   -3.084390461745E-01   -4.540326904724E-02   -3.900060453373E-02    6.297412247661E+00   -2.586447665611E-01   -3.212434321673E-02
    8.413951989832E-02    1.044358504227E+01    7.543906128425E+00   -3.547263374645E-01   -2.848314422948E-01   -4.262870549276E-02   -3.615248801294E-02    5.927323324342E+00   -2.401432206393E-01   -2.988980805746E-02
    8.912509974568E-02    9.890055765049E+00    7.051401692186E+00   -3.323921546138E-01   -2.624840285747E-01   -4.000237357871E-02   -3.346745359452E-02    5.576476606543E+00   -2.226033587315E-01   -2.778362702536E-02
    9.440609376280E-02    9.362721350822E+00    6.585818010539E+00   -3.110392196311E-01   -2.413382669436E-01   -3.751407371633E-02   -3.093572653016E-02    5.243692384895E+00   -2.059767045798E-01   -2.579775344529E-02
    1.000000063392E-01    8.859919954571E+00    6.145555157556E+00   -2.906118807803E-01   -2.213397108136E-01   -3.515426542326E-02   -2.854822589273E-02    4.927867045569E+00   -1.902180181382E-01   -2.392468489649E-02
    1.059253790647E-01    8.380095172929E+00    5.729120096857E+00   -2.710586666933E-01   -2.024378032175E-01   -3.291403435151E-02   -2.629652985950E-02    4.627969021262E+00   -1.752851503079E-01   -2.215743466379E-02
    1.122018521873E-01    7.921790704153E+00    5.335121069634E+00   -2.523321728195E-01   -1.845856840699E-01   -3.078506246620E-02   -2.417284330073E-02    4.343035051906E+00   -1.611389082055E-01   -2.048950521162E-02
    1.188502297128E-01    7.483645496513E+00    4.962262389428E+00   -2.343889671463E-01   -1.677400047199E-01   -2.875960148409E-02   -2.216996757415E-02    4.072166743940E+00   -1.477429300498E-01   -1.891486366303E-02
    1.258925483619E-01    7.064389370189E+00    4.609339614154E+00   -2.171895124673E-01   -1.518607475188E-01   -2.683044948043E-02   -2.028127236497E-02    3.814527412279E+00   -1.350635678916E-01   -1.742791918449E-02
    1.333521506131E-01    6.662839103438E+00    4.275235069101E+00   -2.006981210827E-01   -1.369110497640E-01   -2.499093217631E-02   -1.850066944323E-02    3.569339192023E+00   -1.230697826127E-01   -1.602350262049E-02
    1.412537620735E-01    6.277894976548E+00    3.958913694852E+00   -1.848828730567E-01   -1.228570234429E-01   -2.323488333227E-02   -1.682258802783E-02    3.335880407844E+00   -1.117330273264E-01   -1.469684675970E-02
    1.496235734345E-01    5.908537770743E+00    3.659419193871E+00   -1.697156333581E-01   -1.096675809541E-01   -2.155663572737E-02   -1.524195180762E-02    3.113483190001E+00   -1.010271634429E-01   -1.344357030571E-02
    1.584893272837E-01    5.553826209270E+00    3.375870441927E+00   -1.551720181332E-01   -9.731425012802E-02   -1.995101064516E-02   -1.375415705851E-02    2.901531320157E+00   -9.092835829674E-02   -1.225966210752E-02
    1.678804100600E-01    5.212894849937E+00    3.107458140499E+00   -1.412313872226E-01   -8.577098308161E-02   -1.841331243364E-02   -1.235505173076E-02    2.699458300445E+00   -8.141498918468E-02   -1.114146734423E-02
    1.778279494585E-01    4.884952415397E+00    2.853441670182E+00   -1.278768505111E-01   -7.501395476002E-02   -1.693932746995E-02   -1.104091510150E-02    2.506745626426E+00   -7.246754856386E-02   -1.008567532196E-02
    1.883649176061E-01    4.569280561229E+00    2.613146110104E+00   -1.150952754959E-01   -6.502134677351E-02   -1.552532685005E-02   -9.808437554286E-03    2.322921250568E+00   -6.406854509815E-02   -9.089308530528E-03
    1.995262403507E-01    4.265233074785E+00    2.385959380712E+00   -1.028772944150E-01   -5.577311304724E-02   -1.416807303768E-02   -8.654699976323E-03    2.147558217956E+00   -5.620239889265E-02   -8.149712823681E-03
    2.113489130272E-01    3.972235494727E+00    2.171329462056E+00   -9.121730508366E-02   -4.725072326971E-02   -1.286483038578E-02   -7.577152167689E-03    1.980273453186E+00   -4.885532785540E-02   -7.264548466780E-03
    2.238721230814E-01    3.689785135638E+00    1.968761632805E+00   -8.011345809481E-02   -3.943687992576E-02   -1.161337932766E-02   -6.573589550194E-03    1.820726673291E+00   -4.201522166031E-02   -6.431781727080E-03
    2.371373799615E-01    3.417451493769E+00    1.777815667126E+00   -6.956762123209E-02   -3.231520458923E-02   -1.041203387283E-02   -5.642127344926E-03    1.668619396197E+00   -3.567149926490E-02   -5.649676595821E-03
    2.511886527050E-01    3.154876998568E+00    1.598102916993E+00   -5.958530978620E-02   -2.586988916839E-02   -9.259661823624E-03   -4.781171257382E-03    1.523694007442E+00   -2.981494536214E-02   -4.916786126461E-03
    2.660725156783E-01    2.901778059101E+00    1.429283196591E+00   -5.017556891161E-02   -2.008530801904E-02   -8.155706837858E-03   -3.989383571311E-03    1.385732839481E+00   -2.443752053286E-02   -4.231942746005E-03
    2.818383029529E-01    2.657946333850E+00    1.271061373298E+00   -4.135079119881E-02   -1.494558736233E-02   -7.100211080913E-03   -3.265643413613E-03    1.254557207533E+00   -1.953213924097E-02   -3.594246744053E-03
    2.985382718274E-01    2.423250125581E+00    1.123183556288E+00   -3.312644922447E-02   -1.043412937642E-02   -6.093836718080E-03   -2.608999820694E-03    1.130026333357E+00   -1.509240920549E-02   -3.003051963738E-03
    3.162277760400E-01    2.197635768467E+00    9.854327598840E-01   -2.552071904320E-02   -6.533089859981E-03   -5.137883868907E-03   -2.018616131389E-03    1.012036073395E+00   -1.111232517307E-02   -2.457947510019E-03
    3.349654492440E-01    1.981128830813E+00    8.576239045501E-01   -1.855396636685E-02   -3.222810659963E-03   -4.234301849106E-03   -1.493704169067E-03    9.005173499389E-01   -7.585909752320E-03   -1.958734050815E-03
    3.548133993551E-01    1.773834901811E+00    7.395980057422E-01   -1.224806278350E-02   -4.812114239650E-04   -3.385689534565E-03   -1.033446699449E-03    7.954341636326E-01   -4.506793931727E-03   -1.505393022380E-03
    3.758374144141E-01    1.575939662142E+00    6.312153906017E-01   -6.625494843055E-03    1.716850048017E-03   -2.595279451201E-03   -6.369067972109E-04    6.967810421862E-01   -1.867730296172E-03   -1.098046762133E-03
    3.981071806482E-01    1.387707854146E+00    5.323477782482E-01   -1.708224712930E-03    3.400233081737E-03   -1.866898697989E-03   -3.029231039365E-04    6.045797544594E-01    3.399669132310E-04   -7.369073002504E-04
    4.216965134532E-01    1.209480664119E+00    4.428690640879E-01    2.483742255835E-03    4.602160562233E-03   -1.204897995665E-03   -2.999059329838E-05    5.188750911159E-01    2.127058630434E-03   -4.222112589669E-04
    4.466836020616E-01    1.041670904977E+00    3.626446682657E-01    5.934129305988E-03    5.360820604819E-03   -6.140380012609E-04    1.838724873585E-04    4.397294844147E-01    3.507094831798E-03   -1.541380776634E-04
    4.731512687095E-01    8.847552383108E-01    2.915193501598E-01    8.632544314715E-03    5.719872833433E-03   -9.931950585956E-05    3.412691949942E-04    3.672162119027E-01    4.497200001490E-03    6.729135036262E-05
    5.011872431586E-01    7.392624976964E-01    2.293034653074E-01    1.057705877730E-02    5.728790147565E-03    3.342587552683E-04    4.455752429885E-04    3.014109047827E-01    5.118916426072E-03    2.423384963884E-04
    5.308844534858E-01    6.057569677767E-01    1.757577627139E-01    1.177723428414E-02    5.442944324029E-03    6.820341399086E-04    5.010888514705E-04    2.423810661147E-01    5.399079506022E-03    3.716959921168E-04
    5.623413341023E-01    4.848152311410E-01    1.305770078718E-01    1.225759466696E-02    4.923317204756E-03    9.401288281083E-04    5.131658407777E-04    1.901733022130E-01    5.370682236986E-03    4.566631237195E-04
    5.956621520251E-01    3.769949194711E-01    9.337299631129E-02    1.206149598613E-02    4.235689768528E-03    1.106039276656E-03    4.883198680842E-04    1.447979928471E-01    5.073662265262E-03    4.993482249080E-04
    6.309573524797E-01    2.827933886196E-01    6.365792743285E-02    1.125526976618E-02    3.449131213991E-03    1.179394872374E-03    4.342584786139E-04    1.062111820775E-01    4.555511972736E-03    5.028955816884E-04
    6.683439249830E-01    2.025939883472E-01    4.082968327661E-02    9.932386287380E-03    2.633585716354E-03    1.162914432008E-03    3.598136731240E-04    7.429358091064E-02    3.871566066236E-03    4.717302342379E-04
    7.079457911159E-01    1.365972070058E-01    2.416135931987E-02    8.217172292948E-03    1.856345706634E-03    1.063584193297E-03    2.747104044888E-04    4.882675423873E-02    3.084756406932E-03    4.118071241897E-04
    7.498942152746E-01    8.473355053703E-02    1.279849722882E-02    6.267243824629E-03    1.177231606170E-03    8.940641207521E-04    1.890987108784E-04    2.946684842668E-02    2.264526588186E-03    3.308397811006E-04
    7.943282397597E-01    4.655456111530E-02    5.768965217148E-03    4.273141201358E-03    6.424105602812E-04    6.742835447284E-04    1.127564511862E-04    1.571663695268E-02    1.484443916080E-03    2.384636373183E-04
    8.413951456455E-01    2.109789706784E-02    2.012434757002E-03    2.452307539251E-03    2.770750635008E-04    4.330656212338E-04    5.385760595036E-05    6.897265058860E-03    8.177603721083E-04    1.462493240268E-04
    8.912509409587E-01    6.721879090619E-03    4.390517518634E-04    1.031498434221E-03    7.787728862707E-05    2.092643501064E-04    1.721800129092E-05    2.121914360120E-03    3.295333237345E-04    6.738389183776E-05
    9.440608777821E-01    9.043439974682E-04    3.036068027120E-05    2.030331168759E-04    7.661835966645E-06    5.060147272262E-05    2.057919009904E-06    2.747474985244E-04    6.199900300284E-05    1.550734705946E-05
