# Q1 =   100.0000 , Q2 =   500.0000
# x  F1Wp(LO) F1Wm(LO) F1Wp(NLO) F1Wm(NLO) F1Wp(NNLO) F1Wm(NNLO) F1Z(LO) F1Z(NLO) F1Z(NNLO)
   1.000000316960025E-05   1.487701317185561E+05   1.487494295255934E+05  -2.172350244066086E+03  -2.172517689823583E+03   2.542948451510253E+00   2.541136771000774E+00   1.012200112168339E+05  -1.827537630544884E+03   2.679902293823753E+00
   1.059254059239670E-05   1.396431762711570E+05   1.396227115956167E+05  -2.038372343112508E+03  -2.038535894723608E+03   2.282507530499987E+00   2.280772794457105E+00   9.500967362516768E+04  -1.714822041846605E+03   2.426481320165720E+00
   1.122018806380609E-05   1.310762472255910E+05   1.310560173489792E+05  -1.912654206476526E+03  -1.912813921283528E+03   2.044047036156607E+00   2.042387012143791E+00   8.918041188400421E+04  -1.609055681455713E+03   2.193724446291278E+00
   1.188502598494097E-05   1.230349804985998E+05   1.230149827335842E+05  -1.794686815207685E+03  -1.794842749894957E+03   1.825875671687848E+00   1.824288174932000E+00   8.370884213776914E+04  -1.509810273076757E+03   1.980071729826660E+00
   1.258925802842614E-05   1.154871206443525E+05   1.154673523344086E+05  -1.683992507616423E+03  -1.684144718217923E+03   1.626425381662872E+00   1.624908274346353E+00   7.857301542633164E+04  -1.416683924918826E+03   1.784075534838255E+00
   1.333521844269485E-05   1.084023914654005E+05   1.083828499844605E+05  -1.580123048227021E+03  -1.580271590133792E+03   1.444242688941993E+00   1.442793879477257E+00   7.375232963646841E+04  -1.329299504809797E+03   1.604392701840137E+00
   1.412537978909150E-05   1.017523745630934E+05   1.017330573151994E+05  -1.482657815611899E+03  -1.482802743579454E+03   1.277980621808454E+00   1.276598064156909E+00   6.922744685616011E+04  -1.247303115347406E+03   1.439777249489448E+00
   1.496236113742681E-05   9.551039534028720E+04   9.549129975924893E+04  -1.391202101789635E+03  -1.391343469945284E+03   1.126391197808293E+00   1.125072890782442E+00   6.498021580019459E+04  -1.170362662930610E+03   1.289073574898611E+00
   1.584893674714984E-05   8.965141599906687E+04   8.963253954812318E+04  -1.305385516321661E+03  -1.305523378171763E+03   9.883184230550368E-01   9.870624095692913E-01   6.099359899589447E+04  -1.098166514890613E+03   1.151210118766558E+00
   1.678804526291200E-05   8.415193510425929E+04   8.413327527574335E+04  -1.224860488661143E+03  -1.224994897098231E+03   8.626917746859903E-01   8.614961411504157E-01   5.725160443687715E+04  -1.030422239302512E+03   1.025193464127349E+00
   1.778279945500229E-05   7.898989330985435E+04   7.897144762486366E+04  -1.149300862710244E+03  -1.149431870020159E+03   7.485201317207961E-01   7.473830072773396E-01   5.373922143068274E+04  -9.668554223859786E+02   9.101028389590271E-01
   1.883649653693976E-05   7.414458487017310E+04   7.412635087824271E+04  -1.078400577907728E+03  -1.078528235776548E+03   6.448861248784594E-01   6.438056807920503E-01   5.044236038292630E+04  -9.072085587200924E+02   8.050849953545333E-01
   1.995262909442161E-05   6.959657458082428E+04   6.957854985960388E+04  -1.011872431521917E+03  -1.011996791042901E+03   5.509408787052109E-01   5.499153276732009E-01   4.734779627642232E+04  -8.512400097904160E+02   7.093494422827539E-01
   2.113489666185230E-05   6.532761981627130E+04   6.530980197120636E+04  -9.494469171505394E+02  -9.495680288309675E+02   4.658991164497077E-01   4.649267119744338E-01   4.444311561855143E+04  -7.987230266620049E+02   6.221640042523855E-01
   2.238721798482484E-05   6.132059735127763E+04   6.130298401529410E+04  -8.908711347369065E+02  -8.909890485048527E+02   3.890346044350893E-01   3.881136401427102E-01   4.171666664405166E+04  -7.494448328313091E+02   5.428506869889498E-01
   2.371374400920016E-05   5.755943467268513E+04   5.754202350587817E+04  -8.359077676999221E+02  -8.360225329109381E+02   3.196759134168464E-01   3.188047224350727E-01   3.915751257347501E+04  -7.032057635522949E+02   4.707818281256828E-01
   2.511887163983750E-05   5.402904550599596E+04   5.401183419532169E+04  -7.843341230471685E+02  -7.844457884909118E+02   2.572024753448885E-01   2.563794296712288E-01   3.675538773980909E+04  -6.598184581606799E+02   4.053765134969106E-01
   2.660725831458084E-05   5.071526929812945E+04   5.069825555710185E+04  -7.359412305937764E+02  -7.360498445006439E+02   2.010409142068967E-01   2.002644240735630E-01   3.450065640726618E+04  -6.191071021333609E+02   3.460972418810980E-01
   2.818383744180840E-05   4.760481441360410E+04   4.758799598199417E+04  -6.905329976486785E+02  -6.906386076961987E+02   1.506616331444391E-01   1.499301464183693E-01   3.238427411704548E+04  -5.809067158226471E+02   2.924468204156858E-01
   2.985383475271434E-05   4.468520481628002E+04   4.466857945981903E+04  -6.479254157545902E+02  -6.480280690734502E+02   1.055756407530870E-01   1.048876422984428E-01   3.039775140500678E+04  -5.450624869891699E+02   2.439654756609673E-01
   3.162278562252408E-05   4.194473002278562E+04   4.192829553287183E+04  -6.079458162751041E+02  -6.080455594562712E+02   6.533159932018280E-02   6.468561041188986E-02   2.853311974571095E+04  -5.114291444400765E+02   2.002281656795591E-01
   3.349655341805616E-05   3.937239812687426E+04   3.935615232028340E+04  -5.704321718249985E+02  -5.705290509254121E+02   2.951308047803984E-02   2.890765821297199E-02   2.678289958621335E+04  -4.798703702419586E+02   1.608420782135641E-01
   3.548134893244519E-05   3.695789170627596E+04   3.694183242487474E+04  -5.352324407189261E+02  -5.353265012678173E+02  -2.263986875468004E-03  -2.830250203426015E-03   2.514007034137911E+04  -4.502582481296840E+02   1.254443052832495E-01
   3.758375097144506E-05   3.469152643516778E+04   3.467565154563156E+04  -5.022039517915290E+02  -5.022952387967637E+02  -3.035368736055532E-02  -3.088216480688769E-02   2.359804223035579E+04  -4.224727458880433E+02   9.369967838382316E-02
   3.981072815954668E-05   3.256421223624642E+04   3.254851962978006E+04  -4.712128271033318E+02  -4.713013850571017E+02  -5.508232343789026E-02  -5.557435400102458E-02   2.215062984122819E+04  -3.964012296111456E+02   6.529875574384023E-02
   4.216966203818973E-05   3.056741681656864E+04   3.055190440863066E+04  -4.421334401991579E+02  -4.422193130842523E+02  -7.675046518951396E-02  -7.720735439150563E-02   2.079202731780983E+04  -3.719380078780182E+02   3.995595133118614E-02
   4.466837153262934E-05   2.869313144088741E+04   2.867779717091747E+04  -4.148479077316669E+02  -4.149311390273182E+02  -9.563485195271956E-02  -9.605787238806580E-02   1.951678506903281E+04  -3.489839040025617E+02   1.740779426305547E-02
   4.731513886855576E-05   2.693383880518988E+04   2.691868063633980E+04  -3.892456123945386E+02  -3.893262450823165E+02  -1.119901611688477E-01  -1.123805530644163E-01   1.831978790750718E+04  -3.274458546290649E+02  -2.588688613118227E-03
   5.011873702437024E-05   2.528248288156493E+04   2.526749880043297E+04  -3.652227552383346E+02  -3.653008318079460E+02  -1.260506506317719E-01  -1.264096223999552E-01   1.719623452955233E+04  -3.072365330513715E+02  -2.025747655624026E-02
   5.308845881011049E-05   2.373244061343817E+04   2.371762862980636E+04  -3.426819355595605E+02  -3.427574980146384E+02  -1.380316835552221E-01  -1.383604123431073E-01   1.614161825438526E+04  -2.882739957332165E+02  -3.580495218207772E-02
   5.623414766941082E-05   2.227749534763117E+04   2.226285349420678E+04  -3.215317566655826E+02  -3.216048465293399E+02  -1.481311446205191E-01  -1.484307768501507E-01   1.515170894520053E+04  -2.704813506013403E+02  -4.942120006099181E-02
   5.956623030659260E-05   2.091181189667478E+04   2.089733822883423E+04  -3.016864559217701E+02  -3.017571142426320E+02  -1.565307547634212E-01  -1.568024066560072E-01   1.422253603961952E+04  -2.537864457704248E+02  -6.128121382925686E-02
   6.309575124703237E-05   1.962991313133834E+04   1.961560572687460E+04  -2.830655575858111E+02  -2.831338249429954E+02  -1.633972920305933E-01  -1.636420501345886E-01   1.335037262143447E+04  -2.381215774425369E+02  -7.154601587323252E-02
   6.683440944535944E-05   1.842665800948071E+04   1.841251496835394E+04  -2.655935470270855E+02  -2.656594635361728E+02  -1.688837229741533E-01  -1.691026446875422E-01   1.253172046975211E+04  -2.234232157986571E+02  -8.036369896678100E-02
   7.079459706282588E-05   1.729722095308762E+04   1.728324039717889E+04  -2.491995650115861E+02  -2.492631703298298E+02  -1.731302541214043E-01  -1.733243682094926E-01   1.176329602556068E+04  -2.096317477765773E+02  -8.787039287792980E-02
   7.498944054238020E-05   1.623707249076917E+04   1.622325256363747E+04  -2.338171208205426E+02  -2.338784541523742E+02  -1.762653069217338E-01  -1.764356140252514E-01   1.104201721942580E+04  -1.966912356936856E+02  -9.419116181576552E-02
   7.943284411759186E-05   1.524196108806674E+04   1.522829995470899E+04  -2.193838230397587E+02  -2.194429231422788E+02  -1.784064212883060E-01  -1.785538944206322E-01   1.036499110747397E+04  -1.845491907394749E+02  -9.944083757938817E-02
   8.413953589964174E-05   1.430789609268322E+04   1.429439193929797E+04  -2.058411269337577E+02  -2.058980321218237E+02  -1.796610944042046E-01  -1.797866794536339E-01   9.729502266065203E+03  -1.731563604220910E+02  -1.037247932016359E-01
   8.912511669513840E-05   1.343113172622499E+04   1.341778275997860E+04  -1.931340973817591E+02  -1.931888455333158E+02  -1.801275576642391E-01  -1.802321738866586E-01   9.133001898600554E+03  -1.624665291094160E+02  -1.071396600550603E-01
   9.440611171657112E-05   1.260815205823814E+04   1.259495650703425E+04  -1.812111864182777E+02  -1.812638149795436E+02  -1.798954974219169E-01  -1.799800379219484E-01   8.573097610765511E+03  -1.524363308582158E+02  -1.097739941978494E-01
   1.000000253568012E-04   1.183565690226463E+04   1.182261301451677E+04  -1.700240244783092E+02  -1.700745704689270E+02  -1.790467224026903E-01  -1.791120546144427E-01   8.047543813192696E+03  -1.430250737755589E+02  -1.117088937284485E-01
   1.059253992091444E-04   1.111054857734222E+04   1.109765462174947E+04  -1.595272245042065E+02  -1.595757245223473E+02  -1.776557822760336E-01  -1.777027484436339E-01   7.554232713044003E+03  -1.341945751996839E+02  -1.130185715158930E-01
   1.122018735253602E-04   1.042991948184290E+04   1.041717374716841E+04  -1.496781981196160E+02  -1.497246883470343E+02  -1.757905404017092E-01  -1.758199580420430E-01   7.091185858374660E+03  -1.259090070374187E+02  -1.137708870374364E-01
   1.188502523152549E-04   9.791040429802859E+03   9.778441224655964E+03  -1.404369831306870E+02  -1.404814993377183E+02  -1.735127052430259E-01  -1.735253676126934E-01   6.656546201358862E+03  -1.181347506299495E+02  -1.140278375999067E-01
   1.258925723036799E-04   9.191349702957763E+03   9.178895355578743E+03  -1.317660816543802E+02  -1.318086592048900E+02  -1.708783196276782E-01  -1.708749961826471E-01   6.248570648538804E+03  -1.108402605614809E+02  -1.138460157132928E-01
   1.333521759734876E-04   8.628442774565498E+03   8.616131632613375E+03  -1.236303082203480E+02  -1.236709820765884E+02  -1.679382177762878E-01  -1.679196546210282E-01   5.865623068211925E+03  -1.039959368588996E+02  -1.132770313989059E-01
   1.412537889365553E-04   8.100062663794442E+03   8.087893094137807E+03  -1.159966472319195E+02  -1.160354519595868E+02  -1.647384439153525E-01  -1.647053642555707E-01   5.506167726905078E+03  -9.757400506677958E+01  -1.123679041812517E-01
   1.496236018893292E-04   7.604090881985066E+03   7.592061270495985E+03  -1.088341192098314E+02  -1.088710889827434E+02  -1.613206423881588E-01  -1.612737469708330E-01   5.168763128605981E+03  -9.154840371179347E+01  -1.111614259082383E-01
   1.584893574245417E-04   7.138538934466292E+03   7.126647685817162E+03  -1.021136552777941E+02  -1.021488238826095E+02  -1.577224172161848E-01  -1.576623847677592E-01   4.852056232037531E+03  -8.589467870168106E+01  -1.096964966940087E-01
   1.678804419868436E-04   6.701540343837333E+03   6.689785881300576E+03  -9.580797938171274E+01  -9.584138022284584E+01  -1.539776647717587E-01  -1.539051524346083E-01   4.554777022777576E+03  -8.058988423158206E+01  -1.080084359501983E-01
   1.778279832771520E-04   6.291343162715542E+03   6.279723927966999E+03  -8.989149776715115E+01  -8.992316387138230E+01  -1.501168811941751E-01  -1.500325249483693E-01   4.275733418449322E+03  -7.561248979690906E+01  -1.061292702142799E-01
   1.883649534285671E-04   5.906302945918527E+03   5.894817398843113E+03  -8.434019526703122E+01  -8.437015928819682E+01  -1.461674464694769E-01  -1.460718615598523E-01   4.013806486545212E+03  -7.094229293651972E+01  -1.040879995006982E-01
   1.995262782958470E-04   5.544876153886130E+03   5.533522772386751E+03  -7.913153798057211E+01  -7.915983220419680E+01  -1.421538866414396E-01  -1.420476679927306E-01   3.767945955699356E+03  -6.656033735326396E+01  -1.019108435675151E-01
   2.113489532206905E-04   5.205613960882060E+03   5.194391240691525E+03  -7.424438194943259E+01  -7.427103829732829E+01  -1.380981161527784E-01  -1.379818387854815E-01   3.537166002402191E+03  -6.244883608043391E+01  -9.962146973441667E-02
   2.238721656565444E-04   4.887156443136786E+03   4.876062897632743E+03  -6.965888746271629E+01  -6.968393749754217E+01  -1.340196612638972E-01  -1.338938806994252E-01   3.320541296255331E+03  -5.859109938430336E+01  -9.724120323011592E-02
   2.371374250593868E-04   4.588227123618023E+03   4.577261283640812E+03  -6.535643864136946E+01  -6.537991357117303E+01  -1.299358661281828E-01  -1.298011187957838E-01   3.117203287901958E+03  -5.497146710839184E+01  -9.478922254218047E-02
   2.511887004750217E-04   4.307627851545120E+03   4.296788265218837E+03  -6.131956798035683E+01  -6.134149866307627E+01  -1.258620837278061E-01  -1.257188873618577E-01   2.926336724741411E+03  -5.157524518929446E+01  -9.228273798392402E-02
   2.660725662789372E-04   4.044233996107072E+03   4.033519228663755E+03  -5.753188554053261E+01  -5.755230248848894E+01  -1.218118500398154E-01  -1.216607040724599E-01   2.747176380450500E+03  -4.838864608446256E+01  -8.973715849847029E-02
   2.818383565517878E-04   3.796989935104573E+03   3.786398568711144E+03  -5.397801250463952E+01  -5.399694588885016E+01  -1.177970463359322E-01  -1.176384322885189E-01   2.579003985192011E+03  -4.539873287170577E+01  -8.716624467371693E-02
   2.985383286022027E-04   3.564904820418009E+03   3.554435454006407E+03  -5.064351882872494E+01  -5.066099848340615E+01  -1.138280478614052E-01  -1.136624297283376E-01   2.421145344195284E+03  -4.259336679479220E+01  -8.458225023728090E-02
   3.162278361789269E-04   3.347048603315465E+03   3.336699852415860E+03  -4.751486473609570E+01  -4.753092016315181E+01  -1.099138605568307E-01  -1.097416851865071E-01   2.272967633150051E+03  -3.996115804155836E+01  -8.199605226998488E-02
   3.349655129464283E-04   3.142548303656275E+03   3.132318800233389E+03  -4.457934581792421E+01  -4.459400619102762E+01  -1.060622474543719E-01  -1.058839449245572E-01   2.133876859563655E+03  -3.749141955727232E+01  -7.941727164336307E-02
   3.548134668321175E-04   2.950584508024462E+03   2.940472900316854E+03  -4.182504151747474E+01  -4.183833568687716E+01  -1.022798441684363E-01  -1.020958281586138E-01   2.003315479897783E+03  -3.517412370317317E+01  -7.685438457367463E-02
   3.758374858893616E-04   2.770388082743621E+03   2.760393035106579E+03  -3.924076678953507E+01  -3.925272328606958E+01  -9.857226627628166E-02  -9.838293443465934E-02   1.880760162925331E+03  -3.299986158856183E+01  -7.431482310805268E-02
   3.981072563586527E-04   2.601237088589143E+03   2.591357281340372E+03  -3.681602674056514E+01  -3.682667377972655E+01  -9.494420616931870E-02  -9.474994047465157E-02   1.765719690335308E+03  -3.095980490896781E+01  -7.180507063489511E-02
   4.216965936497083E-04   2.442453884820034E+03   2.432688014088582E+03  -3.454097406361261E+01  -3.455033955014622E+01  -9.139952302152313E-02  -9.120069014108172E-02   1.657732986163520E+03  -2.904567013706151E+01  -6.933074848893965E-02
   4.466836870101226E-04   2.293402410913666E+03   2.283749188492124E+03  -3.240636909838131E+01  -3.241448063066403E+01  -8.794132661034203E-02  -8.773827825566738E-02   1.556367267143972E+03  -2.724968492115456E+01  -6.689669457015406E-02
   4.731513586915482E-04   2.153485635099231E+03   2.143943788299216E+03  -3.040354235288321E+01  -3.041042722681031E+01  -8.457205124656506E-02  -8.436512452182117E-02   1.461216306560905E+03  -2.556455655523893E+01  -6.450703741349793E-02
   5.011873384724363E-04   2.022143159454871E+03   2.012711430965775E+03  -2.852435933566382E+01  -2.853004454907517E+01  -8.129352600825920E-02  -8.108304375654524E-02   1.371898804636778E+03  -2.398344239291084E+01  -6.216526330822509E-02
   5.308845544472736E-04   1.898848971961277E+03   1.889526119712355E+03  -2.676118755610012E+01  -2.676569981320487E+01  -7.810703801237860E-02  -7.789330915775962E-02   1.288056858918755E+03  -2.249992208537297E+01  -5.987427815087388E-02
   5.623414410461610E-04   1.783109336493958E+03   1.773894133520130E+03  -2.510686555944573E+01  -2.511023127452970E+01  -7.501339052946002E-02  -7.479671041341200E-02   1.209354528527423E+03  -2.110797153112568E+01  -5.763646425598045E-02
   5.956622653057052E-04   1.674460812290823E+03   1.665352046601526E+03  -2.355467387028714E+01  -2.355691917239858E+01  -7.201295589653187E-02  -7.179360661086059E-02   1.135476486508253E+03  -1.980193843164605E+01  -5.545373226849070E-02
   6.309574724726693E-04   1.572468394949154E+03   1.563464869400831E+03  -2.209830772817593E+01  -2.209945846510039E+01  -6.910572412660519E-02  -6.888397484299710E-02   1.066126754879293E+03  -1.857651935515691E+01  -5.332756901118128E-02
   6.683440520859306E-04   1.476723771495195E+03   1.467824303667345E+03  -2.073185150452630E+01  -2.073193324702837E+01  -6.629134776794225E-02  -6.606745506336786E-02   1.001027517300719E+03  -1.742673821288147E+01  -5.125908179671334E-02
   7.079459257501532E-04   1.386843682526506E+03   1.378047104601363E+03  -1.944975469541826E+01  -1.944879274143881E+01  -6.356918113521154E-02  -6.334338931254696E-02   9.399180046030708E+02  -1.634792606425857E+01  -4.924903740015119E-02
   7.498943578865014E-04   1.302468384856887E+03   1.293773543502688E+03  -1.824680939638030E+01  -1.824482877524022E+01  -6.093831789590573E-02  -6.071085930172358E-02   8.825534487033315E+02  -1.533570216655693E+01  -4.729789947398679E-02
   7.943283908218561E-04   1.223260208496537E+03   1.214665964754781E+03  -1.711812916524707E+01  -1.711515464184551E+01  -5.839762433238714E-02  -5.816871966999461E-02   8.287041007123156E+02  -1.438595619324618E+01  -4.540586185482347E-02
   8.413953056586890E-04   1.148902202179246E+03   1.140407431355689E+03  -1.605912918857079E+01  -1.605518526758039E+01  -5.594576975927545E-02  -5.571562839774638E-02   7.781543092944139E+02  -1.349483154890529E+01  -4.357287915985856E-02
   8.912511104531960E-04   1.079096862002937E+03   1.070700453562399E+03  -1.506550767104971E+01  -1.506061860113728E+01  -5.358125413666773E-02  -5.335007441623555E-02   7.307016555823748E+02  -1.265870971302690E+01  -4.179869470468063E-02
   9.440610573197951E-04   1.013564938083397E+03   1.005265795548630E+03  -1.413322837262371E+01  -1.412741815067364E+01  -5.130243310324853E-02  -5.107040263720353E-02   6.861561411766918E+02  -1.187419554959492E+01  -4.008286595672780E-02
   1.000000190176003E-03   9.520443144342696E+02   9.438413552889230E+02  -1.325850422245285E+01  -1.325179659780568E+01  -4.910754063676503E-02  -4.887483660922253E-02   6.443394259721617E+02  -1.113810352214865E+01  -3.842478766434432E-02
   1.059253924943222E-03   8.942889575799177E+02   8.861811131757042E+02  -1.243778194345142E+01  -1.243020042211016E+01  -4.699470949571578E-02  -4.676149895570358E-02   6.050841127540366E+02  -1.044744475951716E+01  -3.682371313141953E-02
   1.122018664126598E-03   8.400679296835749E+02   8.320541451516075E+02  -1.166772762495068E+01  -1.165929547404282E+01  -4.496198988214337E-02  -4.472843003499540E-02   5.682330756937988E+02  -9.799414919029694E+00  -3.527877308503090E-02
   1.188502447811006E-03   7.891644622317028E+02   7.812436963986314E+02  -1.094521318542370E+01  -1.093595343720750E+01  -4.300736581412197E-02  -4.277360430686342E-02   5.336388300507920E+02  -9.191382798335933E+00  -3.378899325652182E-02
   1.258925643230989E-03   7.413750865591911E+02   7.335463118674825E+02  -1.026730366963644E+01  -1.025723912600076E+01  -4.112877027799909E-02  -4.089494548292070E-02   5.011629405510355E+02  -8.620879649637557E+00  -3.235330988941640E-02
   1.333521675200274E-03   6.965088177269464E+02   6.887710201599382E+02  -9.631245329715748E+00  -9.620398566479921E+00  -3.932409841550524E-02  -3.909033970897362E-02   4.706754660699601E+02  -8.085589152853382E+00  -3.097058478342450E-02
   1.412537799821960E-03   6.543863884782902E+02   6.467385674900404E+02  -9.034454440964106E+00  -9.022847812252458E+00  -3.759122030737937E-02  -3.735764834718246E-02   4.420544383912704E+02  -7.583338008133144E+00  -2.963961697369075E-02
   1.496235924043908E-03   6.148395302011297E+02   6.072806986512028E+02  -8.474506808416407E+00  -8.462162451065884E+00  -3.592799051494562E-02  -3.569471751144487E-02   4.151853729509017E+02  -7.112087106913907E+00  -2.835915515979984E-02
   1.584893473775854E-03   5.777102980114926E+02   5.702394821048008E+02  -7.949127918936279E+00  -7.936067756942621E+00  -3.433225841696443E-02  -3.409938840230594E-02   3.899608096033282E+02  -6.669923249351314E+00  -2.712790795583120E-02
   1.678804313445678E-03   5.428504372510026E+02   5.354666764829573E+02  -7.456183702476527E+00  -7.442429451483530E+00  -3.280187646644837E-02  -3.256950556051660E-02   3.662798815679808E+02  -6.255051371807371E+00  -2.594455328587614E-02
   1.778279720042819E-03   5.101207888570406E+02   5.028231359642057E+02  -6.993671862370577E+00  -6.979245034188993E+00  -3.133470766487393E-02  -3.110292433646392E-02   3.440479108265286E+02  -5.865787254029622E+00  -2.480774680333093E-02
   1.883649414877374E-03   4.793907312202043E+02   4.721782521363913E+02  -6.559713740608625E+00  -6.544635647791545E+00  -2.992863213906617E-02  -2.969751746371104E-02   3.231760283477654E+02  -5.500550676022181E+00  -2.371612942139589E-02
   1.995262656474787E-03   4.505376562900930E+02   4.434094301083256E+02  -6.152546684920773E+00  -6.136838445405519E+00  -2.858155275062225E-02  -2.835118067040025E-02   3.035808176167631E+02  -5.157858997534578E+00  -2.266833389044731E-02
   2.113489398228593E-03   4.234464778278498E+02   4.164015967683425E+02  -5.770516886760067E+00  -5.754199428403997E+00  -2.729140071573587E-02  -2.706183828532624E-02   2.851839800381534E+02  -4.836321133039284E+00  -2.166299133328963E-02
   2.238721514648419E-03   3.980091698328168E+02   3.910467392171858E+02  -5.412072660962442E+00  -5.395166726851594E+00  -2.605613902122779E-02  -2.582744666039776E-02   2.679120208712671E+02  -4.534631899517276E+00  -2.069873566651114E-02
   2.371374100267727E-03   3.741243332916746E+02   3.672434715235635E+02  -5.075758140703591E+00  -5.058284293126219E+00  -2.487376677374068E-02  -2.464599851255072E-02   2.516959544371642E+02  -4.251566711224376E+00  -1.977420885872877E-02
   2.511886845516693E-03   3.516967895123162E+02   3.448966280648996E+02  -4.760207360105102E+00  -4.742185985985315E+00  -2.374232220787686E-02  -2.351552592945480E-02   2.364710274152015E+02  -3.985976603491765E+00  -1.888806488142799E-02
   2.660725494120668E-03   3.306371984107666E+02   3.239168818211051E+02  -4.464138703260732E+00  -4.445590018968775E+00  -2.265988535015069E-02  -2.243410302995923E-02   2.221764591186598E+02  -3.736783562726808E+00  -1.803897329577557E-02
   2.818383386854929E-03   3.108617002201839E+02   3.042203860908446E+02  -4.186349695098669E+00  -4.167293751484020E+00  -2.162458022725008E-02  -2.139984817010936E-02   2.087551977078505E+02  -3.502976144744991E+00  -1.722562237006154E-02
   2.985383096772632E-03   2.922915791846483E+02   2.857284381929105E+02  -3.925712113785650E+00  -3.906168801290576E+00  -2.063457666319126E-02  -2.041092573729125E-02   1.961536913626524E+02  -3.283605363476274E+00  -1.644672177113693E-02
   3.162278161326142E-03   2.748529478886269E+02   2.683671638035710E+02  -3.681167404715098E+00  -3.661156458576717E+00  -1.968809170663433E-02  -1.946554757469949E-02   1.843216734964655E+02  -3.077780833376124E+00  -1.570100486919520E-02
   3.349654917122971E-03   2.584764509558389E+02   2.520672206636521E+02  -3.451722377478754E+00  -3.431263383024666E+00  -1.878339072522067E-02  -1.856197407288766E-02   1.732119611499563E+02  -2.884667149891730E+00  -1.498723049971034E-02
   3.548134443397845E-03   2.430969869289054E+02   2.367635204667642E+02  -3.236445168387918E+00  -3.215557566390094E+00  -1.791878816050368E-02  -1.769851477142582E-02   1.627802657558119E+02  -2.703480493273417E+00  -1.430418537999714E-02
   3.758374620642745E-03   2.286534472145588E+02   2.223949678135583E+02  -3.034461452102506E+00  -3.013164544446360E+00  -1.709264808518451E-02  -1.687352966837522E-02   1.529850155156837E+02  -2.533485442155293E+00  -1.365068428243175E-02
   3.981072311218404E-03   2.150884710462198E+02   2.089042151835745E+02  -2.844950886939116E+00  -2.823263841969459E+00  -1.630338493650362E-02  -1.608542844333000E-02   1.437871886759996E+02  -2.373991983430263E+00  -1.302557184651317E-02
   4.216965669175206E-03   2.023482154820778E+02   1.962374329431754E+02  -2.667143780396731E+00  -2.645085638945647E+00  -1.554946218118289E-02  -1.533267062352993E-02   1.351501570346587E+02  -2.224352707068535E+00  -1.242772351089842E-02
   4.466836586939533E-03   1.903821395155406E+02   1.843440934662715E+02  -2.500317958875206E+00  -2.477907639564199E+00  -1.482939431752213E-02  -1.461376683984507E-02   1.270395390504134E+02  -2.083960173706066E+00  -1.185604576341678E-02
   4.731513286975408E-03   1.791428014321591E+02   1.731767685020188E+02  -2.343795831575729E+00  -2.321052137538476E+00  -1.414174474895835E-02  -1.392727683929858E-02   1.194230619657676E+02  -1.952244445653638E+00  -1.130947687245233E-02
   5.011873067011723E-03   1.685856686000616E+02   1.626909389765538E+02  -2.196941636807913E+00  -2.173883261301418E+00  -1.348512627953610E-02  -1.327180998396460E-02   1.122704323902293E+02  -1.828670768552699E+00  -1.078698711469672E-02
   5.308845207934434E-03   1.586689389314217E+02   1.528448164663211E+02  -2.059158855557368E+00  -2.035804388331125E+00  -1.285820036552362E-02  -1.264602449983833E-02   1.055532148250978E+02  -1.712737397921688E+00  -1.028757892146205E-02
   5.623414053982160E-03   1.493533732981617E+02   1.435991756262147E+02  -1.929887787005314E+00  -1.906255720697630E+00  -1.225967644925905E-02  -1.204862680948381E-02   9.924471764206109E+01  -1.603973558990370E+00  -9.810286890083033E-03
   5.956622275454873E-03   1.406021382297713E+02   1.349171969004974E+02  -1.808603272815361E+00  -1.784712009499126E+00  -1.168831120096671E-02  -1.147837077271125E-02   9.331988605829594E+01  -1.501937532716721E+00  -9.354177680179567E-03
   6.309574324750179E-03   1.323806582628040E+02   1.267643188860690E+02  -1.694812562061516E+00  -1.670680419949323E+00  -1.114290767424036E-02  -1.093405684118200E-02   8.775520167909011E+01  -1.406214859963928E+00  -8.918349666149088E-03
   6.683440097182688E-03   1.246564773494148E+02   1.191080997554987E+02  -1.588053308010916E+00  -1.563698528324324E+00  -1.062231425786613E-02  -1.041453100840618E-02   8.252858820475778E+01  -1.316416656626916E+00  -8.501933319641350E-03
   7.079458808720497E-03   1.173991287691664E+02   1.119180871840960E+02  -1.487891688614986E+00  -1.463332442624782E+00  -1.012542416637748E-02  -9.918684501411926E-03   7.761932292369490E+01  -1.232178032449229E+00  -8.104089281987638E-03
   7.498943103492039E-03   1.105800130220364E+02   1.051656962590678E+02  -1.393920643132611E+00  -1.369175039235844E+00  -9.651173899086377E-03  -9.445451249236621E-03   7.300795363638591E+01  -1.153156608779833E+00  -7.724010028899063E-03
   7.943283404677965E-03   1.041722832143956E+02   9.882409488228318E+01  -1.305758217561063E+00  -1.280844309091999E+00  -9.198542260539658E-03  -8.993808876214739E-03   6.867622067803796E+01  -1.079031125731271E+00  -7.360917516459352E-03
   8.413952523209641E-03   9.815073747534872E+01   9.286809620465547E+01  -1.223046012259870E+00  -1.197981804821991E+00  -8.766549440528985E-03  -8.562775812902757E-03   6.460698372533892E+01  -1.009500137374214E+00  -7.014063546049787E-03
   8.912510539550115E-03   9.249171797472782E+01   8.727405766299536E+01  -1.145447726355699E+00  -1.120251185159299E+00  -8.354255865948720E-03  -8.151411134694392E-03   6.078415309542718E+01  -9.442807866425050E-01  -6.682728953732215E-03
   9.440609974738836E-03   8.717301613656437E+01   8.201978621342889E+01  -1.072647790103902E+00  -1.047336848646348E+00  -7.960760824232804E-03  -7.758812986913242E-03   5.719262526081560E+01  -8.831076561234145E-01  -6.366223016236180E-03
   1.000000126783998E-02   8.217378366808690E+01   7.708444938147311E+01  -1.004350084107406E+00  -9.789426519737398E-01  -7.585201662527398E-03  -7.384117790415624E-03   5.381822232175066E+01  -8.257316899006383E-01  -6.063882370172143E-03
   1.059253857795005E-02   7.747444904735374E+01   7.244849177199121E+01  -9.402767362986186E-01  -9.147907075852635E-01  -7.226752197252900E-03  -7.026498648311607E-03   5.064763519321010E+01  -7.719191820654279E-01  -5.775071555403858E-03
   1.122018592999599E-02   7.305663913506574E+01   6.809355670452729E+01  -8.801669938139177E-01  -8.546202556817408E-01  -6.884622365239471E-03  -6.685165010994781E-03   4.766837027894226E+01  -7.214508277988686E-01  -5.499180323331299E-03
   1.188502372469468E-02   6.890310559639580E+01   6.400241265986091E+01  -8.237761645054229E-01  -7.981866059606324E-01  -6.558055883877107E-03  -6.359360325677821E-03   4.486869941877773E+01  -6.741208331046333E-01  -5.235624475044244E-03
   1.258925563425184E-02   6.499765583610379E+01   6.015888424172807E+01  -7.708746239684352E-01  -7.452601448110924E-01  -6.246329938847203E-03  -6.048361739080960E-03   4.223761290759006E+01  -6.297360795605865E-01  -4.983844878443988E-03
   1.333521590665678E-02   6.132508817249244E+01   5.654778737856932E+01  -7.212468848191457E-01  -6.956254047988112E-01  -5.948753734032122E-03  -5.751478648846888E-03   3.976477539886560E+01  -5.881153417018352E-01  -4.743306031038515E-03
   1.412537710278373E-02   5.787113098897569E+01   5.315486850459724E+01  -6.746907219295626E-01  -6.490801900711722E-01  -5.664667413037559E-03  -5.468051632331358E-03   3.744048451535095E+01  -5.490885505632086E-01  -4.513495859613300E-03
   1.496235829194530E-02   5.462238561966666E+01   4.996674747659596E+01  -6.310163536288828E-01  -6.054347576742036E-01  -5.393440912129902E-03  -5.197451306482500E-03   3.525563200102665E+01  -5.124961056351544E-01  -4.293924815736140E-03
   1.584893373306298E-02   5.156627273969940E+01   4.697086399743947E+01  -5.900456728533614E-01  -5.645110491287277E-01  -5.134472846094567E-03  -4.939077221063233E-03   3.320166725850270E+01  -4.781882282500214E-01  -4.084125115522206E-03
   1.678804207022927E-02   4.869098204737378E+01   4.415542733269958E+01  -5.516115260697352E-01  -5.261419691195541E-01  -4.887189410493335E-03  -4.692356770332512E-03   3.127056312666241E+01  -4.460243541238239E-01  -3.883649983381489E-03
   1.778279607314122E-02   4.598542503326431E+01   4.150936911696057E+01  -5.155570372989031E-01  -4.901707097592434E-01  -4.651043109687863E-03  -4.456743927891802E-03   2.945478375976962E+01  -4.158725652170306E-01  -3.692072711390744E-03
   1.883649295469084E-02   4.343919064945691E+01   3.902229906216385E+01  -4.817349737076817E-01  -4.564501164688150E-01  -4.425512471024737E-03  -4.231719113712885E-03   2.774725448055475E+01  -3.876090560466125E-01  -3.508986800633014E-03
   1.995262529991110E-02   4.104250370117101E+01   3.668446339039323E+01  -4.500071511509622E-01  -4.248420933723843E-01  -4.210099830015200E-03  -4.016786346144509E-03   2.614133348639756E+01  -3.611176333220854E-01  -3.334003465353819E-03
   2.113489264250289E-02   3.878618579373112E+01   3.448670582436792E+01  -4.202438765204204E-01  -3.952170457153987E-01  -4.004331030726012E-03  -3.811474207196600E-03   2.463078529506898E+01  -3.362892467210064E-01  -3.166752808449649E-03
   2.238721372731400E-02   3.666161867871172E+01   3.242043097951870E+01  -3.923234249450351E-01  -3.674533570269784E-01  -3.807754569694824E-03  -3.615333775043929E-03   2.320975582377998E+01  -3.130215488840334E-01  -3.006882059802916E-03
   2.371373949941596E-02   3.466070985236403E+01   3.047757001099898E+01  -3.661315497580326E-01  -3.414368989375517E-01  -3.619940113505749E-03  -3.427937755166484E-03   2.187274900168026E+01  -2.912184828814630E-01  -2.854054954744172E-03
   2.511886686283180E-02   3.277586027131678E+01   2.865054837922598E+01  -3.415610226927008E-01  -3.170605713110666E-01  -3.440477896027335E-03  -3.248879791840929E-03   2.061460482336771E+01  -2.707898951849064E-01  -2.707951280286803E-03
   2.660725325451977E-02   3.099993405070745E+01   2.693225560244501E+01  -3.185112041267077E-01  -2.942238721527695E-01  -3.268977720825643E-03  -3.077773482770807E-03   1.943047875300919E+01  -2.516511735563963E-01  -2.568266122047900E-03
   2.818383208191988E-02   2.932623002991756E+01   2.531601687809915E+01  -2.968876384608240E-01  -2.728324926200690E-01  -3.105068065727836E-03  -2.914251507684164E-03   1.831582239954947E+01  -2.337229063651753E-01  -2.434709211022651E-03
   2.985382907523247E-02   2.774845508937045E+01   2.379556645814061E+01  -2.766016767207056E-01  -2.527979391618071E-01  -2.948395216299718E-03  -2.757964786273760E-03   1.726636538438664E+01  -2.169305644119622E-01  -2.307004288489445E-03
   3.162277960863027E-02   2.626069911265576E+01   2.236502267216716E+01  -2.575701222103133E-01  -2.340371785480255E-01  -2.798622426532655E-03  -2.608581665465068E-03   1.627809832940259E+01  -2.012042021444457E-01  -2.184888489122067E-03
   3.349654704781671E-02   2.485741149392432E+01   2.101886449851344E+01  -2.397148984520319E-01  -2.164723051707263E-01  -2.655428926041289E-03  -2.465786943933328E-03   1.534725689733196E+01  -1.864781777894202E-01  -2.068111553414368E-03
   3.548134218474534E-02   2.353337909877188E+01   1.975190959019861E+01  -2.229627395058973E-01  -2.000302295125956E-01  -2.518509877476062E-03  -2.329281900228438E-03   1.447030682147662E+01  -1.726908909102497E-01  -1.956436019414013E-03
   3.758374382391888E-02   2.228370558918216E+01   1.855929366739472E+01  -2.072448978000221E-01  -1.846423866490111E-01  -2.387574474292310E-03  -2.198782366233374E-03   1.364392986434513E+01  -1.597845373613208E-01  -1.849635498249201E-03
   3.981072058850296E-02   2.110379203042867E+01   1.743645119432507E+01  -1.924968729061861E-01  -1.702444616748630E-01  -2.262346012574931E-03  -2.074018871315956E-03   1.286501064934072E+01  -1.477048780699013E-01  -1.747494855950288E-03
   4.216965401853350E-02   1.998931870563872E+01   1.637909726408746E+01  -1.786581567164932E-01  -1.567761340864166E-01  -2.142560916391768E-03  -1.954735689668112E-03   1.213062431404284E+01  -1.364010241405405E-01  -1.649809616518975E-03
   4.466836303777862E-02   1.893622806467544E+01   1.538321061874940E+01  -1.656719953579712E-01  -1.441808374390446E-01  -2.027967981367669E-03  -1.840690326726022E-03   1.143802493543949E+01  -1.258252347327311E-01  -1.556385373178721E-03
   4.731512987035352E-02   1.794070874083424E+01   1.444501773719098E+01  -1.534851666338431E-01  -1.324055343456357E-01  -1.918328462626968E-03  -1.731652640448456E-03   1.078463468143201E+01  -1.159327279055191E-01  -1.467037137221160E-03
   5.011872749299101E-02   1.699918057224690E+01   1.356097792738741E+01  -1.420477720034109E-01  -1.214005056502052E-01  -1.813414245421660E-03  -1.627405087689643E-03   1.016803364557045E+01  -1.066815037911261E-01  -1.381589682825312E-03
   5.308844871396158E-02   1.610828057314706E+01   1.272776936356025E+01  -1.313130429547804E-01  -1.111191527173333E-01  -1.713008106793497E-03  -1.527740959237415E-03   9.585950325801546E+00  -9.803217844169794E-02  -1.299875881081709E-03
   5.623413697502739E-02   1.526484979414599E+01   1.194227601280324E+01  -1.212371588287306E-01  -1.015178129840377E-01  -1.616902950566027E-03  -1.432464709697066E-03   9.036252707965950E+00  -8.994782890468492E-02  -1.221737128012588E-03
   5.956621897852713E-02   1.446592102740343E+01   1.120157539911111E+01  -1.117790785843160E-01  -9.255558525772946E-02  -1.524901293303329E-03  -1.341391266593345E-03   8.516939920836917E+00  -8.239384770414174E-02  -1.147022741041590E-03
   6.309573924773688E-02   1.370870730742536E+01   1.050292715590646E+01  -1.029003830706719E-01  -8.419416794721254E-02  -1.436814599468043E-03  -1.254345586172406E-03   8.026134429294364E+00  -7.533780758589197E-02  -1.075589592684918E-03
   6.683439673506100E-02   1.299059116450407E+01   9.843762321377030E+00  -9.456512860617448E-02  -7.639770571218323E-02  -1.352463581799787E-03  -1.171162052224799E-03   7.562074735280736E+00  -6.874933308014879E-02  -1.007301626454457E-03
   7.079458359939497E-02   1.230911459095655E+01   9.221673333888312E+00  -8.673971026238392E-02  -6.913264633529345E-02  -1.271676667542968E-03  -1.091684922706962E-03   7.123108558244881E+00  -6.259998209238686E-02  -9.420301228220066E-04
   7.498942628119087E-02   1.166196968398852E+01   8.634404686979824E+00  -7.939273518586562E-02  -6.236760580647995E-02  -1.194290085572093E-03  -1.015766578121450E-03   6.707686468715334E+00  -5.686313408193229E-02  -8.796525035000140E-04
   7.943282901137400E-02   1.104698993176619E+01   8.079844205263502E+00  -7.249490540189046E-02  -5.607324143837853E-02  -1.120148337560920E-03  -9.432683400109419E-04   6.314355950152877E+00  -5.151388553198267E-02  -8.200526813596636E-04
   8.413951989832422E-02   1.046214211048007E+01   7.556014908651934E+00  -6.601890776657796E-02  -5.022213291586394E-02  -1.049102530764734E-03  -8.740595792934750E-04   5.941755866944195E+00  -4.652895178822229E-02  -7.631204610169635E-04
   8.912509974568313E-02   9.905518767733037E+00   7.061067427954792E+00  -5.993931338684963E-02  -4.478866836896947E-02  -9.810108268450415E-04  -8.080182538259241E-04   5.588611316884655E+00  -4.188657589275897E-02  -7.087521256781926E-04
   9.440609376279750E-02   9.375331265883693E+00   6.593272941787871E+00  -5.423248453020354E-02  -3.974893828246309E-02  -9.157388189620059E-04  -7.450295253117517E-04   5.253728848691368E+00  -3.756644106235785E-02  -6.568489911292862E-04
   1.000000063391997E-01   8.869903363855283E+00   6.151016604242524E+00  -4.887648694652989E-02  -3.508063373812849E-02  -8.531579181464852E-04  -6.849861562858105E-04   4.935992026306065E+00  -3.354959042597900E-02  -6.073180987362001E-04
   1.059253790646792E-01   8.387665318665542E+00   5.732791435332468E+00  -4.385101116348984E-02  -3.076295040412593E-02  -7.931469843781526E-04  -6.277889511700630E-04   4.634357323534605E+00  -2.981835095781646E-02  -5.600716509185431E-04
   1.122018521872604E-01   7.927148488369254E+00   5.337192642226211E+00  -3.913729828421635E-02  -2.677649492928412E-02  -7.355903703266076E-04  -5.733452893217693E-04   4.347850331190137E+00  -2.635626035583336E-02  -5.150276977978987E-04
   1.188502297127933E-01   7.486980424321925E+00   4.962912350611282E+00  -3.471807038823528E-02  -2.310319772372396E-02  -6.803805354334964E-04  -5.215698494577534E-04   4.075562265025487E+00  -2.314799947246685E-02  -4.721086941233280E-04
   1.258925483619383E-01   7.065880440892261E+00   4.608734715933835E+00  -3.057746996634644E-02  -1.972622533450078E-02  -6.274145763468175E-04  -4.723843278213903E-04   3.816646759163104E+00  -2.017932796701834E-02  -4.312426465627594E-04
   1.333521506131087E-01   6.662655650496513E+00   4.273531386959976E+00  -2.670099964521354E-02  -1.662989876478169E-02  -5.765974297541112E-04  -4.257174223456144E-04   3.570316930704198E+00  -1.743702113283204E-02  -3.923621028376247E-04
   1.412537620734793E-01   6.276197461747431E+00   3.956257295282980E+00  -2.307546760505216E-02  -1.379961050296668E-02  -5.278412153779884E-04  -3.815045527224353E-04   3.335842704569316E+00  -1.490881222337152E-02  -3.554052793082084E-04
   1.496235734345160E-01   5.905478530489818E+00   3.655946748985853E+00  -1.968893565809851E-02  -1.122174218837903E-02  -4.810646089094199E-04  -3.396872245062144E-04   3.112548386939399E+00  -1.258333316500557E-02  -3.203145340333866E-04
   1.584893272836748E-01   5.549550150860349E+00   3.371709782301673E+00  -1.653067156131064E-02  -8.883587775047943E-03  -4.361946990669849E-04  -3.002153837743641E-04   2.899810465175452E+00  -1.045006099196016E-02  -2.870376221019311E-04
   1.678804100600182E-01   5.207540104802658E+00   3.102728757500244E+00  -1.359109971449829E-02  -6.773269627426704E-03  -3.931660187456424E-04  -2.630416101217397E-04   2.697055637706295E+00  -8.499260434359826E-03  -2.555282444417611E-04
   1.778279494585434E-01   4.878650944272797E+00   2.848255162698567E+00  -1.086175481891158E-02  -4.879658539162244E-03  -3.519218605110555E-04  -2.281275888914200E-04   2.503759044967257E+00  -6.721931971417158E-03  -2.257419938612294E-04
   1.883649176060801E-01   4.562158710843225E+00   2.607606576902171E+00  -8.335233719537696E-03  -3.192288753713480E-03  -3.124146929972962E-04  -1.954401843918026E-04   2.319442691685604E+00  -5.109755246943848E-03  -1.976425229596053E-04
   1.995262403507442E-01   4.257412083988315E+00   2.380163758466349E+00  -6.005145083699262E-03  -1.701273169389599E-03  -2.746066329714581E-04  -1.649513778733254E-04   2.143674041300566E+00  -3.655034944610384E-03  -1.711973802349155E-04
   2.113489130271992E-01   3.963831946900092E+00   2.165367808839398E+00  -3.866055672290904E-03  -3.972136065025559E-04  -2.384709985492883E-04  -1.366383410727039E-04   1.976064761049667E+00  -2.350642224268226E-03  -1.463786354320958E-04
   2.238721230814391E-01   3.680911353331078E+00   1.962717356897649E+00  -1.913429648241269E-03   7.288914869305274E-04  -2.039919129738719E-04  -1.104827254799417E-04   1.816269592332016E+00  -1.189955846181411E-03  -1.231640390410790E-04
   2.371373799615476E-01   3.408215870323612E+00   1.771765700968501E+00  -1.435606321500568E-04   1.685743955462125E-03  -1.711659313267975E-04  -8.646995092928325E-05   1.663985315487249E+00  -1.667990862640195E-04  -1.015355265690945E-04
   2.511886527049677E-01   3.145384260266091E+00   1.592117836332384E+00   1.446507736697990E-03   2.481847318474794E-03  -1.400026973045219E-04  -6.458831390072655E-05   1.518949771465437E+00   7.246275051860047E-04  -8.147984120157637E-05
   2.660725156783296E-01   2.892129450147723E+00   1.423427285256397E+00   2.859075307244732E-03   3.125612879688728E-03  -1.105257632438179E-04  -4.482788029460003E-05   1.380940894488882E+00   1.489817515691355E-03  -6.298809628942935E-05
   2.818383029529060E-01   2.648239714922936E+00   1.265392634555554E+00   4.095896668274234E-03   3.625470433053166E-03  -8.277332891596894E-05  -2.717912599873774E-05   1.249775699407293E+00   2.134037951131627E-03  -4.605540820708570E-05
   2.985382718273875E-01   2.413579975616875E+00   1.117753672700248E+00   5.158314289721854E-03   3.989983037811006E-03  -5.679882266543096E-05  -1.163128552758977E-05   1.125309155189983E+00   2.662413683426816E-03  -3.068038022084388E-05
   3.162277760399926E-01   2.188093077449049E+00   9.802870047197751E-01   6.047418059658395E-03   4.227964764481965E-03  -3.267123305593513E-05   1.829630288228281E-06   1.007432860848366E+00   3.080020635064964E-03  -1.686439942680525E-05
   3.349654492440384E-01   1.971800870729937E+00   8.528010095582105E-01   6.764236281028706E-03   4.348599565844952E-03  -1.047526083251248E-05   1.322318446316690E-05   8.960734229362556E-01   3.391987177206577E-03  -4.610699372036371E-06
   3.548133993551235E-01   1.764804861209386E+00   7.351299922675346E-01   7.309963390489672E-03   4.361558443514896E-03   9.690070941006562E-06   2.257726237394916E-05   7.911904132158839E-01   3.603605440044900E-03   6.076864075166237E-06
   3.758374144141045E-01   1.567286129826173E+00   6.271273738845082E-01   7.686229735045450E-03   4.277110618106162E-03   2.771151949522700E-05   2.993123633334938E-05   6.927737624380532E-01   3.720449861523687E-03   1.519538477392835E-05
   3.981071806482205E-01   1.379504137123506E+00   5.286577584476053E-01   7.895419755603011E-03   4.106224011304797E-03   4.346476513857573E-05   3.533954294573054E-05   6.008404206113542E-01   3.748506031322486E-03   2.274489317960121E-05
   4.216965134531508E-01   1.201793926511449E+00   4.395877220140118E-01   7.941040509410488E-03   3.860644605349752E-03   5.681783305265010E-05   3.887563774725616E-05   5.154300870139014E-01   3.694305580736023E-03   2.873083007621551E-05
   4.466836020616206E-01   1.034561117153505E+00   3.597751893757975E-01   7.828147472664519E-03   3.552947987721278E-03   6.763641260282273E-05   4.063623968030823E-05   4.365997852459848E-01   3.565065444017327E-03   3.316707992929636E-05
   4.731512687095313E-01   8.782739305958932E-01   2.890573069369969E-01   7.563825644912482E-03   3.196547128990767E-03   7.579132183362347E-05   4.074553231645778E-05   3.644170319022146E-01   3.368826778827360E-03   3.607944160923454E-05
   5.011872431586499E-01   7.334513212363051E-01   2.272367955195786E-01   7.157723808983345E-03   2.805640597411400E-03   8.116864879080543E-05   3.936015556147404E-05   2.989513246338967E-01   3.114586605772918E-03   3.751076477340882E-05
   5.308844534857901E-01   6.006460778068354E-01   1.740668898094453E-01   6.622632178154967E-03   2.395081725881720E-03   8.368299803069108E-05   3.667177902356343E-05   2.402636615372722E-01   2.812411961388073E-03   3.752478221848436E-05
   5.623413341023338E-01   4.804215265779123E-01   1.292351577638856E-01   5.975083740092589E-03   1.980141573819454E-03   8.329561569351883E-05   3.291032893613544E-05   1.883938034399459E-01   2.473523235129116E-03   3.621268833627176E-05
   5.956621520250581E-01   3.733202010023601E-01   9.234677407724970E-02   5.235946199524440E-03   1.576141854572434E-03   8.003522216562952E-05   2.834521761868904E-05   1.433450161472680E-01   2.110324485178664E-03   3.369906644301219E-05
   6.309573524797223E-01   2.798225360943012E-01   6.290822214047589E-02   4.430944844881832E-03   1.197926438510018E-03   7.402587119928997E-05   2.328148577837334E-05   1.050660872442076E-01   1.736357111588597E-03   3.014930582457733E-05
   6.683439249829541E-01   2.002933174198861E-01   4.031297176984014E-02   3.591028509834270E-03   8.591420936061552E-04   6.552038966007001E-05   1.805440418271921E-05   7.343052661560327E-02   1.366139054894417E-03   2.577476816122338E-05
   7.079457911158523E-01   1.349132469599612E-01   2.383147084316829E-02   2.752430727574650E-03   5.713137823314310E-04   5.493716746014108E-05   1.301407131920805E-05   4.821304352375349E-02   1.014838617621641E-03   2.084014751384117E-05
   7.498942152746171E-01   8.359260987348517E-02   1.260887635534738E-02   1.956189489527351E-03   3.427101674927608E-04   4.290402954246307E-05   8.504152953439855E-06   2.906368374413221E-02   6.977203791164587E-04   1.566526784757308E-05
   7.943282397596867E-01   4.586363648130120E-02   5.675416585525151E-03   1.246739652379185E-03   1.770512988532247E-04   3.029820673884932E-05   4.826628667244119E-06   1.548043919170462E-02   4.292610921285721E-04   1.062572005080590E-05
   8.413951456455239E-01   2.074778921317557E-02   1.976228422041683E-03   6.688881179082594E-04   7.218856219981281E-05   1.827803917075105E-05   2.193267583108903E-06   6.781762026660372E-03   2.217921720234494E-04   6.142739163276818E-06
   8.912509409586543E-01   6.593932560428907E-03   4.300725977315380E-04   2.618436870138213E-04   1.907582614651283E-05   8.272078150309124E-06   6.634595866936355E-07   2.081293027151405E-03   8.339276678125338E-05   2.657082426540656E-06
   9.440608777820709E-01   8.834120690441943E-04   2.961443943075544E-05   4.720458165653177E-05   1.735970786142078E-06   1.842582353062840E-06   7.348697534207493E-08   2.683719470323111E-04   1.439753173881287E-05   5.640075104208668E-07
