# Q1 =   100.0000 , Q2 =   500.0000
# x  F2Wp(LO) F2Wm(LO) F2Wp(NLO) F2Wm(NLO) F2Wp(NNLO) F2Wm(NNLO) F2Z(LO) F2Z(NLO) F2Z(NNLO)
   1.000000316960025E-05   2.975403577454815E+00   2.974989533464325E+00  -2.525802355172427E-02  -2.526229915723836E-02  -1.097211159666193E-03  -1.097269470448838E-03   2.024400865990624E+00  -2.171222199277424E-02  -9.366405209879891E-04
   1.059254059239670E-05   2.958352026206876E+00   2.957918480394134E+00  -2.510400045417415E-02  -2.510843563803103E-02  -1.086564689957077E-03  -1.086624429719921E-03   2.012787649089901E+00  -2.158000163776816E-02  -9.275594956604911E-04
   1.122018806380609E-05   2.941400289138147E+00   2.940946323097962E+00  -2.495088231865885E-02  -2.495547712523369E-02  -1.075980160205784E-03  -1.076041349280194E-03   2.001241985892430E+00  -2.144855701557884E-02  -9.185313208804239E-04
   1.188502598494097E-05   2.924547880565127E+00   2.924072532651426E+00  -2.479864905385176E-02  -2.480341934646584E-02  -1.065457291490013E-03  -1.065519950219801E-03   1.989763527953416E+00  -2.131788410853628E-02  -9.095557440764425E-04
   1.258925802842614E-05   2.907794321503465E+00   2.907296584794127E+00  -2.464731133452079E-02  -2.465225761646568E-02  -1.054995624285769E-03  -1.055059772350560E-03   1.978351930547193E+00  -2.118797895328919E-02  -9.006323775686332E-04
   1.333521844269485E-05   2.891139139803271E+00   2.890617959969213E+00  -2.449685946056101E-02  -2.450198744115334E-02  -1.044594746089964E-03  -1.044660402604986E-03   1.967006852719887E+00  -2.105883761935615E-02  -8.917608181597769E-04
   1.412537978909150E-05   2.874581870291176E+00   2.874036143365211E+00  -2.434728884695023E-02  -2.435260436661470E-02  -1.034254192542483E-03  -1.034321375998175E-03   1.955727957344820E+00  -2.093045620878253E-02  -8.829408167662449E-04
   1.496236113742681E-05   2.858122054919567E+00   2.857550624960320E+00  -2.419859487107866E-02  -2.420410397868560E-02  -1.023973661324657E-03  -1.024042389530478E-03   1.944514911180878E+00  -2.080283844108901E-02  -8.741719724265206E-04
   1.584893674714984E-05   2.841759242923256E+00   2.841160899569223E+00  -2.405077305281714E-02  -2.405648190248780E-02  -1.013752690885770E-03  -1.013822980900988E-03   1.933367384933907E+00  -2.067595772623305E-02  -8.654539366524091E-04
   1.678804526291200E-05   2.825492990983877E+00   2.824866466892430E+00  -2.390381890701888E-02  -2.390973380191288E-02  -1.003590874996676E-03  -1.003662743064606E-03   1.922285053321254E+00  -2.054983301739836E-02  -8.567863622807718E-04
   1.778279945500229E-05   2.809322863402334E+00   2.808666831568336E+00  -2.375772802489701E-02  -2.376385550553821E-02  -9.934878090853193E-04  -9.935612705635366E-04   1.911267595139585E+00  -2.042445295725297E-02  -8.481689035150458E-04
   1.883649653693976E-05   2.793248432279704E+00   2.792561503228001E+00  -2.361249599505897E-02  -2.361884251160361E-02  -9.834430902647335E-04  -9.835181595515723E-04   1.900314693336118E+00  -2.029981380402721E-02  -8.396012159501154E-04
   1.995262909442161E-05   2.777269277706877E+00   2.776549996552795E+00  -2.346811846082240E-02  -2.347469070741037E-02  -9.734563174084844E-04  -9.735330078667075E-04   1.889426035083383E+00  -2.017591184559713E-02  -8.310829566314969E-04
   2.113489666185230E-05   2.761384987963337E+00   2.760631831334968E+00  -2.332459110406964E-02  -2.333139588693962E-02  -9.635272397131980E-04  -9.636055638460630E-04   1.878601311857677E+00  -2.005274339883517E-02  -8.226139155703886E-04
   2.238721798482484E-05   2.745595159725450E+00   2.744806532541244E+00  -2.318190964494419E-02  -2.318895393521072E-02  -9.536550139950551E-04  -9.537349823393034E-04   1.867840219521311E+00  -1.993030480890671E-02  -8.141933582623769E-04
   2.371374400920016E-05   2.729899398284670E+00   2.729073630379546E+00  -2.304006984151687E-02  -2.304736072038916E-02  -9.438396903093677E-04  -9.439213128847483E-04   1.857142458408846E+00  -1.980859228769032E-02  -8.058213408213600E-04
   2.511887163983750E-05   2.714297317776104E+00   2.713432660368943E+00  -2.289906748940872E-02  -2.290661215811732E-02  -9.340807264661948E-04  -9.341640116613972E-04   1.846507733417443E+00  -1.968760256239685E-02  -7.974973949574089E-04
   2.660725831458084E-05   2.698788541417722E+00   2.697883163412885E+00  -2.275889842138711E-02  -2.276670419631510E-02  -9.243777308598524E-04  -9.244626855943390E-04   1.835935754101460E+00  -1.956733189030126E-02  -7.892212256058508E-04
   2.818383744180840E-05   2.683372701760951E+00   2.682424685875910E+00  -2.261955850691064E-02  -2.262763281399961E-02  -9.147303560022957E-04  -9.148169856315470E-04   1.825426234771546E+00  -1.944777672152572E-02  -7.809924190436633E-04
   2.985383475271434E-05   2.668049440952837E+00   2.667056779663854E+00  -2.248104365162793E-02  -2.248939401999430E-02  -9.051381303178308E-04  -9.052264385244417E-04   1.814978894598325E+00  -1.932893353986999E-02  -7.728106840115607E-04
   3.162278562252408E-05   2.652818411010398E+00   2.651779002307680E+00  -2.234334979426743E-02  -2.235198385153814E-02  -8.956007110824747E-04  -8.956906997778048E-04   1.804593457720852E+00  -1.921079882196269E-02  -7.646756908333201E-04
   3.349655341805616E-05   2.637679274107636E+00   2.636590917051056E+00  -2.220647291636585E-02  -2.221539837277475E-02  -8.861177156620387E-04  -8.862093848744643E-04   1.794269653360060E+00  -1.909336909575305E-02  -7.565869123355690E-04
   3.548134893244519E-05   2.622631702875799E+00   2.621492092941796E+00  -2.207040887204423E-02  -2.207963367311629E-02  -8.766887639109611E-04  -8.767821116723294E-04   1.784007215937377E+00  -1.897664089927213E-02  -7.485444229942735E-04
   3.758375097144506E-05   2.607675380717298E+00   2.606482104927241E+00  -2.193515402017288E-02  -2.194468575008697E-02  -8.673134782683047E-04  -8.674085004956622E-04   1.773805885198672E+00  -1.886061078921903E-02  -7.405476985460989E-04
   3.981072815954668E-05   2.592810002133980E+00   2.591560533953686E+00  -2.180070427630556E-02  -2.181055108438948E-02  -8.579914839048309E-04  -8.580881742779587E-04   1.763665406343756E+00  -1.874527533944254E-02  -7.325964176926211E-04
   4.216966203818973E-05   2.578035273070354E+00   2.576726967070067E+00  -2.166705575009226E-02  -2.167722548391841E-02  -8.487224678851701E-04  -8.488208181181423E-04   1.753585530161698E+00  -1.863063113929918E-02  -7.246905025576107E-04
   4.466837153262934E-05   2.563350911272255E+00   2.561980997535857E+00  -2.153420459207431E-02  -2.154470510781458E-02  -8.395058839189489E-04  -8.396058820347940E-04   1.743566013172061E+00  -1.851667479190413E-02  -7.168289132876611E-04
   4.731513886855576E-05   2.548756646661710E+00   2.547322224933441E+00  -2.140214695352472E-02  -2.141298639805185E-02  -8.303415433055519E-04  -8.304431758898044E-04   1.733606617772381E+00  -1.840340291225745E-02  -7.090120592244096E-04
   5.011873702437024E-05   2.534252221728591E+00   2.532750255284981E+00  -2.127087904431404E-02  -2.128206542573565E-02  -8.212290242894325E-04  -8.213322747551352E-04   1.723707112392056E+00  -1.829081208954582E-02  -7.012393879795841E-04
   5.308845881011049E-05   2.519837391939811E+00   2.518264701173945E+00  -2.114039709236070E-02  -2.115193839938485E-02  -8.121679676005787E-04  -8.122728164402994E-04   1.713867271652919E+00  -1.817889903616251E-02  -6.935107265747259E-04
   5.623414766941082E-05   2.505511926166608E+00   2.503865181871365E+00  -2.101069735229280E-02  -2.102260153431560E-02  -8.031579608625164E-04  -8.032643854897954E-04   1.704086876536679E+00  -1.806766034451508E-02  -6.858254976393982E-04
   5.956623030659260E-05   2.491275607130946E+00   2.489551323467002E+00  -2.088177610412000E-02  -2.089405104951065E-02  -7.941987658750345E-04  -7.943067404862980E-04   1.694365714559579E+00  -1.795709265585590E-02  -6.781835351169635E-04
   6.309575124703237E-05   2.477128231871557E+00   2.475322759005488E+00  -2.075362965182290E-02  -2.076628311862118E-02  -7.852899776125518E-04  -7.853994730049905E-04   1.684703579954442E+00  -1.784719261183121E-02  -6.705845398561102E-04
   6.683440944535944E-05   2.463069612230492E+00   2.461179128627553E+00  -2.062625432183570E-02  -2.063929409471024E-02  -7.764312522245102E-04  -7.765422356334962E-04   1.675100273860410E+00  -1.773795685169855E-02  -6.630282161126273E-04
   7.079459706282588E-05   2.449099575361013E+00   2.447120079716468E+00  -2.049964645261862E-02  -2.051308004981597E-02  -7.676222502161923E-04  -7.677346851409619E-04   1.665555604520618E+00  -1.762938200559565E-02  -6.555142717422884E-04
   7.498944054238020E-05   2.435217964257704E+00   2.433145267049819E+00  -2.037380241067752E-02  -2.038763717401778E-02  -7.588626366529047E-04  -7.589764826750582E-04   1.656069387488140E+00  -1.752146470462013E-02  -6.480424183692644E-04
   7.943284411759186E-05   2.421424638309612E+00   2.419254352956660E+00  -2.024871861391440E-02  -2.026296181032871E-02  -7.501520814187970E-04  -7.502672940154525E-04   1.646641445840412E+00  -1.741420156099629E-02  -6.406123716026367E-04
   8.413953589964174E-05   2.407719473877326E+00   2.405447007480222E+00  -2.012439143364277E-02  -2.013904996069341E-02  -7.414902247913109E-04  -7.416067557409629E-04   1.637271610402477E+00  -1.730758917287804E-02  -6.332238088532314E-04
   8.912511669513840E-05   2.394102364895156E+00   2.391722908546217E+00  -2.000081728167702E-02  -2.001589781616646E-02  -7.328768508464746E-04  -7.329946456263987E-04   1.627959719979390E+00  -1.720162411934540E-02  -6.258765813094434E-04
   9.440611171657112E-05   2.380573223499091E+00   2.378081742136859E+00  -1.987799257979316E-02  -1.989350148417794E-02  -7.243115414550212E-04  -7.244305426358077E-04   1.618705621597996E+00  -1.709630296561813E-02  -6.185702906568835E-04
   1.000000253568012E-04   2.367131980681725E+00   2.364523202470651E+00  -1.975591376335430E-02  -1.977185703652172E-02  -7.157940228391036E-04  -7.159141674669010E-04   1.609509170758477E+00  -1.699162215546671E-02  -6.113047128197898E-04
   1.059253992091444E-04   2.353778586975134E+00   2.351046992188039E+00  -1.963457727019914E-02  -1.965096044548998E-02  -7.073239927103614E-04  -7.074452126840891E-04   1.600370231695928E+00  -1.688757827763884E-02  -6.040795864360617E-04
   1.122018735253602E-04   2.340513013162854E+00   2.337652822542985E+00  -1.951397954163684E-02  -1.953080787924777E-02  -6.989011751285787E-04  -6.990233969721965E-04   1.591288677652352E+00  -1.678416784119692E-02  -5.968946743753789E-04
   1.188502523152549E-04   2.327335251021863E+00   2.324340413600503E+00  -1.939411701965277E-02  -1.941139506879759E-02  -6.905252409853696E-04  -6.906483855951970E-04   1.582264391159304E+00  -1.668138719861510E-02  -5.897496882318539E-04
   1.258925723036799E-04   2.314245314096033E+00   2.311109494440217E+00  -1.927498614395267E-02  -1.929271795129581E-02  -6.821959283014331E-04  -6.823199107091023E-04   1.573297264331647E+00  -1.657923280824552E-02  -5.826442034839450E-04
   1.333521759734876E-04   2.301243238502051E+00   2.297959803365983E+00  -1.915658334885495E-02  -1.917477232534914E-02  -6.739129624371222E-04  -6.740376915465202E-04   1.564387199172689E+00  -1.647770081389837E-02  -5.755783808988653E-04
   1.412537889365553E-04   2.288329083768984E+00   2.284891088121530E+00  -1.903890505999913E-02  -1.905755391326237E-02  -6.656760765339907E-04  -6.658014548530192E-04   1.555534107891045E+00  -1.637678757206765E-02  -5.685517882107214E-04
   1.496236018893292E-04   2.275502933712824E+00   2.271903106112172E+00  -1.892194769089798E-02  -1.894105835283619E-02  -6.574850118720868E-04  -6.576109352332290E-04   1.546737913229570E+00  -1.627648928139412E-02  -5.615642001577375E-04
   1.584893574245417E-04   2.262764897347270E+00   2.258995624632518E+00  -1.880570754849849E-02  -1.882528118872018E-02  -6.493395182872464E-04  -6.494658755574022E-04   1.537998548806743E+00  -1.617680207002333E-02  -5.546153985713121E-04
   1.678804419868436E-04   2.250115109832151E+00   2.246168421100174E+00  -1.869018122677601E-02  -1.871021786328337E-02  -6.412394386050643E-04  -6.413661123209501E-04   1.529315959470839E+00  -1.607772198882549E-02  -5.477054354920337E-04
   1.778279832771520E-04   2.237553733460408E+00   2.233421283295294E+00  -1.857536498760237E-02  -1.859586370701931E-02  -6.331842887112901E-04  -6.333111510185974E-04   1.520690101667132E+00  -1.597924500430418E-02  -5.408333194432757E-04
   1.883649534285671E-04   2.225080958685905E+00   2.220754009605981E+00  -1.846125505890311E-02  -1.848221392841878E-02  -6.251740987138690E-04  -6.253010166587814E-04   1.512120943818739E+00  -1.588136699111870E-02  -5.339996439640889E-04
   1.995262782958470E-04   2.212697005192580E+00   2.208166409279291E+00  -1.834784780190717E-02  -1.836926360331900E-02  -6.172083738046876E-04  -6.173352051732067E-04   1.503608466721162E+00  -1.578408372425392E-02  -5.272039598128350E-04
   2.113489532206905E-04   2.200402123006872E+00   2.195658302677756E+00  -1.823513947451934E-02  -1.825700766373140E-02  -6.092873118464212E-04  -6.094139059628195E-04   1.495152663951035E+00  -1.568739087083431E-02  -5.204460894250164E-04
   2.238721656565444E-04   2.188196593654734E+00   2.183229521541135E+00  -1.812312629309360E-02  -1.814544088607091E-02  -6.014105896561176E-04  -6.015367868237403E-04   1.486753542289341E+00  -1.559128389190939E-02  -5.137259281679581E-04
   2.371374250593868E-04   2.176080731364829E+00   2.170879909253211E+00  -1.801180442742636E-02  -1.803455782045983E-02  -5.935778943941568E-04  -5.937035254961457E-04   1.478411122159449E+00  -1.549575848155081E-02  -5.070432922664521E-04
   2.511887004750217E-04   2.164054884319257E+00   2.158609321113286E+00  -1.790116999552511E-02  -1.792435301115910E-02  -5.857891273645596E-04  -5.859140135375800E-04   1.470125438080253E+00  -1.540080966128135E-02  -5.003978913078171E-04
   2.660725662789372E-04   2.152119435953460E+00   2.146417624612009E+00  -1.779121905821934E-02  -1.781482067443831E-02  -5.780441350808105E-04  -5.781680872618781E-04   1.461896539134693E+00  -1.530643261009529E-02  -4.937894910013441E-04
   2.818383565517878E-04   2.140274806307105E+00   2.134304699711181E+00  -1.768194761346564E-02  -1.770595475141649E-02  -5.703427773001504E-04  -5.704655957803187E-04   1.453724489454055E+00  -1.521262243195481E-02  -4.872183647036397E-04
   2.985383286022027E-04   2.128521453427056E+00   2.122270439126968E+00  -1.757335159048990E-02  -1.759774904434785E-02  -5.626849275626202E-04  -5.628064015180885E-04   1.445609368718130E+00  -1.511937393475329E-02  -4.806841958630398E-04
   3.162278361789269E-04   2.116859874824297E+00   2.110314748616024E+00  -1.746542676245751E-02  -1.749019719600126E-02  -5.550704737906156E-04  -5.551903807900171E-04   1.437551272671555E+00  -1.502668168766056E-02  -4.741868807098748E-04
   3.349655129464283E-04   2.105290608986305E+00   2.098437547263836E+00  -1.735816914615273E-02  -1.738329247153292E-02  -5.474993601012341E-04  -5.476174669305814E-04   1.429550313656507E+00  -1.493454015216478E-02  -4.677265027975507E-04
   3.548134668321175E-04   2.093814236946594E+00   2.086638767774629E+00  -1.725157418342999E-02  -1.727702790440013E-02  -5.399713810888463E-04  -5.400874378323645E-04   1.421606621161959E+00  -1.484294366562146E-02  -4.613024586248461E-04
   3.758374858893616E-04   2.082431383912422E+00   2.074918356761922E+00  -1.714563754639240E-02  -1.717139623767724E-02  -5.324865951015606E-04  -5.326003426267949E-04   1.413720342389445E+00  -1.475188623580403E-02  -4.549152078969019E-04
   3.981072563586527E-04   2.071142720953186E+00   2.063276275038865E+00  -1.704035466836474E-02  -1.706638990544838E-02  -5.250449122157789E-04  -5.251560761917528E-04   1.405891642835678E+00  -1.466136168345898E-02  -4.485645242832403E-04
   4.216965936497083E-04   2.059948966750211E+00   2.051712497907257E+00  -1.693572108100831E-02  -1.696200101344147E-02  -5.176463011931641E-04  -5.177545927919797E-04   1.398120706891831E+00  -1.457136358976063E-02  -4.422503708051830E-04
   4.466836870101226E-04   2.048850889409641E+00   2.040227015444075E+00  -1.683173191372758E-02  -1.685822131878322E-02  -5.102906804626544E-04  -5.103957956272301E-04   1.390407738459476E+00  -1.448188528222605E-02  -4.359727528564892E-04
   4.731513586915482E-04   2.037849308339866E+00   2.028819832784158E+00  -1.672838230784883E-02  -1.675504220893043E-02  -5.029781928574590E-04  -5.030798117393757E-04   1.382752961583076E+00  -1.439291982013362E-02  -4.297316086718747E-04
   5.011873384724363E-04   2.026945096194860E+00   2.017490970397571E+00  -1.662566734731186E-02  -1.665245467969504E-02  -4.957087945072302E-04  -4.958065805490441E-04   1.375156621098847E+00  -1.430445997938396E-02  -4.235269752735518E-04
   5.308845544472736E-04   2.016139180884652E+00   2.006240464359959E+00  -1.652358186086202E-02  -1.655044935856386E-02  -4.884825304869026E-04  -4.885761296647015E-04   1.367618983299676E+00  -1.421649823688292E-02  -4.173588785424509E-04
   5.623414410461610E-04   2.005432547653752E+00   1.995068366614082E+00  -1.642212056661626E-02  -1.644901629575793E-02  -4.812994666756285E-04  -4.813885066372739E-04   1.360140336615624E+00  -1.412902675432124E-02  -4.112273614570517E-04
   5.956622653057052E-04   1.994826241229566E+00   1.983974745220315E+00  -1.632127802482949E-02  -1.634814521831887E-02  -4.741596904414204E-04  -4.742437795922595E-04   1.352720992309738E+00  -1.404203736143072E-02  -4.051324846388422E-04
   6.309574724726693E-04   1.984321368040546E+00   1.972959684593920E+00  -1.622104854182553E-02  -1.624782531769779E-02  -4.670633113834111E-04  -4.671420379123927E-04   1.345361285188256E+00  -1.395552158112452E-02  -3.990743269406817E-04
   6.683440520859306E-04   1.973919098505432E+00   1.962023285726486E+00  -1.612142659535655E-02  -1.614804526999531E-02  -4.600105730863439E-04  -4.600835058620527E-04   1.338061574324563E+00  -1.386947044142266E-02  -3.930530811829286E-04
   7.079459257501532E-04   1.963620669393958E+00   1.951165666388661E+00  -1.602240595550856E-02  -1.604879320825580E-02  -4.530012984816854E-04  -4.530679782093176E-04   1.330822243795915E+00  -1.378387471272320E-02  -3.870685787186614E-04
   7.498943578865014E-04   1.953427386259447E+00   1.940386961310984E+00  -1.592398054408701E-02  -1.595005669367856E-02  -4.460360013264197E-04  -4.460959509704775E-04   1.323643703431804E+00  -1.369872471798552E-02  -3.811212420250342E-04
   7.943283908218561E-04   1.943340625942924E+00   1.929687322339485E+00  -1.582614398956810E-02  -1.585182260358471E-02  -4.391147761888072E-04  -4.391674919750957E-04   1.316526389572574E+00  -1.361401035580660E-02  -3.752111332506148E-04
   8.413953056586890E-04   1.933361839149095E+00   1.919066918561921E+00  -1.572888970337309E-02  -1.575407751112260E-02  -4.322378545427816E-04  -4.322828065414116E-04   1.309470765836799E+00  -1.352972108021020E-02  -3.693384307769377E-04
   8.912511104531960E-04   1.923492553093353E+00   1.908525936400457E+00  -1.563221086879464E-02  -1.565680683180371E-02  -4.254055468206867E-04  -4.254421775791488E-04   1.302477323895560E+00  -1.344584580277225E-02  -3.635033845385579E-04
   9.440610573197951E-04   1.913734374218570E+00   1.898064579666128E+00  -1.553610047164469E-02  -1.555999561146774E-02  -4.186180331366300E-04  -4.186457559064312E-04   1.295546584251477E+00  -1.336237299070074E-02  -3.577061163318583E-04
   1.000000190176003E-03   1.904088990980503E+00   1.887683069569798E+00  -1.544055111939485E-02  -1.546362808103095E-02  -4.118135836578646E-04  -4.118938769104946E-04   1.288679097020116E+00  -1.327929120116289E-02  -3.519469212600823E-04
   1.059253924943222E-03   1.894558176699821E+00   1.877381644683837E+00  -1.534555528258116E-02  -1.536768770284362E-02  -4.051788282539137E-04  -4.051868500366632E-04   1.281875442711001E+00  -1.319658717584355E-02  -3.462260672801677E-04
   1.122018664126598E-03   1.885143792478324E+00   1.867160560848011E+00  -1.525110511226511E-02  -1.527215707190879E-02  -3.985278505295776E-04  -3.985250122555378E-04   1.275136233005009E+00  -1.311424808487158E-02  -3.405438460641344E-04
   1.188502447811006E-03   1.875847790175670E+00   1.857020091013383E+00  -1.515719246893762E-02  -1.517701812370620E-02  -3.919231479899745E-04  -3.919087285975203E-04   1.268462111524735E+00  -1.303226025342207E-02  -3.349005734816973E-04
   1.258925643230989E-03   1.866672215443919E+00   1.846960525014979E+00  -1.506380883015472E-02  -1.508225172474899E-02  -3.853651530043507E-04  -3.853383927135667E-04   1.261853754593493E+00  -1.295060940193258E-02  -3.292965901041028E-04
   1.333521675200274E-03   1.857619210814000E+00   1.836982169266165E+00  -1.497094566543937E-02  -1.498783787722609E-02  -3.788544410634184E-04  -3.788145416287595E-04   1.255311871978566E+00  -1.286928062041528E-02  -3.237323574679900E-04
   1.412537799821960E-03   1.848691018829125E+00   1.827085346364776E+00  -1.487859364050342E-02  -1.489375561458282E-02  -3.723911730224965E-04  -3.723372847714489E-04   1.248837207613475E+00  -1.278825834187828E-02  -3.182079793260439E-04
   1.496235924043908E-03   1.839889985218419E+00   1.817270394600825E+00  -1.478674338010476E-02  -1.479998295683057E-02  -3.659762125548030E-04  -3.659074473176711E-04   1.242430540293414E+00  -1.270752625688492E-02  -3.127241604448776E-04
   1.584893473775854E-03   1.831218562103036E+00   1.807537667354443E+00  -1.469538506002855E-02  -1.470649686409086E-02  -3.596100099294362E-04  -3.595254276863484E-04   1.236092684337326E+00  -1.262706751774403E-02  -3.072812486001502E-04
   1.678804313445678E-03   1.822679311225711E+00   1.797887532372020E+00  -1.460450846571022E-02  -1.461327318843290E-02  -3.532931609866092E-04  -3.531917693373885E-04   1.229824490209396E+00  -1.254686435979470E-02  -3.018797141097778E-04
   1.778279720042819E-03   1.814274907193440E+00   1.788320370906959E+00  -1.451410297141425E-02  -1.452028662357401E-02  -3.470262234480093E-04  -3.469069740307470E-04   1.223626845091832E+00  -1.246689830441404E-02  -2.965199849126923E-04
   1.883649414877374E-03   1.806008140721149E+00   1.778836576709069E+00  -1.442415751766719E-02  -1.442751065268757E-02  -3.408100081543471E-04  -3.406717936166619E-04   1.217500673399324E+00  -1.238715006909879E-02  -2.912027248954918E-04
   1.995262656474787E-03   1.797881921862591E+00   1.769436554847818E+00  -1.433466055289986E-02  -1.433491749386077E-02  -3.346451426181487E-04  -3.344867921242507E-04   1.211446937225621E+00  -1.230759953469541E-02  -2.859284162851423E-04
   2.113489398228593E-03   1.789899283212799E+00   1.760120720350699E+00  -1.424560011868479E-02  -1.424247804334812E-02  -3.285323632681455E-04  -3.283526384959706E-04   1.205466636710544E+00  -1.222822571141436E-02  -2.806976388816363E-04
   2.238721514648419E-03   1.782063383064167E+00   1.750889496637248E+00  -1.415696371228451E-02  -1.415016181612059E-02  -3.224724427575113E-04  -3.222700333859145E-04   1.199560810314884E+00  -1.214900670322686E-02  -2.755110003145309E-04
   2.371374100267727E-03   1.774377508495616E+00   1.741743313726774E+00  -1.406873824708846E-02  -1.405793688702903E-02  -3.164661902831675E-04  -3.162397091408286E-04   1.193730534988914E+00  -1.206991967075367E-02  -2.703691361058600E-04
   2.511886845516693E-03   1.766845078372881E+00   1.732682606198570E+00  -1.398091007918276E-02  -1.396576981232021E-02  -3.105144518991153E-04  -3.102624297473186E-04   1.187976926220124E+00  -1.199094079219701E-02  -2.652727097154837E-04
   2.660725494120668E-03   1.759469646232321E+00   1.723707810874971E+00  -1.389346494439063E-02  -1.387362558231189E-02  -3.046182174343239E-04  -3.043391006678120E-04   1.182301137940953E+00  -1.191204522245029E-02  -2.602225036494888E-04
   2.818383386854929E-03   1.752254903020087E+00   1.714819364202057E+00  -1.380638791508585E-02  -1.378146753492076E-02  -2.987780870103697E-04  -2.984702183838645E-04   1.176704362278844E+00  -1.183320704991831E-02  -2.552189634261651E-04
   2.985383096772632E-03   1.745204679653656E+00   1.706017699296718E+00  -1.371966335222039E-02  -1.368925730051503E-02  -2.929953384663269E-04  -2.926569704822842E-04   1.171187829127237E+00  -1.175439925086747E-02  -2.502631092700535E-04
   3.162278161326142E-03   1.738322949368635E+00   1.697303242626136E+00  -1.363327485192059E-02  -1.359695465665571E-02  -2.872708600680607E-04  -2.869001347686198E-04   1.165752805513921E+00  -1.167559364101018E-02  -2.453556239832511E-04
   3.349654917122971E-03   1.731613829809440E+00   1.688676410283046E+00  -1.354720518598805E-02  -1.350451754269119E-02  -2.816056841057062E-04  -2.812006289032112E-04   1.160400594740928E+00  -1.159676084145109E-02  -2.404973085279578E-04
   3.548134443397845E-03   1.725081584817370E+00   1.680137603816514E+00  -1.346143623564647E-02  -1.341190190503569E-02  -2.760009017125668E-04  -2.755593996754192E-04   1.155132535267302E+00  -1.151787015420586E-02  -2.356890112611462E-04
   3.758374620642745E-03   1.718730625867346E+00   1.671687205578275E+00  -1.337594891705723E-02  -1.331906161911253E-02  -2.704575756986372E-04  -2.699774437754687E-04   1.149949999305565E+00  -1.143888960810530E-02  -2.309315438184116E-04
   3.981072311218404E-03   1.712565513088813E+00   1.663325573528279E+00  -1.329072298064636E-02  -1.322594838952997E-02  -2.649117256231410E-04  -2.644557202547061E-04   1.144854391091917E+00  -1.135978582594769E-02  -2.262258061492034E-04
   4.216965669175206E-03   1.706590955813578E+00   1.655053035456884E+00  -1.320573739068212E-02  -1.313251164373909E-02  -2.595599666296412E-04  -2.589952795958596E-04   1.139847144797588E+00  -1.128052397439664E-02  -2.215727018064926E-04
   4.466836586939533E-03   1.700811812575687E+00   1.646869882562685E+00  -1.312096951110075E-02  -1.303869841871603E-02  -2.542080775451692E-04  -2.535971754703783E-04   1.134929722036640E+00  -1.120106769096409E-02  -2.169731581428303E-04
   4.731513286975408E-03   1.695233090484516E+00   1.638776362325532E+00  -1.303639559531504E-02  -1.294445324022301E-02  -2.489224534566534E-04  -2.482624850827959E-04   1.130103608924634E+00  -1.112137900519672E-02  -2.124281253149487E-04
   5.011873067011723E-03   1.689859943881626E+00   1.630772670606876E+00  -1.295199000994545E-02  -1.284971799854701E-02  -2.437043783045355E-04  -2.429923075799597E-04   1.125370312636702E+00  -1.104141825334537E-02  -2.079385751934238E-04
   5.308845207934434E-03   1.684697672188239E+00   1.622858942909694E+00  -1.286772588221988E-02  -1.275443179160094E-02  -2.385552624653248E-04  -2.377878593483760E-04   1.120731357412588E+00  -1.096114398580230E-02  -2.035055789176115E-04
   5.623414053982160E-03   1.679751716829053E+00   1.615035244713416E+00  -1.278357440719787E-02  -1.265853204379116E-02  -2.334761753845870E-04  -2.326499861753683E-04   1.116188279943715E+00  -1.088051286637837E-02  -1.991299112100539E-04
   5.956622275454873E-03   1.675027657112082E+00   1.607301560798868E+00  -1.269950479914373E-02  -1.256194813993126E-02  -2.284687767687367E-04  -2.275801325663173E-04   1.111742624075513E+00  -1.079947956309286E-02  -1.948128373136386E-04
   6.309574324750179E-03   1.670531204937031E+00   1.599657783475971E+00  -1.261548408863262E-02  -1.246461350392248E-02  -2.235343826099556E-04  -2.225793676330163E-04   1.107395934755321E+00  -1.071799662900064E-02  -1.905553226883460E-04
   6.683440097182688E-03   1.666268198181249E+00   1.592103699610272E+00  -1.253147689641016E-02  -1.236645372812335E-02  -2.186744296781587E-04  -2.176488680447712E-04   1.103149751143113E+00  -1.063601437239470E-02  -1.863584252640289E-04
   7.079458808720497E-03   1.662244592601974E+00   1.584638976341194E+00  -1.244744518157009E-02  -1.226739117662138E-02  -2.138903802973599E-04  -2.127898177439919E-04   1.099005598798145E+00  -1.055348071535565E-02  -1.822230575699405E-04
   7.498943103492039E-03   1.658466452071319E+00   1.577263145371750E+00  -1.236334796184199E-02  -1.216734493777006E-02  -2.091835604478683E-04  -2.080032430314748E-04   1.094964980843285E+00  -1.047034090905069E-02  -1.781506131445294E-04
   7.943283404677965E-03   1.654939936968643E+00   1.569975585721521E+00  -1.227914100114625E-02  -1.206622976636763E-02  -2.045557978001630E-04  -2.032906564487282E-04   1.091029368015721E+00  -1.038653788925601E-02  -1.741420180533872E-04
   8.413952523209641E-03   1.651671290471195E+00   1.562775504773673E+00  -1.219477646488696E-02  -1.196395651943101E-02  -2.000084550401090E-04  -1.986530782290302E-04   1.087200187465559E+00  -1.030201130494457E-02  -1.701983599496832E-04
   8.912510539550115E-03   1.648666822541717E+00   1.555661917501501E+00  -1.211020253716020E-02  -1.186043109682892E-02  -1.955430709757718E-04  -1.940916829631669E-04   1.083478810201245E+00  -1.021669784576102E-02  -1.663207263022202E-04
   9.440609974738836E-03   1.645932891333838E+00   1.548633623704887E+00  -1.202536299728844E-02  -1.175555470510496E-02  -1.911611952403210E-04  -1.896076311454546E-04   1.079866537037512E+00  -1.013053089270510E-02  -1.625102006525688E-04
   1.000000126783998E-02   1.643475881728155E+00   1.541689183090956E+00  -1.194019662549094E-02  -1.164922344351097E-02  -1.868643840981123E-04  -1.852020634909192E-04   1.076364582900801E+00  -1.004344028211474E-02  -1.587678585023917E-04
   1.059253857795005E-02   1.641302180679040E+00   1.534826888018228E+00  -1.185463714618680E-02  -1.154132794310824E-02  -1.826544558421576E-04  -1.808763618171763E-04   1.072974059332038E+00  -9.955352049564258E-03  -1.550950050841385E-04
   1.122018592999599E-02   1.639418149032118E+00   1.528044733719042E+00  -1.176861214509552E-02  -1.143175310427652E-02  -1.785321844309119E-04  -1.766308060125033E-04   1.069695955019254E+00  -9.866188152659112E-03  -1.514919583771003E-04
   1.188502372469468E-02   1.637830089436613E+00   1.521340385800292E+00  -1.168204245539932E-02  -1.132037773469279E-02  -1.744998953610887E-04  -1.724672385233262E-04   1.066531114176735E+00  -9.775866169874059E-03  -1.479604673030073E-04
   1.258925563425184E-02   1.636544209895663E+00   1.514711144780959E+00  -1.159484185026664E-02  -1.120707413069765E-02  -1.705588567830130E-04  -1.683863836779391E-04   1.063480212548453E+00  -9.684298977863560E-03  -1.445012816322624E-04
   1.333521590665678E-02   1.635566582549901E+00   1.508153907473887E+00  -1.150691604214620E-02  -1.109170773178155E-02  -1.667105727201098E-04  -1.643891744033475E-04   1.060543730847174E+00  -9.591394402645824E-03  -1.411153569660580E-04
   1.412537710278373E-02   1.634903097167751E+00   1.501665124952636E+00  -1.141816191732139E-02  -1.097413665447894E-02  -1.629565140818876E-04  -1.604764746645962E-04   1.057721925380534E+00  -9.497054845871556E-03  -1.378037222206087E-04
   1.496235829194530E-02   1.634559408804507E+00   1.495240756855965E+00  -1.132846664665936E-02  -1.085421145880617E-02  -1.592982255643566E-04  -1.566491876076012E-04   1.055014795616667E+00  -9.401176884871933E-03  -1.345669991421253E-04
   1.584893373306298E-02   1.634540879025096E+00   1.488876221760264E+00  -1.123770672087904E-02  -1.073177442052640E-02  -1.557368451258684E-04  -1.529077627848871E-04   1.052422048414432E+00  -9.303650847223852E-03  -1.314061033380696E-04
   1.678804207022927E-02   1.634852510104178E+00   1.482566343380624E+00  -1.114574690165805E-02  -1.060665931478264E-02  -1.522737984545905E-04  -1.492529053976070E-04   1.049943058660337E+00  -9.204360366056277E-03  -1.283217584379225E-04
   1.778279607314122E-02   1.635498871406525E+00   1.476305292263312E+00  -1.105243908997729E-02  -1.047869072291264E-02  -1.489101130558326E-04  -1.456850769560172E-04   1.047576825956910E+00  -9.103181867347101E-03  -1.253144055784501E-04
   1.883649295469084E-02   1.636484017251934E+00   1.470086522720576E+00  -1.095762110808144E-02  -1.034768376341123E-02  -1.456473179109820E-04  -1.422043998148956E-04   1.045321927069967E+00  -8.999984037272511E-03  -1.223849862959149E-04
   1.995262529991110E-02   1.637811395439360E+00   1.463902704713645E+00  -1.086111538865482E-02  -1.021344374622409E-02  -1.424862245845208E-04  -1.388114430331584E-04   1.043176463788219E+00  -8.894627596829081E-03  -1.195337297706429E-04
   2.113489264250289E-02   1.639483745525356E+00   1.457745650383190E+00  -1.076272757217222E-02  -1.007576532216795E-02  -1.394278953488400E-04  -1.355061817630956E-04   1.041138005823643E+00  -8.786964260840142E-03  -1.167611101877103E-04
   2.238721372731400E-02   1.641502985899213E+00   1.451606234940234E+00  -1.066224501801752E-02  -9.934432228656255E-03  -1.364724987955929E-04  -1.322878273225292E-04   1.039203528371467E+00  -8.676836514324928E-03  -1.140667737340099E-04
   2.371373949941596E-02   1.643870088607601E+00   1.445474311632084E+00  -1.055943518712876E-02  -9.789217035430186E-03  -1.336211241254442E-04  -1.291565179868812E-04   1.037369343923912E+00  -8.564076956494577E-03  -1.114512281736248E-04
   2.511886686283180E-02   1.646584940939968E+00   1.439338620569798E+00  -1.045404392410415E-02  -9.639880524549501E-03  -1.308739128759748E-04  -1.261113733314452E-04   1.035631027976128E+00  -8.448507717842908E-03  -1.089141130153505E-04
   2.660725325451977E-02   1.649646192321168E+00   1.433186691059427E+00  -1.034579395935638E-02  -9.486171563894797E-03  -1.282309474127369E-04  -1.231514249634557E-04   1.033983338075762E+00  -8.329939887115424E-03  -1.064550309402250E-04
   2.818383208191988E-02   1.653051085517905E+00   1.427004737350792E+00  -1.023438261260854E-02  -9.327826533126495E-03  -1.256920529390410E-04  -1.202754155916220E-04   1.032420125902338E+00  -8.208172945359171E-03  -1.040733736506220E-04
   2.985382907523247E-02   1.656795270679660E+00   1.420777547579329E+00  -1.011948016450400E-02  -9.164569615693700E-03  -1.232566728545507E-04  -1.174816753749141E-04   1.030934241871979E+00  -8.082994224018984E-03  -1.017682060466039E-04
   3.162277960863027E-02   1.660872600816131E+00   1.414488365807923E+00  -1.000072778767316E-02  -8.996112455847324E-03  -1.209239547297329E-04  -1.147682211003188E-04   1.029517431836622E+00  -7.954178399613895E-03  -9.953836960733742E-05
   3.349654704781671E-02   1.665274907186352E+00   1.408118767132280E+00  -9.877735506109861E-03  -8.822154339571332E-03  -1.186926157484963E-04  -1.121326262894270E-04   1.028160225432819E+00  -7.821487042628850E-03  -9.738236070719230E-05
   3.548134218474534E-02   1.669991753133718E+00   1.401648525943980E+00  -9.750080183595080E-03  -8.642382476224559E-03  -1.165609120965598E-04  -1.095720026042404E-04   1.026851815702133E+00  -7.684668255740110E-03  -9.529831825266948E-05
   3.758374382391888E-02   1.675010164622903E+00   1.395055477496486E+00  -9.617303016320392E-03  -8.456472493863413E-03  -1.145265804755829E-04  -1.070829557656897E-04   1.025579929546127E+00  -7.543456318008439E-03  -9.328398598674447E-05
   3.981072058850296E-02   1.680314335762543E+00   1.388315373104688E+00  -9.478908571499342E-03  -8.264089151322875E-03  -1.125867753771918E-04  -1.046615395549792E-04   1.024330688658037E+00  -7.397571632854196E-03  -9.133667271933508E-05
   4.216965401853350E-02   1.685885307765970E+00   1.381401729524953E+00  -9.334361463513042E-03  -8.064887572353982E-03  -1.107379999442575E-04  -1.023032076966317E-04   1.023088460703994E+00  -7.246720648392506E-03  -8.945320983864800E-05
   4.466836303777862E-02   1.691700619518189E+00   1.374285673209819E+00  -9.183085257047688E-03  -7.858514394900921E-03  -1.089760310727691E-04  -1.000027642795016E-04   1.021835700502751E+00  -7.090596056780600E-03  -8.762990660233874E-05
   4.731512987035352E-02   1.697733928077516E+00   1.366935780429502E+00  -9.024460668705931E-03  -7.644609785839634E-03  -1.072958384282704E-04  -9.775431325686432E-05   1.020552781112548E+00  -6.928877204889700E-03  -8.586250339545454E-05
   5.011872749299101E-02   1.703954597409179E+00   1.359317914562392E+00  -8.857823456790597E-03  -7.422809714965046E-03  -1.056913069365249E-04  -9.555120773442408E-05   1.019217814843818E+00  -6.761230783257719E-03  -8.414612345718006E-05
   5.308844871396158E-02   1.710327254155243E+00   1.351395062200999E+00  -8.682464586945609E-03  -7.192748655743126E-03  -1.041559180263541E-04  -9.338600004499167E-05   1.017806464491797E+00  -6.587311837027010E-03  -8.247507241414762E-05
   5.623413697502739E-02   1.716811308454449E+00   1.343127170195122E+00  -8.497627921223284E-03  -6.954063825345444E-03  -1.026815189715976E-04  -9.125025365915482E-05   1.016291745041439E+00  -6.406764992918100E-03  -8.084339789568584E-05
   5.956621897852713E-02   1.723360439288785E+00   1.334470986255870E+00  -8.302510753425703E-03  -6.706398332530525E-03  -1.012588244738113E-04  -8.913506703878156E-05   1.014643816703063E+00  -6.219227040081004E-03  -7.924391561101115E-05
   6.309573924773688E-02   1.729922043385712E+00   1.325379906334098E+00  -8.096263955691204E-03  -6.449406984545600E-03  -9.987739722994763E-05  -8.703017075756459E-05   1.012829770236081E+00  -6.024328214219690E-03  -7.766878364192619E-05
   6.683439673506100E-02   1.736436647422886E+00   1.315803832705115E+00  -7.877993082517630E-03  -6.182762089130238E-03  -9.852533735902626E-05  -8.492447881338856E-05   1.010813405995868E+00  -5.821695932084487E-03  -7.610929954414677E-05
   7.079458359939497E-02   1.742837283888011E+00   1.305689047524535E+00  -7.646760420567772E-03  -5.906160471810909E-03  -9.718902325884738E-05  -8.280591930120202E-05   1.008555008628466E+00  -5.610958295577395E-03  -7.455585896633199E-05
   7.498942628119087E-02   1.749048831821880E+00   1.294978107512485E+00  -7.401588180523379E-03  -5.619331626153366E-03  -9.585379108369691E-05  -8.066142493123220E-05   1.006011119926140E+00  -5.391748615707052E-03  -7.299792027158427E-05
   7.943282901137400E-02   1.754987324680707E+00   1.283609766390474E+00  -7.141462877255146E-03  -5.322047140568467E-03  -9.450259303330019E-05  -7.847694200808567E-05   1.003134313010891E+00  -5.163710652027039E-03  -7.142397783040474E-05
   8.413951989832422E-02   1.760559228567667E+00   1.271518933517108E+00  -6.865342188701805E-03  -5.014131323071526E-03  -9.311672350669811E-05  -7.623726792081895E-05   9.998729719954714E-01  -4.926505253966818E-03  -6.982154608855798E-05
   8.912509974568313E-02   1.765660696413886E+00   1.258636677654930E+00  -6.572162008275376E-03  -4.695474105965285E-03  -9.167530222267132E-05  -7.392688371079753E-05   9.961710821143966E-01  -4.679817571712999E-03  -6.817696561322545E-05
   9.440609376279750E-02   1.770176805088606E+00   1.244890287092283E+00  -6.260847388184236E-03  -4.366043522279259E-03  -9.015601351682414E-05  -7.152884084895173E-05   9.919680365877429E-01  -4.423366624447474E-03  -6.647620575008956E-05
   1.000000063391997E-01   1.773980785227234E+00   1.230203398833550E+00  -5.930325825839564E-03  -4.025902746510536E-03  -8.853364623178598E-05  -6.902569844362262E-05   9.871984678416913E-01  -4.156914406307877E-03  -6.470359594930951E-05
   1.059253790646792E-01   1.776933256694622E+00   1.214496211772677E+00  -5.579542358498874E-03  -3.675225996536903E-03  -8.678110745328220E-05  -6.639940540897040E-05   9.817921124331506E-01  -3.880278368300767E-03  -6.284312069276237E-05
   1.122018521872604E-01   1.778881485916944E+00   1.197685799875998E+00  -5.207480304564445E-03  -3.314318709699457E-03  -8.486524040674311E-05  -6.363180893795581E-05   9.756737203850541E-01  -3.593344635440331E-03  -6.087767338240223E-05
   1.188502297127933E-01   1.779658686571695E+00   1.179686545829220E+00  -4.813182898810719E-03  -2.943636886241745E-03  -8.276681325305766E-05  -6.070429047612746E-05   9.687630228141425E-01  -3.296083041239010E-03  -5.878962247809626E-05
   1.258925483619383E-01   1.779083390249407E+00   1.160410716226089E+00  -4.395783662896502E-03  -2.563811019842352E-03  -8.043934309078481E-05  -5.759915632364458E-05   9.609747734167525E-01  -2.988564907332157E-03  -5.656067853239052E-05
   1.333521506131087E-01   1.776958919576581E+00   1.139769202327468E+00  -3.954538383462774E-03  -2.175668284232909E-03  -7.785134347072712E-05  -5.429864356876543E-05   9.522188821595960E-01  -2.670980857695761E-03  -5.417295370656156E-05
   1.412537620734793E-01   1.773073005975693E+00   1.117672453378738E+00  -3.488863991728302E-03  -1.780260412228717E-03  -7.496543923020864E-05  -5.076103198021654E-05   9.424006634115718E-01  -2.343663496652159E-03  -5.160773323069330E-05
   1.496235734345160E-01   1.767197601145402E+00   1.094031633739129E+00  -2.998385028022380E-03  -1.378885861940323E-03  -7.174281427053815E-05  -4.704938840939048E-05   9.314212242834230E-01  -2.007109136246662E-03  -4.884761676914324E-05
   1.584893272836748E-01   1.759088940273746E+00   1.068760030385556E+00  -2.482985272358666E-03  -9.731208775373702E-04  -6.814324254270006E-05  -4.307349914664104E-05   9.191780197516352E-01  -1.662004882885251E-03  -4.587492700604413E-05
   1.678804100600182E-01   1.748487936396521E+00   1.041774752228304E+00  -1.942868566183562E-03  -5.648437152017963E-04  -6.412593200961605E-05  -3.885073087383976E-05   9.055656128256335E-01  -1.309252971908089E-03  -4.267524453048076E-05
   1.778279494585434E-01   1.735120987088036E+00   1.012998750234792E+00  -1.378627067087007E-03  -1.562603041006183E-04  -5.965091344970613E-05  -3.437642948596068E-05   8.904766738096166E-01  -9.500028478335141E-04  -3.923294001948964E-05
   1.883649176060801E-01   1.718701299347690E+00   9.823631960145000E-01  -7.913189038604106E-04   2.500726428874826E-04  -5.467883226467091E-05  -2.965073234058831E-05   8.738032630227668E-01  -5.856799019523767E-04  -3.553778499325477E-05
   1.995262403507442E-01   1.698930853484031E+00   9.498102522917750E-01  -1.825533346612990E-04   6.512281172052415E-04  -4.917286562214370E-05  -2.467978743720396E-05   8.554384439963759E-01  -2.180157987436537E-04  -3.158210277507383E-05
   2.113489130271992E-01   1.675503146799643E+00   9.152962654045897E-01   4.454144033112480E-04   1.043895368160745E-03  -4.310000753322326E-05  -1.947768748359167E-05   8.352782786383984E-01   1.509191794872714E-04  -2.736234913039570E-05
   2.238721230814391E-01   1.648106879089603E+00   8.787954033949344E-01   1.089579970052618E-03   1.424373357341336E-03  -3.643285194624841E-05  -1.406640727138281E-05   8.132242594472565E-01   5.186876747529091E-04  -2.288023482930978E-05
   2.371373799615476E-01   1.616430763663814E+00   8.403037524668103E-01   1.746081765020636E-03   1.788576688886706E-03  -2.915153980154516E-05  -8.477875005905773E-06   7.891862360182705E-01   8.824572902346766E-04  -1.814458941311015E-05
   2.511886527049677E-01   1.580169669151302E+00   7.998438685117598E-01   2.410086561605469E-03   2.132053701528093E-03  -2.124711717004652E-05  -2.755018563899834E-06   7.630858932418434E-01   1.238978175505310E-03  -1.317134486191209E-05
   2.660725156783296E-01   1.539032316936378E+00   7.574697573466894E-01   3.075674943847662E-03   2.450023198742198E-03  -1.272337151466053E-05   3.047277779036855E-06   7.348608355994793E-01   1.584566405468698E-03  -7.985640173762210E-06
   2.818383029529060E-01   1.492750774132735E+00   7.132722253844881E-01   3.735730507797436E-03   2.737433163393653E-03  -3.601098575306498E-06   8.860364882844276E-06   7.044693243854654E-01   1.915099100712800E-03  -2.623001629880363E-06
   2.985382718273875E-01   1.441091989675700E+00   6.673844995532945E-01   4.381840057031595E-03   2.989046523050651E-03   6.078091191103419E-06   1.460230485906250E-05   6.718957009239096E-01   2.226021549059550E-03   2.869273449835108E-06
   3.162277760399926E-01   1.383871615300432E+00   6.199879587668805E-01   5.004214383589090E-03   3.199559249771119E-03   1.624728807676629E-05   2.017677963629168E-05   6.371565061913724E-01   2.512373618064158E-03   8.430778045571430E-06
   3.349654492440384E-01   1.320970328967678E+00   5.713177465648709E-01   5.591642519950524E-03   3.363756246808429E-03   2.680936595057386E-05   2.547357289190643E-05   6.003072733389722E-01   2.768840056479516E-03   1.398699504126113E-05
   3.548133993551235E-01   1.252352824008298E+00   5.216679430486991E-01   6.131496221890547E-03   3.476710268278882E-03   3.763174852088246E-05   3.036966760072881E-05   5.614499201006251E-01   2.989831477845113E-03   1.944751065494163E-05
   3.758374144141045E-01   1.178089533361915E+00   4.713958614181220E-01   6.609806230964270E-03   3.534028308002098E-03   4.854107111545370E-05   3.473140513706187E-05   5.207405992972980E-01   3.169603678494528E-03   2.470668839269647E-05
   3.981071806482205E-01   1.098381005445590E+00   4.209248994867683E-01   7.011437324369367E-03   3.532148212531842E-03   5.931807998062445E-05   3.841799412804859E-05   4.783977717381543E-01   3.302423839726923E-03   2.964290565754353E-05
   4.216965134531508E-01   1.013584617398100E+00   3.707452194602433E-01   7.320395372867946E-03   3.468685300515286E-03   6.969329364028118E-05   4.128648239101440E-05   4.347101412452328E-01   3.382792803311590E-03   3.411967730920327E-05
   4.466836020616206E-01   9.242429727260432E-01   3.214113550455658E-01   7.520306213520494E-03   3.342824009595959E-03   7.934419986773057E-05   4.319972478535532E-05   3.900439294660130E-01   3.405732703941858E-03   3.798758704365899E-05
   4.731512687095313E-01   8.311128490719075E-01   2.735356630140010E-01   7.595112586211815E-03   3.155742446270931E-03   8.789509260511414E-05   4.403455613601392E-05   3.448487619677892E-01   3.367148429994301E-03   4.108881888831451E-05
   5.011872431586499E-01   7.351928913629863E-01   2.277763661813269E-01   7.530040611030041E-03   2.911047126527050E-03   9.492108616442868E-05   4.369448783342273E-05   2.996611804637786E-01   3.264269039244982E-03   4.326180849589572E-05
   5.308844534857901E-01   6.377473295097303E-01   1.848188113329172E-01   7.312889599975734E-03   2.615182194833279E-03   9.995820856802164E-05   4.212378452956780E-05   2.551044852954192E-01   3.096170519257364E-03   4.435058716075185E-05
   5.623413341023338E-01   5.403217643746060E-01   1.453485420597380E-01   6.935695055479323E-03   2.277754274221867E-03   1.025235342577036E-04   3.932380222427163E-05   2.118832455260640E-01   2.864374306381862E-03   4.421643761682276E-05
   5.956621520250581E-01   4.447454286469861E-01   1.100149563588528E-01   6.396799934628100E-03   1.911696313080319E-03   1.021459536546743E-04   3.537026378075524E-05   1.707704016006967E-01   2.573499171259073E-03   4.275373947883120E-05
   6.309573524797223E-01   3.531121730764437E-01   7.938481058192186E-02   5.703335348842989E-03   1.533157302339464E-03   9.841614560048104E-05   3.043064254250481E-05   1.325844404860175E-01   2.231929484667890E-03   3.991020263270954E-05
   6.683439249829541E-01   2.677296438245267E-01   5.388585956076397E-02   4.874040217181391E-03   1.160977708805361E-03   9.105783226655832E-05   2.477559828863992E-05   9.815369274367514E-02   1.852424865478399E-03   3.571294019136890E-05
   7.079457911158523E-01   1.910225307021561E-01   3.374277895904228E-02   3.942225933459273E-03   8.155756656522906E-04   8.002858121106556E-05   1.878418927804611E-05   6.826444247905336E-02   1.452553133079593E-03   3.029712877114457E-05
   7.498942152746171E-01   1.253712291676687E-01   1.891064687997580E-02   2.958451539926735E-03   5.170628049380245E-04   6.565172909821739E-05   1.292930514502467E-05   4.358937662859134E-02   1.054750188551728E-03   2.394104267581478E-05
   7.943282397596867E-01   7.286156327034025E-02   9.016287332566248E-03   1.992035594125510E-03   2.824310378477907E-04   4.878602583484424E-05   7.738608486013862E-06   2.459310002770719E-02   6.857023299766835E-04   1.709748380974869E-05
   8.413951456455239E-01   3.491417825368497E-02   3.325578001985171E-03   1.129681531615363E-03   1.217952010425538E-04   3.101467404321277E-05   3.712135626155424E-06   1.141228329631037E-02   3.745378055849464E-04   1.041974735866723E-05
   8.912509409586543E-01   1.175369719820034E-02   7.666052148175321E-04   4.676506095994491E-04   3.405115697759617E-05   1.480999584494607E-05   1.186461453419684E-06   3.709908737718752E-03   1.489321316283442E-04   4.756745795357427E-06
   9.440608777820709E-01   1.667989546690275E-03   5.591566736804590E-05   8.919284853371128E-05   3.279797132957819E-06   3.484804558355439E-06   1.391502071586761E-07   5.067189117748141E-04   2.720405051572923E-05   1.066860472095932E-06
