# Q1 =   100.0000 , Q2 =   500.0000
# x  F1Wp(LO) F1Wm(LO) F1Wp(NLO) F1Wm(NLO) F1Wp(NNLO) F1Wm(NNLO) F1Z(LO) F1Z(NLO) F1Z(NNLO)
    1.000000316960E-05    2.455639554775E+05    2.455639554775E+05   -1.017137896264E+02   -1.017137896264E+02    1.340202770900E-01    1.340202770900E-01    2.091387159395E+05   -8.662627751882E+01    1.433158142271E-01
    1.059254059240E-05    2.305058920111E+05    2.305058920111E+05   -9.546075280564E+01   -9.546075280564E+01    1.239128796647E-01    1.239128796647E-01    1.963142602829E+05   -8.130077244266E+01    1.328343948685E-01
    1.122018806381E-05    2.163716493661E+05    2.163716493661E+05   -8.959165945467E+01   -8.959165945467E+01    1.145285947529E-01    1.145285947529E-01    1.842765923287E+05   -7.630225934669E+01    1.230869810010E-01
    1.188502598494E-05    2.031045450830E+05    2.031045450830E+05   -8.408294717895E+01   -8.408294717895E+01    1.058174056760E-01    1.058174056760E-01    1.729774374971E+05   -7.161067091962E+01    1.140235945544E-01
    1.258925802843E-05    1.906513746076E+05    1.906513746076E+05   -7.891249938790E+01   -7.891249938790E+01    9.773267710253E-02    9.773267710253E-02    1.623714832253E+05   -6.720717118876E+01    1.055975960819E-01
    1.333521844269E-05    1.789621978935E+05    1.789621978935E+05   -7.405955657635E+01   -7.405955657635E+01    9.023093027127E-02    9.023093027127E-02    1.524161972240E+05   -6.307407996957E+01    9.776546493215E-02
    1.412537978909E-05    1.679901390991E+05    1.679901390991E+05   -6.950463305951E+01   -6.950463305951E+01    8.327163274497E-02    8.327163274497E-02    1.430716568862E+05   -5.919480194715E+01    9.048659339009E-02
    1.496236113743E-05    1.576911985740E+05    1.576911985740E+05   -6.522943881217E+01   -6.522943881217E+01    7.681700221328E-02    7.681700221328E-02    1.343003891618E+05   -5.555376011152E+01    8.372309459962E-02
    1.584893674715E-05    1.480240763823E+05    1.480240763823E+05   -6.121680610581E+01   -6.121680610581E+01    7.083182309191E-02    7.083182309191E-02    1.260672202585E+05   -5.213633327414E+01    7.743962285022E-02
    1.678804526291E-05    1.389500066538E+05    1.389500066538E+05   -5.745062064433E+01   -5.745062064433E+01    6.528327520420E-02    6.528327520420E-02    1.183391345642E+05   -4.892879742111E+01    7.160320564803E-02
    1.778279945500E-05    1.304326020985E+05    1.304326020985E+05   -5.391575692804E+01   -5.391575692804E+01    6.014077375595E-02    6.014077375595E-02    1.110851422249E+05   -4.591827066360E+01    6.618308673800E-02
    1.883649653694E-05    1.224377080627E+05    1.224377080627E+05   -5.059801758217E+01   -5.059801758217E+01    5.537581985356E-02    5.537581985356E-02    1.042761548494E+05   -4.309266156608E+01    6.115057941478E-02
    1.995262909442E-05    1.149332655386E+05    1.149332655386E+05   -4.748407640850E+01   -4.748407640850E+01    5.096186088150E-02    5.096186088150E-02    9.788486883893E+04   -4.044062064454E+01    5.647892941162E-02
    2.113489666185E-05    1.078891825801E+05    1.078891825801E+05   -4.456142493025E+01   -4.456142493025E+01    4.687416009577E-02    4.687416009577E-02    9.188565587607E+04   -3.795149484390E+01    5.214318678195E-02
    2.238721798482E-05    1.012772136080E+05    1.012772136080E+05   -4.181832221803E+01   -4.181832221803E+01    4.308967483874E-02    4.308967483874E-02    8.625446013334E+04   -3.561528480195E+01    4.812008616916E-02
    2.371374400920E-05    9.507084612094E+04    9.507084612094E+04   -3.924374779741E+01   -3.924374779741E+01    3.958694279569E-02    3.958694279569E-02    8.096870178833E+04   -3.342260474195E+01    4.438793492716E-02
    2.511887163984E-05    8.924519435722E+04    8.924519435722E+04   -3.682735743488E+01   -3.682735743488E+01    3.634597579059E-02    3.634597579059E-02    7.600718645923E+04   -3.136464482420E+01    4.092650857335E-02
    2.660725831458E-05    8.377689948172E+04    8.377689948172E+04   -3.455944165102E+01   -3.455944165102E+01    3.334816057537E-02    3.334816057537E-02    7.135002019712E+04   -2.943313580541E+01    3.771695311885E-02
    2.818383744181E-05    7.864403589687E+04    7.864403589687E+04   -3.243088677275E+01   -3.243088677275E+01    3.057616626909E-02    3.057616626909E-02    6.697852969420E+04   -2.762031586968E+01    3.474169376772E-02
    2.985383475271E-05    7.382602330224E+04    7.382602330224E+04   -3.043313837071E+01   -3.043313837071E+01    2.801385786170E-02    2.801385786170E-02    6.287518738787E+04   -2.591889949192E+01    3.198434979889E-02
    3.162278562252E-05    6.930354415001E+04    6.930354415001E+04   -2.855816694710E+01   -2.855816694710E+01    2.564621549496E-02    2.564621549496E-02    5.902354116022E+04   -2.432204821465E+01    2.942965469845E-02
    3.349655341806E-05    6.505846616515E+04    6.505846616515E+04   -2.679843572712E+01   -2.679843572712E+01    2.345925910001E-02    2.345925910001E-02    5.540814835109E+04   -2.282334321526E+01    2.706338189395E-02
    3.548134893245E-05    6.107376961971E+04    6.107376961971E+04   -2.514687042472E+01   -2.514687042472E+01    2.143997804521E-02    2.143997804521E-02    5.201451381990E+04   -2.141675955780E+01    2.487227521152E-02
    3.758375097145E-05    5.733347906925E+04    5.733347906925E+04   -2.359683086489E+01   -2.359683086489E+01    1.957626546898E-02    1.957626546898E-02    4.882903180792E+04   -2.009664202354E+01    2.284398395123E-02
    3.981072815955E-05    5.382259927791E+04    5.382259927791E+04   -2.214208434697E+01   -2.214208434697E+01    1.785685698216E-02    1.785685698216E-02    4.583893136769E+04   -1.885768242880E+01    2.096700225103E-02
    4.216966203819E-05    5.052705507493E+04    5.052705507493E+04   -2.077678064199E+01   -2.077678064199E+01    1.627127345988E-02    1.627127345988E-02    4.303222514082E+04   -1.769489832649E+01    1.923061242953E-02
    4.466837153263E-05    4.743363490148E+04    4.743363490148E+04   -1.949542852521E+01   -1.949542852521E+01    1.480976763695E-02    1.480976763695E-02    4.039766127871E+04   -1.660361301932E+01    1.762483212058E-02
    4.731513886856E-05    4.452993782127E+04    4.452993782127E+04   -1.829287374597E+01   -1.829287374597E+01    1.346327434230E-02    1.346327434230E-02    3.792467831323E+04   -1.557943680552E+01    1.614036485641E-02
    5.011873702437E-05    4.180432378258E+04    4.180432378258E+04   -1.716427835431E+01   -1.716427835431E+01    1.222336391336E-02    1.222336391336E-02    3.560336279651E+04   -1.461824936021E+01    1.476855394314E-02
    5.308845881011E-05    3.924586693205E+04    3.924586693205E+04   -1.610510128897E+01   -1.610510128897E+01    1.108219887834E-02    1.108219887834E-02    3.342440953984E+04   -1.371618321224E+01    1.350133939178E-02
    5.623414766941E-05    3.684431179301E+04    3.684431179301E+04   -1.511108016277E+01   -1.511108016277E+01    1.003249346300E-02    1.003249346300E-02    3.137908429225E+04   -1.286960822690E+01    1.233121769637E-02
    5.956623030659E-05    3.459003213269E+04    3.459003213269E+04   -1.417821416236E+01   -1.417821416236E+01    9.067475827556E-03    9.067475827556E-03    2.945918870900E+04   -1.207511704422E+01    1.125120428937E-02
    6.309575124703E-05    3.247399235320E+04    3.247399235320E+04   -1.330274799901E+01   -1.330274799901E+01    8.180852847860E-03    8.180852847860E-03    2.765702746957E+04   -1.132951140802E+01    1.025479848097E-02
    6.683440944536E-05    3.048771125148E+04    3.048771125148E+04   -1.248115684164E+01   -1.248115684164E+01    7.366777242814E-03    7.366777242814E-03    2.596537741328E+04   -1.062978933624E+01    9.335950736253E-03
    7.079459706283E-05    2.862322800293E+04    2.862322800293E+04   -1.171013217688E+01   -1.171013217688E+01    6.619816934311E-03    6.619816934311E-03    2.437745856853E+04   -9.973133077257E+00    8.489032124349E-03
    7.498944054238E-05    2.687307023208E+04    2.687307023208E+04   -1.098656853551E+01   -1.098656853551E+01    5.934926458103E-03    5.934926458103E-03    2.288690695978E+04   -9.356897805425E+00    7.708805801422E-03
    7.943284411759E-05    2.523022404252E+04    2.523022404252E+04   -1.030755103351E+01   -1.030755103351E+01    5.307420306257E-03    5.307420306257E-03    2.148774908296E+04   -8.778601010224E+00    6.990400390476E-03
    8.413953589964E-05    2.368810588567E+04    2.368810588567E+04   -9.670343677643E+00   -9.670343677643E+00    4.732948066513E-03    4.732948066513E-03    2.017437794702E+04   -8.235912535974E+00    6.329285166925E-03
    8.912511669514E-05    2.224053615556E+04    2.224053615556E+04   -9.072378387940E+00   -9.072378387940E+00    4.207471243769E-03    4.207471243769E-03    1.894153058553E+04   -7.726645235381E+00    5.721246834173E-03
    9.440611171657E-05    2.088171440390E+04    2.088171440390E+04   -8.511244696807E+00   -8.511244696807E+00    3.727241646113E-03    3.727241646113E-03    1.778426694812E+04   -7.248746191094E+00    5.162367919352E-03
    1.000000253568E-04    1.960619607582E+04    1.960619607582E+04   -7.984680073787E+00   -7.984680073787E+00    3.288781237726E-03    3.288781237726E-03    1.669795008711E+04   -6.800288481153E+00    4.649006579151E-03
    1.059253992091E-04    1.840887067308E+04    1.840887067308E+04   -7.490560851555E+00   -7.490560851555E+00    2.888863355654E-03    2.888863355654E-03    1.567822755981E+04   -6.379463448188E+00    4.177777764465E-03
    1.122018735254E-04    1.728494125710E+04    1.728494125710E+04   -7.026893702663E+00   -7.026893702663E+00    2.524495200735E-03    2.524495200735E-03    1.472101397199E+04   -5.984573441227E+00    3.745535652134E-03
    1.188502523153E-04    1.622990520974E+04    1.622990520974E+04   -6.591807643101E+00   -6.591807643101E+00    2.192901528004E-03    2.192901528004E-03    1.382247459236E+04   -5.614025004272E+00    3.349357241664E-03
    1.258925723037E-04    1.523953617445E+04    1.523953617445E+04   -6.183546523779E+00   -6.183546523779E+00    1.891509427440E-03    1.891509427440E-03    1.297900997254E+04   -5.266322483773E+00    2.986527071892E-03
    1.333521759735E-04    1.430986710550E+04    1.430986710550E+04   -5.800461985461E+00   -5.800461985461E+00    1.617934160742E-03    1.617934160742E-03    1.218724151063E+04   -4.940062025508E+00    2.654522950744E-03
    1.412537889366E-04    1.343717435733E+04    1.343717435733E+04   -5.441006843547E+00   -5.441006843547E+00    1.369965957514E-03    1.369965957514E-03    1.144399790060E+04   -4.633925945158E+00    2.351002652389E-03
    1.496236018893E-04    1.261796275007E+04    1.261796275007E+04   -5.103728879082E+00   -5.103728879082E+00    1.145557710225E-03    1.145557710225E-03    1.074630241312E+04   -4.346677435616E+00    2.073791507189E-03
    1.584893574245E-04    1.184895155147E+04    1.184895155147E+04   -4.787265014883E+00   -4.787265014883E+00    9.428135164839E-04    9.428135164839E-04    1.009136095680E+04   -4.077155607500E+00    1.820870831311E-03
    1.678804419868E-04    1.112706131886E+04    1.112706131886E+04   -4.490335840246E+00   -4.490335840246E+00    7.599780027585E-04    7.599780027585E-04    9.476550871979E+03   -3.824270829732E+00    1.590367135708E-03
    1.778279832772E-04    1.044940154857E+04    1.044940154857E+04   -4.211740480080E+00   -4.211740480080E+00    5.954263841528E-04    5.954263841528E-04    8.899410412063E+03   -3.587000356635E+00    1.380542063705E-03
    1.883649534286E-04    9.813259083057E+03    9.813259083057E+03   -3.950351776049E+00   -3.950351776049E+00    4.476552005707E-04    4.476552005707E-04    8.357628870336E+03   -3.364384224655E+00    1.189783016380E-03
    1.995262782958E-04    9.216087229426E+03    9.216087229426E+03   -3.705111761054E+00   -3.705111761054E+00    3.152736983483E-04    3.152736983483E-04    7.849037312504E+03   -3.155521398133E+00    1.016594400261E-03
    2.113489532207E-04    8.655495545539E+03    8.655495545539E+03   -3.475027414908E+00   -3.475027414908E+00    1.969958011757E-04    1.969958011757E-04    7.371599877899E+03   -2.959566154550E+00    8.595894805925E-04
    2.238721656565E-04    8.129240252877E+03    8.129240252877E+03   -3.259166677471E+00   -3.259166677471E+00    9.163263447281E-05    9.163263447281E-05    6.923405614415E+03   -2.775724689048E+00    7.174827836872E-04
    2.371374250594E-04    7.635215237633E+03    7.635215237633E+03   -3.056654709184E+00   -3.056654709184E+00   -1.914429486895E-06   -1.914429486895E-06    6.502660814432E+03   -2.603251929650E+00    5.890830147250E-04
    2.511887004750E-04    7.171443603945E+03    7.171443603945E+03   -2.866670379518E+00   -2.866670379518E+00   -8.466024861758E-05   -8.466024861758E-05    6.107681820996E+03   -2.441448546585E+00    4.732864596615E-04
    2.660725662789E-04    6.736069745420E+03    6.736069745420E+03   -2.688442969956E+00   -2.688442969956E+00   -1.575419371858E-04   -1.575419371858E-04    5.736888275386E+03   -2.289658144331E+00    3.690708359365E-04
    2.818383565518E-04    6.327351903122E+03    6.327351903122E+03   -2.521249081266E+00   -2.521249081266E+00   -2.214244737062E-04   -2.214244737062E-04    5.388796779004E+03   -2.147264626739E+00    2.754895652914E-04
    2.985383286022E-04    5.943655180186E+03    5.943655180186E+03   -2.364409729409E+00   -2.364409729409E+00   -2.771059173009E-04   -2.771059173009E-04    5.062014944149E+03   -2.013689727366E+00    1.916664338442E-04
    3.162278361789E-04    5.583444985038E+03    5.583444985038E+03   -2.217287619872E+00   -2.217287619872E+00   -3.253222633160E-04   -3.253222633160E-04    4.755235809829E+03   -1.888390682552E+00    1.167906223172E-04
    3.349655129464E-04    5.245280876925E+03    5.245280876925E+03   -2.079284588363E+00   -2.079284588363E+00   -3.667519557582E-04   -3.667519557582E-04    4.467232600197E+03   -1.770858056255E+00    5.011207442450E-05
    3.548134668321E-04    4.927810789067E+03    4.927810789067E+03   -1.949839202897E+00   -1.949839202897E+00   -4.020200887438E-04   -4.020200887438E-04    4.196853804601E+03   -1.660613693852E+00   -9.062815925552E-06
    3.758374858894E-04    4.629765606258E+03    4.629765606258E+03   -1.828424504577E+00   -1.828424504577E+00   -4.317023086287E-04   -4.317023086287E-04    3.943018559507E+03   -1.557208802636E+00   -6.137522079278E-05
    3.981072563587E-04    4.349954075177E+03    4.349954075177E+03   -1.714545894392E+00   -1.714545894392E+00   -4.563284454309E-04   -4.563284454309E-04    3.704712313782E+03   -1.460222148952E+00   -1.074176184390E-04
    4.216965936497E-04    4.087258026992E+03    4.087258026992E+03   -1.607739147698E+00   -1.607739147698E+00   -4.763858873703E-04   -4.763858873703E-04    3.480982759936E+03   -1.369258368191E+00   -1.477372742826E-04
    4.466836870101E-04    3.840627893083E+03    3.840627893083E+03   -1.507568549946E+00   -1.507568549946E+00   -4.923227176704E-04   -4.923227176704E-04    3.270936015016E+03   -1.283946376061E+00   -1.828394828492E-04
    4.731513586915E-04    3.609078495915E+03    3.609078495915E+03   -1.413625146015E+00   -1.413625146015E+00   -5.045506293148E-04   -5.045506293148E-04    3.073733035832E+03   -1.203937878745E+00   -2.131905836117E-04
    5.011873384724E-04    3.391685098169E+03    3.391685098169E+03   -1.325525097930E+00   -1.325525097930E+00   -5.134476340822E-04   -5.134476340822E-04    2.888586254131E+03   -1.128905975620E+00   -2.392207701718E-04
    5.308845544473E-04    3.187579694290E+03    3.187579694290E+03   -1.242908143463E+00   -1.242908143463E+00   -5.193605794383E-04   -5.193605794383E-04    2.714756418231E+03   -1.058543843087E+00   -2.613267015015E-04
    5.623414410462E-04    2.995947529569E+03    2.995947529569E+03   -1.165436151743E+00   -1.165436151743E+00   -5.226074844193E-04   -5.226074844193E-04    2.551549628438E+03   -9.925635047343E-01   -2.798739341687E-04
    5.956622653057E-04    2.816023832812E+03    2.816023832812E+03   -1.092791759912E+00   -1.092791759912E+00   -5.234797114213E-04   -5.234797114213E-04    2.398314554366E+03   -9.306946738699E-01   -2.951991832126E-04
    6.309574724727E-04    2.647090749475E+03    2.647090749475E+03   -1.024677101841E+00   -1.024677101841E+00   -5.222439823329E-04   -5.222439823329E-04    2.254439822995E+03   -8.726836677434E-01   -3.076124264781E-04
    6.683440520859E-04    2.488474462978E+03    2.488474462978E+03   -9.608126105451E-01   -9.608126105451E-01   -5.191442485543E-04   -5.191442485543E-04    2.119351566982E+03   -8.182923883808E-01   -3.173988613696E-04
    7.079459257502E-04    2.339542492640E+03    2.339542492640E+03   -9.009358949362E-01   -9.009358949362E-01   -5.144034286640E-04   -5.144034286640E-04    1.992511123407E+03   -7.672973659526E-01   -3.248207234217E-04
    7.498943578865E-04    2.199701157410E+03    2.199701157410E+03   -8.448006854945E-01   -8.448006854945E-01   -5.082250200894E-04   -5.082250200894E-04    1.873412873713E+03   -7.194888608372E-01   -3.301189790372E-04
    7.943283908219E-04    2.068393195212E+03    2.068393195212E+03   -7.921758443652E-01   -7.921758443652E-01   -5.007945945309E-04   -5.007945945309E-04    1.761582216183E+03   -6.746700205521E-01   -3.335148979742E-04
    8.413953056587E-04    1.945095528351E+03    1.945095528351E+03   -7.428444375280E-01   -7.428444375280E-01   -4.922811848357E-04   -4.922811848357E-04    1.656573662809E+03   -6.326560895525E-01   -3.352115150965E-04
    8.912511104532E-04    1.829317166043E+03    1.829317166043E+03   -6.966028614481E-01   -6.966028614481E-01   -4.828385725087E-04   -4.828385725087E-04    1.557969052943E+03   -5.932736654277E-01   -3.353949891150E-04
    9.440610573198E-04    1.720597235615E+03    1.720597235615E+03   -6.532600246228E-01   -6.532600246228E-01   -4.726064791583E-04   -4.726064791583E-04    1.465375876545E+03   -5.563600018520E-01   -3.342358650787E-04
    1.000000190176E-03    1.618503134525E+03    1.618503134525E+03   -6.126365813259E-01   -6.126365813259E-01   -4.617116743201E-04   -4.617116743201E-04    1.378425700305E+03   -5.217623559897E-01   -3.318902470657E-04
    1.059253924943E-03    1.522628795747E+03    1.522628795747E+03   -5.745642083307E-01   -5.745642083307E-01   -4.502689980482E-04   -4.502689980482E-04    1.296772690340E+03   -4.893373725042E-01   -3.285008875904E-04
    1.122018664127E-03    1.432593059597E+03    1.432593059597E+03   -5.388849291378E-01   -5.388849291378E-01   -4.383823118543E-04   -4.383823118543E-04    1.220092225528E+03   -4.589505080251E-01   -3.241982002366E-04
    1.188502447811E-03    1.348038145446E+03    1.348038145446E+03   -5.054504784577E-01   -5.054504784577E-01   -4.261453780044E-04   -4.261453780044E-04    1.148079595916E+03   -4.304754898988E-01   -3.191011976857E-04
    1.258925643231E-03    1.268628217211E+03    1.268628217211E+03   -4.741217058666E-01   -4.741217058666E-01   -4.136426740984E-04   -4.136426740984E-04    1.080448780996E+03   -4.037938083022E-01   -3.133183649679E-04
    1.333521675200E-03    1.194048036854E+03    1.194048036854E+03   -4.447680160519E-01   -4.447680160519E-01   -4.009501471495E-04   -4.009501471495E-04    1.016931302935E+03   -3.787942395177E-01   -3.069484686161E-04
    1.412537799822E-03    1.124001700492E+03    1.124001700492E+03   -4.172668433987E-01   -4.172668433987E-01   -3.881359116372E-04   -3.881359116372E-04    9.572751501645E+02   -3.553723984567E-01   -3.000813081573E-04
    1.496235924044E-03    1.058211452060E+03    1.058211452060E+03   -3.915031588118E-01   -3.915031588118E-01   -3.752608953314E-04   -3.752608953314E-04    9.012437670094E+02   -3.334303186351E-01   -2.927984128807E-04
    1.584893473776E-03    9.964165697506E+02    9.964165697506E+02   -3.673690067883E-01   -3.673690067883E-01   -3.623794367093E-04   -3.623794367093E-04    8.486151053126E+02   -3.128760579145E-01   -2.851736886042E-04
    1.678804313446E-03    9.383723207824E+02    9.383723207824E+02   -3.447630708912E-01   -3.447630708912E-01   -3.495398372817E-04   -3.495398372817E-04    7.991807342410E+02   -2.936233284292E-01   -2.772740171172E-04
    1.778279720043E-03    8.838489802887E+02    8.838489802887E+02   -3.235902658815E-01   -3.235902658815E-01   -3.367848726982E-04   -3.367848726982E-04    7.527450047081E+02   -2.755911492198E-01   -2.691598121839E-04
    1.883649414877E-03    8.326309104055E+02    8.326309104055E+02   -3.037613548636E-01   -3.037613548636E-01   -3.241522640309E-04   -3.241522640309E-04    7.091242650623E+02   -2.587035201673E-01   -2.608855350697E-04
    1.995262656475E-03    7.845156958555E+02    7.845156958555E+02   -2.851925899151E-01   -2.851925899151E-01   -3.116751140750E-04   -3.116751140750E-04    6.681461248928E+02   -2.428891159305E-01   -2.525001717234E-04
    2.113489398229E-03    7.393133325661E+02    7.393133325661E+02   -2.678053748460E-01   -2.678053748460E-01   -2.993823098906E-04   -2.993823098906E-04    6.296487640021E+02   -2.280809987284E-01   -2.440476755007E-04
    2.238721514648E-03    6.968454660655E+02    6.968454660655E+02   -2.515259482499E-01   -2.515259482499E-01   -2.872988943116E-04   -2.872988943116E-04    5.934802837731E+02   -2.142163484058E-01   -2.355673769207E-04
    2.371374100268E-03    6.569446766029E+02    6.569446766029E+02   -2.362850867662E-01   -2.362850867662E-01   -2.754464088079E-04   -2.754464088079E-04    5.594980983300E+02   -2.012362097111E-01   -2.270943631661E-04
    2.511886845517E-03    6.194538081260E+02    6.194538081260E+02   -2.220178257782E-01   -2.220178257782E-01   -2.638432097211E-04   -2.638432097211E-04    5.275683630500E+02   -1.890852544245E-01   -2.186598293432E-04
    2.660725494121E-03    5.842253384239E+02    5.842253384239E+02   -2.086631976185E-01   -2.086631976185E-01   -2.525047597710E-04   -2.525047597710E-04    4.975654381350E+02   -1.777115583960E-01   -2.102914035929E-04
    2.818383386855E-03    5.511207879101E+02    5.511207879101E+02   -1.961639857571E-01   -1.961639857571E-01   -2.414438966799E-04   -2.414438966799E-04    4.693713850918E+02   -1.670663921953E-01   -2.020134478463E-04
    2.985383096773E-03    5.200101646743E+02    5.200101646743E+02   -1.844664940643E-01   -1.844664940643E-01   -2.306710805747E-04   -2.306710805747E-04    4.428754941010E+02   -1.571040246011E-01   -1.938473359701E-04
    3.162278161326E-03    4.907714435771E+02    4.907714435771E+02   -1.735203302230E-01   -1.735203302230E-01   -2.201946217622E-04   -2.201946217622E-04    4.179738403787E+02   -1.477815381402E-01   -1.858117109082E-04
    3.349654917123E-03    4.632900772989E+02    4.632900772989E+02   -1.632782024219E-01   -1.632782024219E-01   -2.100208900882E-04   -2.100208900882E-04    3.945688677535E+02   -1.390586559376E-01   -1.779227222253E-04
    3.548134443398E-03    4.374585373824E+02    4.374585373824E+02   -1.536957284559E-01   -1.536957284559E-01   -2.001545084003E-04   -2.001545084003E-04    3.725689977874E+02   -1.308975791343E-01   -1.701942461912E-04
    3.758374620643E-03    4.131758834288E+02    4.131758834288E+02   -1.447312569030E-01   -1.447312569030E-01   -1.905985281329E-04   -1.905985281329E-04    3.518882628742E+02   -1.232628345889E-01   -1.626380877041E-04
    3.981072311218E-03    3.903473587173E+02    3.903473587173E+02   -1.363456983339E-01   -1.363456983339E-01   -1.813545933701E-04   -1.813545933701E-04    3.324459618424E+02   -1.161211311245E-01   -1.552641679604E-04
    4.216965669175E-03    3.688840106301E+02    3.688840106301E+02   -1.285023681128E-01   -1.285023681128E-01   -1.724230892469E-04   -1.724230892469E-04    3.141663366832E+02   -1.094412256475E-01   -1.480806972486E-04
    4.466836586940E-03    3.487023343583E+02    3.487023343583E+02   -1.211668378783E-01   -1.211668378783E-01   -1.638032796098E-04   -1.638032796098E-04    2.969782691072E+02   -1.031937966590E-01   -1.410943338322E-04
    4.731513286975E-03    3.297239384613E+02    3.297239384613E+02   -1.143067966572E-01   -1.143067966572E-01   -1.554934314735E-04   -1.554934314735E-04    2.808149957115E+02   -9.735132596947E-02   -1.343103310151E-04
    5.011873067012E-03    3.118752309374E+02    3.118752309374E+02   -1.078919201204E-01   -1.078919201204E-01   -1.474909305586E-04   -1.474909305586E-04    2.656138406175E+02   -9.188798734881E-02   -1.277326723453E-04
    5.308845207934E-03    2.950871245497E+02    2.950871245497E+02   -1.018937481703E-01   -1.018937481703E-01   -1.397923862565E-04   -1.397923862565E-04    2.513159645055E+02   -8.677954227101E-02   -1.213641962157E-04
    5.623414053982E-03    2.792947602228E+02    2.792947602228E+02   -9.628556986405E-02   -9.628556986405E-02   -1.323937275965E-04   -1.323937275965E-04    2.378661290418E+02   -8.200324190787E-02   -1.152067104085E-04
    5.956622275455E-03    2.644372474014E+02    2.644372474014E+02   -9.104231545024E-02   -9.104231545024E-02   -1.252902910276E-04   -1.252902910276E-04    2.252124757502E+02   -7.753773517942E-02   -1.092610975821E-04
    6.309574324750E-03    2.504574203331E+02    2.504574203331E+02   -8.614045501037E-02   -8.614045501037E-02   -1.184769004342E-04   -1.184769004342E-04    2.133063184463E+02   -7.336298243074E-02   -1.035274121706E-04
    6.683440097183E-03    2.373016092959E+02    2.373016092959E+02   -8.155790332380E-02   -8.155790332380E-02   -1.119479398999E-04   -1.119479398999E-04    2.021019483988E+02   -6.946017440831E-02   -9.800496938569E-05
    7.079458808720E-03    2.249194258531E+02    2.249194258531E+02   -7.727393056668E-02   -7.727393056668E-02   -1.056974202080E-04   -1.056974202080E-04    1.915564514398E+02   -6.581165620538E-02   -9.269242683898E-05
    7.498943103492E-03    2.132635612764E+02    2.132635612764E+02   -7.326907851114E-02   -7.326907851114E-02   -9.971903904272E-05   -9.971903904272E-05    1.816295362864E+02   -6.240085589148E-02   -8.758785961539E-05
    7.943283404678E-03    2.022895973325E+02    2.022895973325E+02   -6.952508182103E-02   -6.952508182103E-02   -9.400623556939E-05   -9.400623556939E-05    1.722833733957E+02   -5.921221748269E-02   -8.268882874148E-05
    8.413952523210E-03    1.919558286653E+02    1.919558286653E+02   -6.602479423749E-02   -6.602479423749E-02   -8.855224008783E-05   -8.855224008783E-05    1.634824436921E+02   -5.623113807624E-02   -7.799244403534E-05
    8.912510539550E-03    1.822230960713E+02    1.822230960713E+02   -6.275211927199E-02   -6.275211927199E-02   -8.335011865788E-05   -8.335011865788E-05    1.551933965748E+02   -5.344390882412E-02   -7.349542164886E-05
    9.440609974739E-03    1.730546299982E+02    1.730546299982E+02   -5.969194512889E-02   -5.969194512889E-02   -7.839281357782E-05   -7.839281357782E-05    1.473849166293E+02   -5.083765950877E-02   -6.919413641511E-05
    1.000000126784E-02    1.644159036374E+02    1.644159036374E+02   -5.683008383767E-02   -5.683008383767E-02   -7.367317970581E-05   -7.367317970581E-05    1.400275985126E+02   -4.840030670395E-02   -6.508466971765E-05
    1.059253857795E-02    1.562744950244E+02    1.562744950244E+02   -5.415321372515E-02   -5.415321372515E-02   -6.918401708151E-05   -6.918401708151E-05    1.330938295075E+02   -4.612050478034E-02   -6.116285310307E-05
    1.122018593000E-02    1.485999575953E+02    1.485999575953E+02   -5.164882586216E-02   -5.164882586216E-02   -6.491810025857E-05   -6.491810025857E-05    1.265576792804E+02   -4.398760029579E-02   -5.742430821553E-05
    1.188502372469E-02    1.413636986830E+02    1.413636986830E+02   -4.930517356341E-02   -4.930517356341E-02   -6.086820412243E-05   -6.086820412243E-05    1.203947964006E+02   -4.199158898617E-02   -5.386448223034E-05
    1.258925563425E-02    1.345388654577E+02    1.345388654577E+02   -4.711122512539E-02   -4.711122512539E-02   -5.702712718347E-05   -5.702712718347E-05    1.145823111990E+02   -4.012307551368E-02   -5.047868093784E-05
    1.333521590666E-02    1.281002378681E+02    1.281002378681E+02   -4.505661945498E-02   -4.505661945498E-02   -5.338771218735E-05   -5.338771218735E-05    1.090987445905E+02   -3.837323567731E-02   -4.726209798426E-05
    1.412537710278E-02    1.220241281485E+02    1.220241281485E+02   -4.313162446623E-02   -4.313162446623E-02   -4.994286389777E-05   -4.994286389777E-05    1.039239224869E+02   -3.673378098065E-02   -4.420984183786E-05
    1.496235829195E-02    1.162882864921E+02    1.162882864921E+02   -4.132709807672E-02   -4.132709807672E-02   -4.668556502861E-05   -4.668556502861E-05    9.903889546200E+01   -3.519692541386E-02   -4.131695939954E-05
    1.584893373306E-02    1.108718125103E+02    1.108718125103E+02   -3.963445165856E-02   -3.963445165856E-02   -4.360888994952E-05   -4.360888994952E-05    9.442586334464E+01   -3.375535432601E-02   -3.857845772064E-05
    1.678804207023E-02    1.057550721366E+02    1.057550721366E+02   -3.804561575975E-02   -3.804561575975E-02   -4.070601648474E-05   -4.070601648474E-05    9.006810444856E+01   -3.240219523118E-02   -3.598932319323E-05
    1.778279607314E-02    1.009196196260E+02    1.009196196260E+02   -3.655300800274E-02   -3.655300800274E-02   -3.797023578778E-05   -3.797023578778E-05    8.594990914137E+01   -3.113099046868E-02   -3.354453853211E-05
    1.883649295469E-02    9.634812435013E+01    9.634812435013E+01   -3.514950303038E-02   -3.514950303038E-02   -3.539496091144E-05   -3.539496091144E-05    8.205651749903E+01   -2.993567160699E-02   -3.123909806917E-05
    1.995262529991E-02    9.202430209806E+01    9.202430209806E+01   -3.382840451314E-02   -3.382840451314E-02   -3.297373366947E-05   -3.297373366947E-05    7.837406079650E+01   -2.881053560326E-02   -2.906802105882E-05
    2.113489264250E-02    8.793285060520E+01    8.793285060520E+01   -3.258341855138E-02   -3.258341855138E-02   -3.070023033466E-05   -3.070023033466E-05    7.488950660009E+01   -2.775022215091E-02   -2.702636348240E-05
    2.238721372731E-02    8.405938905623E+01    8.405938905623E+01   -3.140862945492E-02   -3.140862945492E-02   -2.856826570095E-05   -2.856826570095E-05    7.159060724404E+01   -2.674969305186E-02   -2.510922800521E-05
    2.371373949942E-02    8.039040132057E+01    8.039040132057E+01   -3.029847653208E-02   -3.029847653208E-02   -2.657179667609E-05   -2.657179667609E-05    6.846585148605E+01   -2.580421244854E-02   -2.331177306154E-05
    2.511886686283E-02    7.691318270962E+01    7.691318270962E+01   -2.924773272037E-02   -2.924773272037E-02   -2.470492385639E-05   -2.470492385639E-05    6.550441916215E+01   -2.490932862434E-02   -2.162921991541E-05
    2.660725325452E-02    7.361579001464E+01    7.361579001464E+01   -2.825148464963E-02   -2.825148464963E-02   -2.296189308251E-05   -2.296189308251E-05    6.269613863565E+01   -2.406085702407E-02   -2.005685902847E-05
    2.818383208192E-02    7.048699466155E+01    7.048699466155E+01   -2.730511414269E-02   -2.730511414269E-02   -2.133709542234E-05   -2.133709542234E-05    6.003144690062E+01   -2.325486449866E-02   -1.859005522892E-05
    2.985382907523E-02    6.751623878281E+01    6.751623878281E+01   -2.640428078820E-02   -2.640428078820E-02   -1.982506693291E-05   -1.982506693291E-05    5.750135216973E+01   -2.248765446302E-02   -1.722425178272E-05
    3.162277960863E-02    6.469359403774E+01    6.469359403774E+01   -2.554490612174E-02   -2.554490612174E-02   -1.842048687168E-05   -1.842048687168E-05    5.509739880292E+01   -2.175575342362E-02   -1.595497326927E-05
    3.349654704782E-02    6.200972301950E+01    6.200972301950E+01   -2.472315875156E-02   -2.472315875156E-02   -1.711817618612E-05   -1.711817618612E-05    5.281163443897E+01   -2.105589831055E-02   -1.477782817242E-05
    3.548134218475E-02    5.945584310785E+01    5.945584310785E+01   -2.393544056750E-02   -2.393544056750E-02   -1.591309486600E-05   -1.591309486600E-05    5.063657921009E+01   -2.038502473215E-02   -1.368851029432E-05
    3.758374382392E-02    5.702369261835E+01    5.702369261835E+01   -2.317837445035E-02   -2.317837445035E-02   -1.480033834381E-05   -1.480033834381E-05    4.856519691232E+01   -1.974025650746E-02   -1.268279909255E-05
    3.981072058850E-02    5.470549911740E+01    5.470549911740E+01   -2.244879261588E-02   -2.244879261588E-02   -1.377513427496E-05   -1.377513427496E-05    4.659086802050E+01   -1.911889573919E-02   -1.175656009952E-05
    4.216965401853E-02    5.249394979598E+01    5.249394979598E+01   -2.174372616125E-02   -2.174372616125E-02   -1.283283822820E-05   -1.283283822820E-05    4.470736445656E+01   -1.851841391080E-02   -1.090574418367E-05
    4.466836303778E-02    5.038216378161E+01    5.038216378161E+01   -2.106039557572E-02   -2.106039557572E-02   -1.196892922378E-05   -1.196892922378E-05    4.290882600849E+01   -1.793644380471E-02   -1.012638648038E-05
    4.731512987035E-02    4.836366628830E+01    4.836366628830E+01   -2.039620229069E-02   -2.039620229069E-02   -1.117900489601E-05   -1.117900489601E-05    4.118973831479E+01   -1.737077230583E-02   -9.414604794633E-06
    5.011872749299E-02    4.643236450678E+01    4.643236450678E+01   -1.974872101023E-02   -1.974872101023E-02   -1.045877642693E-05   -1.045877642693E-05    3.954491233089E+01   -1.681933386965E-02   -8.766597639440E-06
    5.308844871396E-02    4.458252516613E+01    4.458252516613E+01   -1.911569302968E-02   -1.911569302968E-02   -9.804063040246E-06   -9.804063040246E-06    3.796946521918E+01   -1.628020483197E-02   -8.178641705911E-06
    5.623413697503E-02    4.280875365261E+01    4.280875365261E+01   -1.849502047447E-02   -1.849502047447E-02   -9.210786427450E-06   -9.210786427450E-06    3.645880256518E+01   -1.575159850225E-02   -7.647089160607E-06
    5.956621897853E-02    4.110597464698E+01    4.110597464698E+01   -1.788476137751E-02   -1.788476137751E-02   -8.674965191542E-06   -8.674965191542E-06    3.500860188702E+01   -1.523186097123E-02   -7.168364758590E-06
    6.309573924774E-02    3.946941420197E+01    3.946941420197E+01   -1.728312569323E-02   -1.728312569323E-02   -8.192709115847E-06   -8.192709115847E-06    3.361479737136E+01   -1.471946771616E-02   -6.738962706805E-06
    6.683439673506E-02    3.789458320302E+01    3.789458320302E+01   -1.668847201563E-02   -1.668847201563E-02   -7.760213409795E-06   -7.760213409795E-06    3.227356578751E+01   -1.421302080574E-02   -6.355443368773E-06
    7.079458359939E-02    3.637726216101E+01    3.637726216101E+01   -1.609930529982E-02   -1.609930529982E-02   -7.373753122882E-06   -7.373753122882E-06    3.098131353584E+01   -1.371124695958E-02   -6.014429995213E-06
    7.498942628119E-02    3.491348729413E+01    3.491348729413E+01   -1.551427535639E-02   -1.551427535639E-02   -7.029677836859E-06   -7.029677836859E-06    2.973466479422E+01   -1.321299626592E-02   -5.712605585701E-06
    7.943282901137E-02    3.349953786044E+01    3.349953786044E+01   -1.493217614714E-02   -1.493217614714E-02   -6.724406226821E-06   -6.724406226821E-06    2.853045072953E+01   -1.271724158183E-02   -5.446709535520E-06
    8.413951989832E-02    3.213192470001E+01    3.213192470001E+01   -1.435194595313E-02   -1.435194595313E-02   -6.454421508518E-06   -6.454421508518E-06    2.736569973944E+01   -1.222307867632E-02   -5.213534947655E-06
    8.912509974568E-02    3.080737997413E+01    3.080737997413E+01   -1.377266842188E-02   -1.377266842188E-02   -6.216267099446E-06   -6.216267099446E-06    2.623762871356E+01   -1.172972712225E-02   -5.009926036257E-06
    9.440609376280E-02    2.952284807203E+01    2.952284807203E+01   -1.319357425554E-02   -1.319357425554E-02   -6.006542955936E-06   -6.006542955936E-06    2.514363528905E+01   -1.123653173403E-02   -4.832776042619E-06
    1.000000063392E-01    2.827547767180E+01    2.827547767180E+01   -1.261404384633E-02   -1.261404384633E-02   -5.821902725957E-06   -5.821902725957E-06    2.408129108915E+01   -1.074296481215E-02   -4.679025740521E-06
    1.059253790647E-01    2.706261494773E+01    2.706261494773E+01   -1.203361060128E-02   -1.203361060128E-02   -5.659051772228E-06   -5.659051772228E-06    2.304833593810E+01   -1.024862897478E-02   -4.545662675602E-06
    1.122018521873E-01    2.588179790876E+01    2.588179790876E+01   -1.145196504089E-02   -1.145196504089E-02   -5.514746281160E-06   -5.514746281160E-06    2.204267303937E+01   -9.753260648451E-03   -4.429721201221E-06
    1.188502297128E-01    2.473075187885E+01    2.473075187885E+01   -1.086895962236E-02   -1.086895962236E-02   -5.385794068048E-06   -5.385794068048E-06    2.106236512645E+01   -9.256734175821E-03   -4.328283953771E-06
    1.258925483619E-01    2.360738611878E+01    2.360738611878E+01   -1.028461415369E-02   -1.028461415369E-02   -5.269056524735E-06   -5.269056524735E-06    2.010563158575E+01   -8.759066426725E-03   -4.238484232778E-06
    1.333521506131E-01    2.250979158847E+01    2.250979158847E+01   -9.699121810617E-03   -9.699121810617E-03   -5.161452626555E-06   -5.161452626555E-06    1.917084655085E+01   -8.260421922547E-03   -4.157510089171E-06
    1.412537620735E-01    2.143623985509E+01    2.143623985509E+01   -9.112855692278E-03   -9.112855692278E-03   -5.059965262277E-06   -5.059965262277E-06    1.825653797255E+01   -7.761118419515E-03   -4.082610354967E-06
    1.496235734345E-01    2.038518318798E+01    2.038518318798E+01   -8.526375454871E-03   -8.526375454871E-03   -4.961649139539E-06   -4.961649139539E-06    1.736138769974E+01   -7.261632558340E-03   -4.011101973836E-06
    1.584893272837E-01    1.935525574203E+01    1.935525574203E+01   -7.940434598125E-03   -7.940434598125E-03   -4.863643000397E-06   -4.863643000397E-06    1.648423248721E+01   -6.762606069872E-03   -3.940380968544E-06
    1.678804100600E-01    1.834527597449E+01    1.834527597449E+01   -7.355987316486E-03   -7.355987316486E-03   -4.763183700537E-06   -4.763183700537E-06    1.562406605400E+01   -6.264851610025E-03   -3.867934962987E-06
    1.778279494585E-01    1.735425017185E+01    1.735425017185E+01   -6.774195224515E-03   -6.774195224515E-03   -4.657624432857E-06   -4.657624432857E-06    1.478004208711E+01   -5.769358487585E-03   -3.791359204010E-06
    1.883649176061E-01    1.638137711086E+01    1.638137711086E+01   -6.196433491008E-03   -6.196433491008E-03   -4.544456835081E-06   -4.544456835081E-06    1.395147821115E+01   -5.277297888423E-03   -3.708375858422E-06
    1.995262403507E-01    1.542605380747E+01    1.542605380747E+01   -5.624295875807E-03   -5.624295875807E-03   -4.421337502897E-06   -4.421337502897E-06    1.313786088449E+01   -4.790027165196E-03   -3.616857040042E-06
    2.113489130272E-01    1.448788228908E+01    1.448788228908E+01   -5.059598317901E-03   -5.059598317901E-03   -4.286119299005E-06   -4.286119299005E-06    1.233885116702E+01   -4.309092893207E-03   -3.514851885261E-06
    2.238721230814E-01    1.356667729474E+01    1.356667729474E+01   -4.504380368218E-03   -4.504380368218E-03   -4.136887859486E-06   -4.136887859486E-06    1.155429127810E+01   -3.836232090661E-03   -3.400618030147E-06
    2.371373799615E-01    1.266247476364E+01    1.266247476364E+01   -3.960903771232E-03   -3.960903771232E-03   -3.972003569940E-06   -3.972003569940E-06    1.078421182594E+01   -3.373371010680E-03   -3.272657712760E-06
    2.511886527050E-01    1.177554091763E+01    1.177554091763E+01   -3.431647315993E-03   -3.431647315993E-03   -3.790149280847E-06   -3.790149280847E-06    1.002883954292E+01   -2.922620756082E-03   -3.129758730138E-06
    2.660725156783E-01    1.090638167272E+01    1.090638167272E+01   -2.919296898543E-03   -2.919296898543E-03   -3.590383736948E-06   -3.590383736948E-06    9.288605300982E+00   -2.486268815879E-03   -2.971040223515E-06
    2.818383029529E-01    1.005575202316E+01    1.005575202316E+01   -2.426729594789E-03   -2.426729594789E-03   -3.372200638597E-06   -3.372200638597E-06    8.564152103837E+00   -2.066765500661E-03   -2.796003217171E-06
    2.985382718274E-01    9.224664931905E+00    9.224664931905E+00   -1.956990241504E-03   -1.956990241504E-03   -3.135592733840E-06   -3.135592733840E-06    7.856342658595E+00   -1.666703997411E-03   -2.604585394825E-06
    3.162277760400E-01    8.414399116699E+00    8.414399116699E+00   -1.513258946784E-03   -1.513258946784E-03   -2.881120089370E-06   -2.881120089370E-06    7.166266006945E+00   -1.288792699234E-03   -2.397219376807E-06
    3.349654492440E-01    7.626504952798E+00    7.626504952798E+00   -1.098807549959E-03   -1.098807549959E-03   -2.609980907626E-06   -2.609980907626E-06    6.495242552326E+00   -9.358181236992E-04   -2.174893102365E-06
    3.548133993551E-01    6.862807495355E+00    6.862807495355E+00   -7.169429497510E-04   -7.169429497510E-04   -2.324082598295E-06   -2.324082598295E-06    5.844826633974E+00   -6.105966473022E-04   -1.939210352525E-06
    3.758374144141E-01    6.125405370579E+00    6.125405370579E+00   -3.709349131606E-04   -3.709349131606E-04   -2.026109656539E-06   -2.026109656539E-06    5.216805582566E+00   -3.159130226775E-04   -1.692448465940E-06
    3.981071806482E-01    5.416663967289E+00    5.416663967289E+00   -6.392582475749E-05   -6.392582475749E-05   -1.719583554017E-06   -1.719583554017E-06    4.613193921689E+00   -5.444351504744E-05   -1.437609151161E-06
    4.216965134532E-01    4.739200986991E+00    4.739200986991E+00    2.011802690675E-04    2.011802690675E-04   -1.408908084854E-06   -1.408908084854E-06    4.036221061318E+00    1.713385951262E-04   -1.178456793835E-06
    4.466836020616E-01    4.095861959390E+00    4.095861959390E+00    4.218519612415E-04    4.218519612415E-04   -1.099391272831E-06   -1.099391272831E-06    3.488310445182E+00    3.592773919898E-04   -9.195366673973E-07
    4.731512687095E-01    3.489682798565E+00    3.489682798565E+00    5.960905200011E-04    5.960905200011E-04   -7.972320520957E-07   -7.972320520957E-07    2.972047661104E+00    5.076706216690E-04   -6.661629886365E-07
    5.011872431586E-01    2.923835847119E+00    2.923835847119E+00    7.226174799912E-04    7.226174799912E-04   -5.094562638321E-07   -5.094562638321E-07    2.490134488571E+00    6.154294574175E-04   -4.243636317208E-07
    5.308844534858E-01    2.401555125076E+00    2.401555125076E+00    8.010905251001E-04    8.010905251001E-04   -2.437816560284E-07   -2.437816560284E-07    2.045325235700E+00    6.822623599013E-04   -2.007641796766E-07
    5.623413341023E-01    1.926035644710E+00    1.926035644710E+00    8.323464440129E-04    8.323464440129E-04   -8.386044245110E-09   -8.386044245110E-09    1.640340988991E+00    7.088819944247E-04   -2.389280727641E-09
    5.956621520251E-01    1.500300683740E+00    1.500300683740E+00    8.186668537698E-04    8.186668537698E-04    1.884551867208E-07    1.884551867208E-07    1.277756574293E+00    6.972315389152E-04    1.636475163571E-07
    6.309573524797E-01    1.127029769348E+00    1.127029769348E+00    7.640570247146E-04    7.640570247146E-04    3.389044238551E-07    3.389044238551E-07    9.598540564666E-01    6.507221499290E-04    2.906013943334E-07
    6.683439249830E-01    8.083388701026E-01    8.083388701026E-01    6.745198072517E-04    6.745198072517E-04    4.363241296073E-07    4.363241296073E-07    6.884355361052E-01    5.744662570290E-04    3.727474749555E-07
    7.079457911159E-01    5.455028213334E-01    5.455028213334E-01    5.582922699382E-04    5.582922699382E-04    4.763328077300E-07    4.763328077300E-07    4.645867483818E-01    4.754790996374E-04    4.062824124075E-07
    7.498942152746E-01    3.386083703094E-01    3.386083703094E-01    4.259881607217E-04    4.259881607217E-04    4.582352530372E-07    4.582352530372E-07    2.883815730822E-01    3.628000565700E-04    3.905450237739E-07
    7.943282397597E-01    1.861243369070E-01    1.861243369070E-01    2.905441908805E-04    2.905441908805E-04    3.869166064969E-07    3.869166064969E-07    1.585159546324E-01    2.474468978409E-04    3.296321546261E-07
    8.413951456455E-01    8.437319135944E-02    8.437319135944E-02    1.667780392472E-04    1.667780392472E-04    2.752729486834E-07    2.752729486834E-07    7.185786230851E-02    1.420393514482E-04    2.344716246745E-07
    8.912509409587E-01    2.688573657115E-02    2.688573657115E-02    7.015984817747E-05    7.015984817747E-05    1.471223590965E-07    1.471223590965E-07    2.289769446272E-02    5.975282703774E-05    1.253042962180E-07
    9.440608777821E-01    3.617345311007E-03    3.617345311007E-03    1.381050031177E-05    1.381050031177E-05    3.984345922283E-08    3.984345922283E-08    3.080773609396E-03    1.176194729422E-05    3.393357224855E-08
