# Q1 =   100.0000 , Q2 =   500.0000
# x  F1Wp(LO) F1Wm(LO) F1Wp(NLO) F1Wm(NLO) F1Wp(NNLO) F1Wm(NNLO) F1Z(LO) F1Z(NLO) F1Z(NNLO)
    1.000000316960E-05    1.550274618058E+05    1.550058755082E+05   -1.032215304466E+04   -1.032280542241E+04   -6.639283824363E+00   -6.666279221614E+00    1.065928949319E+05   -8.703711219364E+03    1.815995719080E+00
    1.059254059240E-05    1.455041376732E+05    1.454828011491E+05   -9.676847726533E+03   -9.677484698446E+03   -7.906523645480E+00   -7.932355893457E+00    1.000422716268E+05   -8.159497211824E+03    2.782364998842E-01
    1.122018806381E-05    1.365658774690E+05    1.365447878515E+05   -9.071822867139E+03   -9.072444663447E+03   -8.996632358325E+00   -9.021335474309E+00    9.389421462443E+04   -7.649258717901E+03   -1.080515250307E+00
    1.188502598494E-05    1.281767394557E+05    1.281558939106E+05   -8.504567671244E+03   -8.505174519495E+03   -9.926335941419E+00   -9.949943209893E+00    8.812398619071E+04   -7.170877633846E+03   -2.276232517507E+00
    1.258925802843E-05    1.203029897024E+05    1.202823854283E+05   -7.972727645192E+03   -7.973319770292E+03   -1.071099062629E+01   -1.073353461016E+01    8.270836857841E+04   -6.722367729750E+03   -3.323615672486E+00
    1.333521844269E-05    1.129129665098E+05    1.128926007374E+05   -7.474094880770E+03   -7.474672505011E+03   -1.136468699401E+01   -1.138619954583E+01    7.762557066509E+04   -6.301866450881E+03   -4.236187631897E+00
    1.412537978909E-05    1.059769531115E+05    1.059568231031E+05   -7.006598938985E+03   -7.007162282078E+03   -1.190034655781E+01   -1.192085883076E+01    7.285514029251E+04   -5.907627225297E+03   -5.026382223083E+00
    1.496236113743E-05    9.946705820785E+04    9.944716125745E+04   -6.568298301089E+03   -6.568847580191E+03   -1.232981130256E+01   -1.234935376139E+01    6.837788200060E+04   -5.538012250168E+03   -5.705626175141E+00
    1.584893674715E-05    9.335710383772E+04    9.333743727034E+04   -6.157372350669E+03   -6.157907780415E+03   -1.266392669058E+01   -1.268252912236E+01    6.417577981543E+04   -5.191485726264E+03   -6.284415193652E+00
    1.678804526291E-05    8.762252014498E+04    8.760308131637E+04   -5.772113854452E+03   -5.772635646981E+03   -1.291261858802E+01   -1.293031011283E+01    6.023192478647E+04   -4.866607513309E+03   -6.772384527147E+00
    1.778279945500E-05    8.224024657744E+04    8.222103287374E+04   -5.410921908012E+03   -5.411430273000E+03   -1.308496457612E+01   -1.310177365754E+01    5.653044695396E+04   -4.562027177658E+03   -7.178374442952E+00
    1.883649653694E-05    7.718863919271E+04    7.716964803010E+04   -5.072295322566E+03   -5.072790467253E+03   -1.318925998506E+01   -1.320521444061E+01    5.305645152258E+04   -4.276478412207E+03   -7.510490915659E+00
    1.995262909442E-05    7.244738364556E+04    7.242861246993E+04   -4.754826421836E+03   -4.755308551051E+03   -1.323307906933E+01   -1.324820608072E+01    4.979595894804E+04   -4.008773802344E+03   -7.776161905255E+00
    2.113489666185E-05    6.799741351227E+04    6.797885979887E+04   -4.457195223849E+03   -4.457664540044E+03   -1.322333166567E+01   -1.323765778901E+01    4.673584869954E+04   -3.757799916744E+03   -7.982189532037E+00
    2.238721798482E-05    6.382083363549E+04    6.380249488861E+04   -4.178163984596E+03   -4.178620687866E+03   -1.316631564643E+01   -1.317986682228E+01    4.386380647983E+04   -3.522512703522E+03   -8.134798429762E+00
    2.371374400920E-05    5.990084817808E+04    5.988272193072E+04   -3.916572080841E+03   -3.917016368958E+03   -1.306776547123E+01   -1.308056703448E+01    4.116827468848E+04   -3.301933172582E+03   -8.239680550051E+00
    2.511887163984E-05    5.622169310066E+04    5.620377691417E+04   -3.671331211323E+03   -3.671763279761E+03   -1.293289711311E+01   -1.294497380286E+01    3.863840593161E+04   -3.095143346647E+03   -8.302036666865E+00
    2.660725831458E-05    5.276857276006E+04    5.275086422387E+04   -3.441420894345E+03   -3.441840936305E+03   -1.276644964384E+01   -1.277782561308E+01    3.626401936977E+04   -2.901282462388E+03   -8.326614837997E+00
    2.818383744181E-05    4.952760044650E+04    4.951009717778E+04   -3.225884248430E+03   -3.226292454866E+03   -1.257272366214E+01   -1.258342248736E+01    3.403555977825E+04   -2.719543410422E+03   -8.317745988855E+00
    2.985383475271E-05    4.648574254244E+04    4.646844218577E+04   -3.023824033071E+03   -3.024220592721E+03   -1.235561685202E+01   -1.236566154266E+01    3.194405910150E+04   -2.549169394790E+03   -8.279376878272E+00
    3.162278562252E-05    4.363076611892E+04    4.361366634599E+04   -2.834398936189E+03   -2.834784035596E+03   -1.211865684784E+01   -1.212806985569E+01    2.998110037480E+04   -2.389450800606E+03   -8.215100605663E+00
    3.349655341806E-05    4.095118975069E+04    4.093428826003E+04   -2.656820092405E+03   -2.657193915943E+03   -1.186503160693E+01   -1.187383483537E+01    2.813878386261E+04   -2.239722256481E+03   -8.128184840963E+00
    3.548134893245E-05    3.843623735503E+04    3.841953187165E+04   -2.490347817995E+03   -2.490710547897E+03   -1.159761746874E+01   -1.160583228194E+01    2.640969527895E+04   -2.099359879781E+03   -8.021597939210E+00
    3.758375097145E-05    3.607579485812E+04    3.605928313324E+04   -2.334288548318E+03   -2.334640364698E+03   -1.131900507607E+01   -1.132665230799E+01    2.478687595513E+04   -1.967778692742E+03   -7.898033098603E+00
    3.981072815955E-05    3.386036952788E+04    3.384404933865E+04   -2.187991966043E+03   -2.188333046922E+03   -1.103152330502E+01   -1.103862326838E+01    2.326379484341E+04   -1.844430199576E+03   -7.759930694711E+00
    4.216966203819E-05    3.178105181183E+04    3.176492096100E+04   -2.050848308477E+03   -2.051178829809E+03   -1.073726134736E+01   -1.074383384249E+01    2.183432224582E+04   -1.728800114701E+03   -7.609498920928E+00
    4.466837153263E-05    2.982947950967E+04    2.981353582533E+04   -1.922285841712E+03   -1.922605977404E+03   -1.043808909267E+01   -1.044415341622E+01    2.049270515049E+04   -1.620406231738E+03   -7.448732868837E+00
    4.731513886856E-05    2.799780414955E+04    2.798204548485E+04   -1.801768492088E+03   -1.802078414029E+03   -1.013567592598E+01   -1.014125087959E+01    1.923354408548E+04   -1.518796425249E+03   -7.279432153325E+00
    5.011873702437E-05    2.627865942963E+04    2.626308366247E+04   -1.688793624996E+03   -1.689093503078E+03   -9.831508059739E+00   -9.836611958558E+00    1.805177139468E+04   -1.423546776787E+03   -7.103217190286E+00
    5.308845881011E-05    2.466513160103E+04    2.464973663380E+04   -1.582889962075E+03   -1.583179964216E+03   -9.526904506253E+00   -9.531555187371E+00    1.694263085047E+04   -1.334259817732E+03   -6.921544223281E+00
    5.623414766941E-05    2.315073165829E+04    2.313551541760E+04   -1.483615627147E+03   -1.483895919314E+03   -9.223031801165E+00   -9.227246631973E+00    1.590165851093E+04   -1.250562880744E+03   -6.735719199701E+00
    5.956623030659E-05    2.172936925496E+04    2.171432969137E+04   -1.390556314942E+03   -1.390827061178E+03   -8.920917551274E+00   -8.924713437692E+00    1.492466476484E+04   -1.172106554825E+03   -6.546910562827E+00
    6.309575124703E-05    2.039532821200E+04    2.038046329974E+04   -1.303323573107E+03   -1.303584935547E+03   -8.621462912079E+00   -8.624856306712E+00    1.400771747344E+04   -1.098563235961E+03   -6.356161055905E+00
    6.683440944536E-05    1.914324353158E+04    1.912855126831E+04   -1.221553191181E+03   -1.221805330079E+03   -8.325454067904E+00   -8.328460978094E+00    1.314712614859E+04   -1.029625768023E+03   -6.164398604453E+00
    7.079459706283E-05    1.796807982331E+04    1.795355822982E+04   -1.144903689872E+03   -1.145146763625E+03   -8.033572789640E+00   -8.036208785417E+00    1.233942710343E+04   -9.650061682870E+02   -5.972446345175E+00
    7.498944054238E-05    1.686511105630E+04    1.685075817629E+04   -1.073054904408E+03   -1.073289069571E+03   -7.746406139319E+00   -7.748686361280E+00    1.158136951586E+04   -9.044344323358E+02   -5.781031864593E+00
    7.943284411759E-05    1.582990155424E+04    1.581571545405E+04   -1.005706656000E+03   -1.005932067315E+03   -7.464455386832E+00   -7.466394553907E+00    1.086990234785E+04   -8.476574132993E+02   -5.590795706973E+00
    8.413953589964E-05    1.485828815463E+04    1.484426692300E+04   -9.425775057795E+02   -9.427943161939E+02   -7.188144199711E+00   -7.189756616851E+00    1.020216206613E+04   -7.944377706820E+02   -5.402299207237E+00
    8.912511669514E-05    1.394636347229E+04    1.393250522009E+04   -8.834035869032E+02   -8.836119475908E+02   -6.917826154262E+00   -6.919125720034E+00    9.575461123222E+03   -7.445529851373E+02   -5.216031692840E+00
    9.440611171657E-05    1.309046018436E+04    1.307676304437E+04   -8.279375088926E+02   -8.281375692755E+02   -6.653791628807E+00   -6.654791842900E+00    8.987277141680E+03   -6.977944341916E+02   -5.032417110342E+00
    1.000000253568E-04    1.228713628235E+04    1.227359840902E+04   -7.759473303205E+02   -7.761392380903E+02   -6.396274121239E+00   -6.396988091881E+00    8.435242764080E+03   -6.539665256300E+02   -4.851820115220E+00
    1.059253992091E-04    1.153316123021E+04    1.151978079941E+04   -7.272155954660E+02   -7.273994966040E+02   -6.145456036107E+00   -6.145896487402E+00    7.917136126705E+03   -6.128858848519E+02   -4.674551666368E+00
    1.122018735254E-04    1.082550297359E+04    1.081227818237E+04   -6.815384310271E+02   -6.817144698252E+02   -5.901473981646E+00   -5.901653260814E+00    7.430871919245E+03   -5.743805928963E+02   -4.500874162338E+00
    1.188502523153E-04    1.016131574364E+04    1.014824481001E+04   -6.387246988421E+02   -6.388930179229E+02   -5.664423617101E+00   -5.664353701645E+00    6.974492991438E+03   -5.382894717203E+02   -4.331006156393E+00
    1.258925723037E-04    9.537928614033E+03    9.525009776740E+03   -5.985952016637E+02   -5.987559420010E+02   -5.434364081189E+00   -5.434056585969E+00    6.546162478207E+03   -5.044614142379E+02   -4.165126678633E+00
    1.333521759735E-04    8.952834760209E+03    8.940066278505E+03   -5.609819383549E+02   -5.611352392934E+02   -5.211322037017E+00   -5.210788221247E+00    6.144156408201E+03   -4.727547560515E+02   -4.003379197731E+00
    1.412537889366E-04    8.403681377146E+03    8.391061530566E+03   -5.257274053893E+02   -5.258734046645E+02   -4.995295363861E+00   -4.994546138021E+00    5.766856765641E+03   -4.430366862510E+02   -3.845875250242E+00
    1.496236018893E-04    7.888260217037E+03    7.875787305183E+03   -4.926839419063E+02   -4.928227756642E+02   -4.786256522588E+00   -4.785302455255E+00    5.412744978871E+03   -4.151826949565E+02   -3.692697762186E+00
    1.584893574245E-04    7.404498708267E+03    7.392171050593E+03   -4.617131155734E+02   -4.618449183900E+02   -4.584155620907E+00   -4.583006945507E+00    5.080395809055E+03   -3.890760552874E+02   -3.543904087030E+00
    1.678804419868E-04    6.950451620807E+03    6.938267556407E+03   -4.326851467727E+02   -4.328100516729E+02   -4.388923201920E+00   -4.387589823399E+00    4.768471614971E+03   -3.646073376638E+02   -3.399528781749E+00
    1.778279832772E-04    6.524293239826E+03    6.512251127225E+03   -4.054783684037E+02   -4.055965068811E+02   -4.200472780349E+00   -4.198964281766E+00    4.475716967633E+03   -3.416739541543E+02   -3.259586143560E+00
    1.883649534286E-04    6.124310026083E+03    6.112408243030E+03   -3.799787197704E+02   -3.800902218059E+02   -4.018703142044E+00   -4.017028791086E+00    4.200953599954E+03   -3.201797315782E+02   -3.124072521636E+00
    1.995262782958E-04    5.748893723168E+03    5.737130666437E+03   -3.560792717287E+02   -3.561842658091E+02   -3.843500430742E+00   -3.841669186162E+00    3.943075663983E+03   -3.000345109784E+02   -2.992968426157E+00
    2.113489532207E-04    5.396534889171E+03    5.384908974359E+03   -3.336797814995E+02   -3.337783946366E+02   -3.674740037003E+00   -3.672760554981E+00    3.701045280255E+03   -2.811537721220E+02   -2.866240448455E+00
    2.238721656565E-04    5.065816825710E+03    5.054326487040E+03   -3.126862752333E+02   -3.127786329824E+02   -3.512288305962E+00   -3.510168946392E+00    3.473888360638E+03   -2.634582814099E+02   -2.743843007759E+00
    2.371374250594E-04    4.755409880194E+03    4.744053570327E+03   -2.930106566166E+02   -2.930968830946E+02   -3.356004078750E+00   -3.353752911452E+00    3.260690688060E+03   -2.468737617567E+02   -2.625719938311E+00
    2.511887004750E-04    4.464066097333E+03    4.452842287172E+03   -2.745703398245E+02   -2.746505577283E+02   -3.205740081810E+00   -3.203364892664E+00    3.060594236595E+03   -2.313305830074E+02   -2.511805930158E+00
    2.660725662789E-04    4.190614199456E+03    4.179521377964E+03   -2.572879053770E+02   -2.573622360018E+02   -3.061344176379E+00   -3.058852473393E+00    2.872793717857E+03   -2.167634716757E+02   -2.402027835023E+00
    2.818383565518E-04    3.933954876420E+03    3.922991550435E+03   -2.410907775375E+02   -2.411593407948E+02   -2.922660479535E+00   -2.920059498835E+00    2.696533340451E+03   -2.031112388542E+02   -2.296305847911E+00
    2.985383286022E-04    3.693056363566E+03    3.682221057618E+03   -2.259109217394E+02   -2.259738361746E+02   -2.789530368730E+00   -2.786827080478E+00    2.531103767657E+03   -1.903165250197E+02   -2.194554575615E+00
    3.162278361789E-04    3.466950291728E+03    3.456241547868E+03   -2.116845609094E+02   -2.117419437200E+02   -2.661793379058E+00   -2.658994493302E+00    2.375839262350E+03   -1.783255607780E+02   -2.096684000782E+00
    3.349655129464E-04    3.254727792195E+03    3.244144169816E+03   -1.983519094853E+02   -1.984038765384E+02   -2.539288002672E+00   -2.536399975125E+00    2.230115007365E+03   -1.670879425361E+02   -2.002600350382E+00
    3.548134668321E-04    3.055535841310E+03    3.045075916979E+03   -1.858569240485E+02   -1.859035898982E+02   -2.421852398743E+00   -2.418881436488E+00    2.093344590773E+03   -1.565564221879E+02   -1.912206876446E+00
    3.758374858894E-04    2.868573828280E+03    2.858236195572E+03   -1.741470694198E+02   -1.741885473252E+02   -2.309325022387E+00   -2.306277089519E+00    1.964977644762E+03   -1.466867098452E+02   -1.825404557061E+00
    3.981072563587E-04    2.693090335733E+03    2.682873605064E+03   -1.631730994787E+02   -1.632095014208E+02   -2.201545178627E+00   -2.198426001821E+00    1.844497630919E+03   -1.374372889862E+02   -1.742092723268E+00
    4.216965936497E-04    2.528380117099E+03    2.518282915566E+03   -1.528888515920E+02   -1.529202882912E+02   -2.098353509081E+00   -2.095168583097E+00    1.731419760953E+03   -1.287692430858E+02   -1.662169619208E+00
    4.466836870101E-04    2.373781259706E+03    2.363802230932E+03   -1.432510538714E+02   -1.432776348050E+02   -1.999592417132E+00   -1.996347010249E+00    1.625289045210E+03   -1.206460930653E+02   -1.585532900920E+00
    4.731513586915E-04    2.228672522250E+03    2.218810326229E+03   -1.342191444655E+02   -1.342409778847E+02   -1.905106437171E+00   -1.901805596556E+00    1.525678461172E+03   -1.130336448938E+02   -1.512080079122E+00
    5.011873384724E-04    2.092470835895E+03    2.082724148841E+03   -1.257551021338E+02   -1.257722950809E+02   -1.814742553110E+00   -1.811391110119E+00    1.432187234555E+03   -1.058998467063E+02   -1.441708910911E+00
    5.308845544473E-04    1.964628958882E+03    1.954996473084E+03   -1.178232873956E+02   -1.178359457208E+02   -1.728350470948E+00   -1.724953046367E+00    1.344439226031E+03   -9.921465483982E+01   -1.374317744935E+00
    5.623414410462E-04    1.844633274678E+03    1.835113698354E+03   -1.103902935559E+02   -1.103985219346E+02   -1.645782849887E+00   -1.642343859100E+00    1.262081416712E+03   -9.294990820265E+01   -1.309805824354E+00
    5.956622653057E-04    1.732001726585E+03    1.722593783745E+03   -1.034248071139E+02   -1.034287090640E+02   -1.566895495530E+00   -1.563419153630E+00    1.184782487526E+03   -8.707921055561E+01   -1.248073550941E+00
    6.309574724727E-04    1.626281878348E+03    1.616984308657E+03   -9.689747682611E+01   -9.689715472424E+01   -1.491547519438E+00   -1.488037846270E+00    1.112231485291E+03   -8.157782009354E+01   -1.189022714458E+00
    6.683440520859E-04    1.527049094153E+03    1.517860652797E+03   -9.078079096014E+01   -9.077634605928E+01   -1.419601468080E+00   -1.416062293225E+00    1.044136570920E+03   -7.642254593578E+01   -1.132556690218E+00
    7.079459257502E-04    1.433904830429E+03    1.424824287989E+03   -8.504896221499E+01   -8.504049466110E+01   -1.350923424335E+00   -1.347358392024E+00    9.802238445688E+02   -7.159165108197E+01   -1.078580607887E+00
    7.498943578865E-04    1.346475032728E+03    1.337501175054E+03   -7.967781983544E+01   -7.966542868442E+01   -1.285383084357E+00   -1.281795658333E+00    9.202362430516E+02   -6.706476143600E+01   -1.027001494240E+00
    7.943283908219E-04    1.264408630700E+03    1.255540258789E+03   -7.464470843893E+01   -7.462849167358E+01   -1.222853812493E+00   -1.219247280800E+00    8.639325047662E+02   -6.282278049117E+01   -9.777283924971E-01
    8.413953056587E-04    1.187376125940E+03    1.178612055820E+03   -6.992839318967E+01   -6.990844773663E+01   -1.163212676438E+00   -1.159590156162E+00    8.110861985025E+02   -5.884780936877E+01   -9.306724603651E-01
    8.912511104532E-04    1.115068266608E+03    1.106407329225E+03   -6.550897089735E+01   -6.548539264408E+01   -1.106340464906E+00   -1.102704906846E+00    7.614848119472E+02   -5.512307185333E+01   -8.857470489953E-01
    9.440610573198E-04    1.047194803266E+03    1.038635844376E+03   -6.136778665623E+01   -6.134067046799E+01   -1.052121689813E+00   -1.048475883095E+00    7.149288960672E+02   -5.163284410064E+01   -8.428677648416E-01
    1.000000190176E-03    9.834833212488E+02    9.750252013116E+02   -5.748735569844E+01   -5.745679543534E+01   -1.000444574706E+00   -9.967911513376E-01    6.712312621329E+02   -4.836238874324E+01   -8.019525161233E-01
    1.059253924943E-03    9.236781447574E+02    9.153197388377E+02   -5.385129013073E+01   -5.381737866482E+01   -9.512010311156E-01   -9.475424704835E-01    6.302162280931E+02   -4.529789311459E+01   -7.629215455361E-01
    1.122018664127E-03    8.675393084149E+02    8.592795060859E+02   -5.044423025791E+01   -5.040705949034E+01   -9.042866242853E-01   -9.006252575947E-01    5.917189113479E+02   -4.242641134130E+01   -7.256974506745E-01
    1.188502447811E-03    8.148415915231E+02    8.066792967749E+02   -4.725178016620E+01   -4.721144104446E+01   -8.596005297351E-01   -8.559385443883E-01    5.555845646572E+02   -3.973581002811E+01   -6.902051936172E-01
    1.258925643231E-03    7.653736123943E+02    7.573077435476E+02   -4.426044738332E+01   -4.421702991854E+01   -8.170454817065E-01   -8.133849256283E-01    5.216679533732E+02   -3.721471738090E+01   -6.563721007094E-01
    1.333521675200E-03    7.189369778492E+02    7.109664674734E+02   -4.145758627833E+01   -4.141117956267E+01   -7.765277147937E-01   -7.728705006980E-01    4.898327706189E+02   -3.485247548350E+01   -6.241278538791E-01
    1.412537799822E-03    6.753454850787E+02    6.674692799151E+02   -3.883134500755E+01   -3.878203723176E+01   -7.379568996774E-01   -7.343048092801E-01    4.599510884858E+02   -3.263909556510E+01   -5.934044744087E-01
    1.496235924044E-03    6.344243725489E+02    6.266414334385E+02   -3.637061577832E+01   -3.631849424934E+01   -7.012460738983E-01   -6.976007620734E-01    4.319028429645E+02   -3.056521606553E+01   -5.641363001159E-01
    1.584893473776E-03    5.960096169620E+02    5.883189187789E+02   -3.406498822500E+01   -3.401013938377E+01   -6.663115684925E-01   -6.626745673752E-01    4.055753505542E+02   -2.862206332519E+01   -5.362599567917E-01
    1.678804313446E-03    5.599472733365E+02    5.523478049266E+02   -3.190470569588E+01   -3.184721513523E+01   -6.330729312439E-01   -6.294456542790E-01    3.808628545300E+02   -2.680141472970E+01   -5.097143246769E-01
    1.778279720043E-03    5.260928556240E+02    5.185836197493E+02   -2.988062427359E+01   -2.982057675632E+01   -6.014528472152E-01   -5.978365931534E-01    3.576660990907E+02   -2.509556415963E+01   -4.844405006670E-01
    1.883649414877E-03    4.943107555723E+02    4.868907688609E+02   -2.798417437175E+01   -2.792165384891E+01   -5.713770571548E-01   -5.677730139961E-01    3.358919298114E+02   -2.349728961283E+01   -4.603817568637E-01
    1.995262656475E-03    4.644736971138E+02    4.571419900156E+02   -2.620732472215E+01   -2.614241435148E+01   -5.427742743393E-01   -5.391835232254E-01    3.154529185305E+02   -2.199982284245E+01   -4.374834960814E-01
    2.113489398229E-03    4.364622243299E+02    4.292178410787E+02   -2.454254861864E+01   -2.447533078321E+01   -5.155761003196E-01   -5.119996193758E-01    2.962670113269E+02   -2.059682089807E+01   -4.156932048000E-01
    2.238721514648E-03    4.101642208771E+02    4.030062194590E+02   -2.298279227347E+01   -2.291334860056E+01   -4.897169400045E-01   -4.861556081317E-01    2.782571981359E+02   -1.928233944812E+01   -3.949604040369E-01
    2.371374100268E-03    3.854744589803E+02    3.784019111089E+02   -2.152144515659E+01   -2.144985653681E+01   -4.651339164662E-01   -4.615885170843E-01    2.613512026989E+02   -1.805080777436E+01   -3.752365985561E-01
    2.511886845517E-03    3.622941759852E+02    3.553061670827E+02   -2.015231218122E+01   -2.007865878788E+01   -4.417667858013E-01   -4.382380105452E-01    2.454811914652E+02   -1.689700532320E+01   -3.564752247954E-01
    2.660725494121E-03    3.405306771331E+02    3.336263063198E+02   -1.886958764427E+01   -1.879394895298E+01   -4.195578523539E-01   -4.160463047227E-01    2.305835005277E+02   -1.581603973677E+01   -3.386315978376E-01
    2.818383386855E-03    3.200969626525E+02    3.132753427430E+02   -1.766783079212E+01   -1.759028560077E+01   -3.984518845605E-01   -3.949580835212E-01    2.165983792804E+02   -1.480332625449E+01   -3.216628577381E-01
    2.985383096773E-03    3.009113777525E+02    2.941716352592E+02   -1.654194291549E+01   -1.646256936445E+01   -3.783960316457E-01   -3.749204151932E-01    2.034697498241E+02   -1.385456840394E+01   -3.055279154735E-01
    3.162278161326E-03    2.828972841339E+02    2.762385592793E+02   -1.548714587956E+01   -1.540602147226E+01   -3.593397413703E-01   -3.558826700444E-01    1.911449811704E+02   -1.296573990191E+01   -2.901873987476E-01
    3.349654917123E-03    2.659827516906E+02    2.594041984276E+02   -1.449896199896E+01   -1.441616362279E+01   -3.412346790047E-01   -3.377964393655E-01    1.795746773279E+02   -1.213306768943E+01   -2.756035978685E-01
    3.548134443398E-03    2.501002691608E+02    2.436010552012E+02   -1.357319517379E+01   -1.348879912137E+01   -3.240346476760E-01   -3.206154557404E-01    1.687124784192E+02   -1.135301603009E+01   -2.617404118813E-01
    3.758374620643E-03    2.351864724703E+02    2.287657793234E+02   -1.270591320162E+01   -1.261999519248E+01   -3.076955102043E-01   -3.042955148441E-01    1.585148739636E+02   -1.062227159981E+01   -2.485632951166E-01
    3.981072311218E-03    2.211818899323E+02    2.148389129520E+02   -1.189343120849E+01   -1.180606641112E+01   -2.921751125608E-01   -2.887943988648E-01    1.489410277501E+02   -9.937729520129E+00   -2.360392043070E-01
    4.216965669175E-03    2.080307029843E+02    2.017646514263E+02   -1.113229611026E+01   -1.104355916462E+01   -2.774332090054E-01   -2.740718016073E-01    1.399526133926E+02   -9.296480260232E+00   -2.241365463851E-01
    4.466836586940E-03    1.956805216563E+02    1.894906187465E+02   -1.041927204974E+01   -1.032923709018E+01   -2.634313889900E-01   -2.600892553652E-01    1.315136600159E+02   -8.695797361635E+00   -2.128251270765E-01
    4.731513286975E-03    1.840821738364E+02    1.779676568488E+02   -9.751326746508E+00   -9.660067425231E+00   -2.501330058808E-01   -2.468100596132E-01    1.235904074260E+02   -8.133125932431E+00   -2.020761003756E-01
    5.011873067012E-03    1.731895074965E+02    1.671496278436E+02   -9.125618703340E+00   -9.033208214266E+00   -2.375031075440E-01   -2.341992115663E-01    1.161511701922E+02   -7.606071863628E+00   -1.918619189853E-01
    5.308845207934E-03    1.629592050289E+02    1.569932283633E+02   -8.539485211842E+00   -8.445996315059E+00   -2.255083688166E-01   -2.222233386273E-01    1.091662100562E+02   -7.112391719407E+00   -1.821562857790E-01
    5.623414053982E-03    1.533506090285E+02    1.474578153578E+02   -7.990431112762E+00   -7.895936159483E+00   -2.141170258968E-01   -2.108506327556E-01    1.026076162091E+02   -6.649983263550E+00   -1.729341063451E-01
    5.956622275455E-03    1.443255587930E+02    1.385052426069E+02   -7.476118261992E+00   -7.380689220075E+00   -2.032988126599E-01   -2.000507867669E-01    9.644919293813E+01   -6.216876580827E+00   -1.641714426582E-01
    6.309574324750E-03    1.358482368377E+02    1.300997072497E+02   -6.994355655282E+00   -6.898064135334E+00   -1.930248988956E-01   -1.897949325562E-01    9.066635415748E+01   -5.811225753707E+00   -1.558454679027E-01
    6.683440097183E-03    1.278850248526E+02    1.222076057555E+02   -6.543090173207E+00   -6.446007455283E+00   -1.832678304676E-01   -1.800555812486E-01    8.523602443116E+01   -5.431301061960E+00   -1.479344224815E-01
    7.079458808720E-03    1.204043685092E+02    1.147973987469E+02   -6.120397906887E+00   -6.022594967812E+00   -1.740014713833E-01   -1.708065652636E-01    8.013654607991E+01   -5.075481671835E+00   -1.404175712251E-01
    7.498943103492E-03    1.133766505897E+02    1.078394841440E+02   -5.724476029000E+00   -5.626023570334E+00   -1.652009477589E-01   -1.620229822807E-01    7.534759200841E+01   -4.742248784926E+00   -1.332751618169E-01
    7.943283404678E-03    1.067740718542E+02    1.013060780491E+02   -5.353635171462E+00   -5.254603648113E+00   -1.568425936399E-01   -1.536811410650E-01    7.085008385319E+01   -4.430179214143E+00   -1.264883844275E-01
    8.413952523210E-03    1.005705393133E+02    9.517110303741E+01   -5.006292287178E+00   -4.906751936694E+00   -1.489038986879E-01   -1.457585091647E-01    6.662611522037E+01   -4.137939367731E+00   -1.200393325822E-01
    8.912510539550E-03    9.474156131334E+01    8.941008326045E+01   -4.680963956739E+00   -4.580984829281E+00   -1.413634576661E-01   -1.382336624144E-01    6.265887960708E+01   -3.864279608360E+00   -1.139109652371E-01
    9.440609974739E-03    8.926414907833E+01    8.400004600848E+01   -4.376260116255E+00   -4.275912105263E+00   -1.342009217075E-01   -1.310862362274E-01    5.893260276127E+01   -3.608028967185E+00   -1.080870700636E-01
    1.000000126784E-02    8.411672430320E+01    7.891942932440E+01   -4.090878179410E+00   -3.990231052971E+00   -1.273969513275E-01   -1.242968786403E-01    5.543247920105E+01   -3.368090190198E+00   -1.025522279299E-01
    1.059253857795E-02    7.927903242847E+01    7.414799530063E+01   -3.823597529246E+00   -3.722720962165E+00   -1.209331711428E-01   -1.178472050718E-01    5.214461263976E+01   -3.143435096211E+00   -9.729177856615E-02
    1.122018593000E-02    7.473206123735E+01    6.966674869964E+01   -3.573274355875E+00   -3.472237962442E+00   -1.147921262537E-01   -1.117197547535E-01    4.905596006944E+01   -2.933100226384E+00   -9.229178739311E-02
    1.188502372469E-02    7.045796444884E+01    6.545786057166E+01   -3.338836818541E+00   -3.237710185986E+00   -1.089572402480E-01   -1.058979487930E-01    4.615427927865E+01   -2.736182767123E+00   -8.753901349520E-02
    1.258925563425E-02    6.643999003474E+01    6.150459659794E+01   -3.119280514005E+00   -3.018133236629E+00   -1.034127747973E-01   -1.003660498385E-01    4.342807961750E+01   -2.551836731123E+00   -8.302087872637E-02
    1.333521590666E-02    6.266241291750E+01    5.779124981600E+01   -2.913664228673E+00   -2.812565942619E+00   -9.814379078292E-02   -9.510912328551E-02    4.086657577382E+01   -2.379269377519E+00   -7.872543791284E-02
    1.412537710278E-02    5.911047181118E+01    5.430307748986E+01   -2.721105958782E+00   -2.620126377415E+00   -9.313611091970E-02   -9.011299999325E-02    3.845964439749E+01   -2.217737857917E+00   -7.464135013679E-02
    1.496235829195E-02    5.577030994473E+01    5.102624186405E+01   -2.540779181469E+00   -2.439988131317E+00   -8.837628383153E-02   -8.536424046622E-02    3.619778339327E+01   -2.066546073799E+00   -7.075785107504E-02
    1.584893373306E-02    5.262891943353E+01    4.794775456767E+01   -2.371909361345E+00   -2.271376818535E+00   -8.385154953692E-02   -8.085010046019E-02    3.407207372151E+01   -1.925041732351E+00   -6.706472636869E-02
    1.678804207023E-02    4.967408905355E+01    4.505542442292E+01   -2.213770676479E+00   -2.113566803582E+00   -7.954980629200E-02   -7.655849796101E-02    3.207414353774E+01   -1.792613587108E+00   -6.355228599131E-02
    1.778279607314E-02    4.689435524879E+01    4.233780848875E+01   -2.065682952626E+00   -1.965878135829E+00   -7.545957876486E-02   -7.247798151166E-02    3.019613455482E+01   -1.668688854008E+00   -6.021133960199E-02
    1.883649295469E-02    4.427895614352E+01    3.978416611140E+01   -1.927008790812E+00   -1.827673677268E+00   -7.156998748673E-02   -6.859769983384E-02    2.843067047068E+01   -1.552730790273E+00   -5.703317284807E-02
    1.995262529991E-02    4.181778838025E+01    3.738441580269E+01   -1.797150876514E+00   -1.698356411749E+00   -6.787071954029E-02   -6.490737270604E-02    2.677082733842E+01   -1.444236426199E+00   -5.400952459288E-02
    2.113489264250E-02    3.950136661499E+01    3.512909477776E+01   -1.675549459483E+00   -1.577366924654E+00   -6.435200044735E-02   -6.139726306118E-02    2.521010576319E+01   -1.342734440587E+00   -5.113256504470E-02
    2.238721372731E-02    3.732078550585E+01    3.300932098836E+01   -1.561679993475E+00   -1.464181042289E+00   -6.100456721592E-02   -5.805815026558E-02    2.374240481296E+01   -1.247783170755E+00   -4.839487476106E-02
    2.371373949942E-02    3.526768404363E+01    3.101675750049E+01   -1.455050926074E+00   -1.358307621092E+00   -5.781964250963E-02   -5.488130454319E-02    2.236199753940E+01   -1.158968748822E+00   -4.578942450441E-02
    2.511886686283E-02    3.333421206664E+01    2.914357905844E+01   -1.355201628319E+00   -1.259286476360E+00   -5.478890989503E-02   -5.185846250186E-02    2.106350800018E+01   -1.075903355574E+00   -4.330955591898E-02
    2.660725325452E-02    3.151299886137E+01    2.738244073717E+01   -1.261700457752E+00   -1.166686444031E+00   -5.190449015040E-02   -4.898180374679E-02    1.984188971537E+01   -9.982235864813E-01   -4.094896301966E-02
    2.818383208192E-02    2.979712368384E+01    2.572644851759E+01   -1.174142944160E+00   -1.080103564756E+00   -4.915891858224E-02   -4.624392852798E-02    1.869240544399E+01   -9.255889208064E-01   -3.870167445502E-02
    2.985382907523E-02    2.818008810412E+01    2.416913168733E+01   -1.092150091710E+00   -9.991593838691E-01   -4.654512332802E-02   -4.363783640141E-02    1.761060821410E+01   -8.576802884410E-01   -3.656203653061E-02
    3.162277960863E-02    2.665579005923E+01    2.270441695211E+01   -1.015366790024E+00   -9.234993597380E-01   -4.405640461301E-02   -4.115690587231E-02    1.659232352715E+01   -7.941987281462E-01   -3.452469697005E-02
    3.349654704782E-02    2.521849951227E+01    2.132660415537E+01   -9.434603275832E-01   -8.527913737936E-01   -4.168641493354E-02   -3.879487499341E-02    1.563363266646E+01   -7.348641315734E-01   -3.258458939498E-02
    3.548134218475E-02    2.386283561453E+01    2.003034350276E+01   -8.761190007941E-01   -7.867243354654E-01   -3.942914013690E-02   -3.654582288808E-02    1.473085703875E+01   -6.794140673919E-01   -3.073691850195E-02
    3.758374382392E-02    2.258374528766E+01    1.881061420826E+01   -8.130508133471E-01   -7.250068765373E-01   -3.727888137784E-02   -3.440415217806E-02    1.388054349159E+01   -6.276026809291E-01   -2.897714592216E-02
    3.981072058850E-02    2.137648314031E+01    1.766270447601E+01   -7.539822603240E-01   -6.673661292503E-01   -3.523023792991E-02   -3.236457229278E-02    1.307945054776E+01   -5.791996645826E-01   -2.730097674760E-02
    4.216965401853E-02    2.023659263182E+01    1.658219272989E+01   -6.986571914094E-01   -6.135465823642E-01   -3.327809082607E-02   -3.042208363253E-02    1.232453549623E+01   -5.339892941720E-01   -2.570434670363E-02
    4.466836303778E-02    1.915988841467E+01    1.556493002193E+01   -6.468357487784E-01   -5.633090105829E-01   -3.141758731483E-02   -2.857196256897E-02    1.161294229257E+01   -4.917695274095E-01   -2.418340995657E-02
    4.731512987035E-02    1.814243978460E+01    1.460702354783E+01   -5.982933750437E-01   -5.164294725418E-01   -2.964412611546E-02   -2.680974726210E-02    1.094199021957E+01   -4.523511605043E-01   -2.273452754167E-02
    5.011872749299E-02    1.718055517508E+01    1.370482120489E+01   -5.528198871337E-01   -4.726983730173E-01   -2.795334346058E-02   -2.513122427648E-02    1.030916326410E+01   -4.155570393152E-01   -2.135425640004E-02
    5.308844871396E-02    1.627076762695E+01    1.285489712258E+01   -5.102186116146E-01   -4.319195846669E-01   -2.634109990876E-02   -2.353241597173E-02    9.712100162231E+00   -3.812213211689E-01   -2.003933900693E-02
    5.623413697503E-02    1.540982119381E+01    1.205403812421E+01   -4.703055787976E-01   -3.939096263429E-01   -2.480346793318E-02   -2.200956866366E-02    9.148585084812E+00   -3.491887849565E-01   -1.878669359131E-02
    5.956621897853E-02    1.459465821456E+01    1.129923104963E+01   -4.329087711567E-01   -3.584968932601E-01   -2.333672026892E-02   -2.055914152636E-02    8.616538915608E+00   -3.193141856236E-01   -1.759340492637E-02
    6.309573924774E-02    1.382240741125E+01    1.058765089501E+01   -3.978674232216E-01   -3.255209358608E-01   -2.193731902211E-02   -1.917779622315E-02    8.114011092395E+00   -2.914616505124E-01   -1.645671568548E-02
    6.683439673506E-02    1.309037276662E+01    9.916649721133E+00   -3.650313698494E-01   -2.948317839446E-01   -2.060190554263E-02   -1.786238724895E-02    7.639171978479E+00   -2.655041147966E-01   -1.537401835433E-02
    7.079458359939E-02    1.239602313979E+01    9.283746285869E+00   -3.342604400080E-01   -2.662893128244E-01   -1.932729106456E-02   -1.660995296528E-02    7.190305734859E+00   -2.413227934243E-01   -1.434284769030E-02
    7.498942628119E-02    1.173698258098E+01    8.686616357676E+00   -3.054238932974E-01   -2.397626483506E-01   -1.811044812320E-02   -1.541770730841E-02    6.765803664535E+00   -2.188066870719E-01   -1.336087372072E-02
    7.943282901137E-02    1.111102130905E+01    8.123083669901E+00   -2.783998965936E-01   -2.151296077745E-01   -1.694850275845E-02   -1.428303214582E-02    6.364158002412E+00   -1.978521197310E-01   -1.242589526922E-02
    8.413951989832E-02    1.051604732633E+01    7.591111484544E+00   -2.530750387504E-01   -1.922761738860E-01   -1.583872752503E-02   -1.320347026662E-02    5.983956130857E+00   -1.783623059865E-01   -1.153583400754E-02
    8.912509974568E-02    9.950098633136E+00    7.088794722328E+00   -2.293438804971E-01   -1.710959991860E-01   -1.477853535037E-02   -1.217671896542E-02    5.623875192834E+00   -1.602469454456E-01   -1.068872902352E-02
    9.440609376280E-02    9.411336020885E+00    6.614352630500E+00   -2.071085376946E-01   -1.514899376412E-01   -1.376547413818E-02   -1.120062418940E-02    5.282677085059E+00   -1.434218425296E-01   -9.882731858377E-03
    1.000000063392E-01    8.898036419468E+00    6.166121955740E+00   -1.862782953741E-01   -1.333656012565E-01   -1.279722256600E-02   -1.027317524766E-02    4.959203811086E+00   -1.278085494668E-01   -9.116102146190E-03
    1.059253790647E-01    8.408586778989E+00    5.742550592491E+00   -1.667692510999E-01   -1.166369389700E-01   -1.187158611135E-02   -9.392499902366E-03    4.652373176745E+00   -1.133340308249E-01   -8.387203472778E-03
    1.122018521873E-01    7.941478464700E+00    5.342191674875E+00   -1.485039845257E-01   -1.012238349551E-01   -1.098649511651E-02   -8.556860117391E-03    4.361174809051E+00   -9.993034721035E-02   -7.694500143859E-03
    1.188502297128E-01    7.495302154997E+00    4.963698088479E+00   -1.314112513536E-01   -8.705172422285E-02   -1.014000266458E-02   -7.764647806002E-03    4.084666486216E+00   -8.753435664141E-02   -7.036553843566E-03
    1.258925483619E-01    7.068743226574E+00    4.605817370865E+00   -1.154257006545E-01   -7.405122244327E-02   -9.330284271183E-03   -7.014381364099E-03    3.821970761749E+00   -7.608743181118E-02   -6.412021221391E-03
    1.333521506131E-01    6.660577609533E+00    4.267386972762E+00   -1.004876129346E-01   -6.215776837869E-02   -8.555638402500E-03   -6.304701729481E-03    3.572271866492E+00   -6.553519173779E-02   -5.819651403356E-03
    1.412537620735E-01    6.269668126340E+00    3.947329853466E+00   -8.654264595918E-02   -5.131127292461E-02   -7.814488009082E-03   -5.634369627584E-03    3.334812882372E+00   -5.582724131387E-02   -5.258284496707E-03
    1.496235734345E-01    5.894961265450E+00    3.644650380731E+00   -7.354161122214E-02   -4.145577871367E-02   -7.105383979493E-03   -5.002261512846E-03    3.108893161403E+00   -4.691692724977E-02   -4.726849829790E-03
    1.584893272837E-01    5.535484422177E+00    3.358430502255E+00   -6.144025005474E-02   -3.253912074461E-02   -6.427008385321E-03   -4.407366147578E-03    2.893865987065E+00   -3.876109715782E-02   -4.224364567546E-03
    1.678804100600E-01    5.190343587840E+00    3.087826162433E+00   -5.019901819333E-02   -2.451258864421E-02   -5.778180211935E-03   -3.848780717445E-03    2.689136461992E+00   -3.131986471040E-02   -3.749932820468E-03
    1.778279494585E-01    4.858721474016E+00    2.832063923380E+00   -3.978287574536E-02   -1.733058774190E-02   -5.157861802402E-03   -3.325706304000E-03    2.494159602291E+00   -2.455637884487E-02   -3.302744668785E-03
    1.883649176061E-01    4.539876071679E+00    2.590437754401E+00   -3.016107447191E-02   -1.095029569888E-02   -4.565166600020E-03   -2.837442622509E-03    2.308438624721E+00   -1.843659336705E-02   -2.882075274104E-03
    1.995262403507E-01    4.233139633869E+00    2.362305946411E+00   -2.130693748435E-02   -5.331312208414E-03   -3.999368043354E-03   -2.383381713963E-03    2.131523406768E+00   -1.292903460186E-02   -2.487283909465E-03
    2.113489130272E-01    3.937918068122E+00    2.147088102822E+00   -1.319762466963E-02   -4.352992614064E-04   -3.459909495043E-03   -1.963000278151E-03    1.963009097261E+00   -8.004564234917E-03   -2.117812759919E-03
    2.238721230814E-01    3.653690718918E+00    1.944262151929E+00   -5.813876045838E-03    3.774390296669E-03   -2.946415010392E-03   -1.575850289831E-03    1.802534851023E+00   -3.636134286781E-03   -1.773185310996E-03
    2.371373799615E-01    3.380010511751E+00    1.753361318026E+00    8.602760184452E-04    7.333097815673E-03   -2.458700650862E-03   -1.221547493454E-03    1.649782655814E+00    2.014690366291E-04   -1.453004100480E-03
    2.511886527050E-01    3.116504418599E+00    1.573970979564E+00    6.837836214822E-03    1.027525883069E-02   -1.996785915659E-03   -8.997573246590E-04    1.504476213127E+00    3.531896048484E-03   -1.156947558562E-03
    2.660725156783E-01    2.862874188719E+00    1.405725332389E+00    1.212922939657E-02    1.263481850110E-02   -1.560904693650E-03   -6.101777624138E-04    1.366379826168E+00    6.377522396299E-03   -8.847656017259E-04
    2.818383029529E-01    2.618897267819E+00    1.248303764819E+00    1.674275109512E-02    1.444566184242E-02   -1.151514919814E-03   -3.525185792592E-04    1.235297238228E+00    8.759759576485E-03   -6.362735761276E-04
    2.985382718274E-01    2.384427801805E+00    1.101426839047E+00    2.068510089737E-02    1.574205648780E-02   -7.693058445577E-04   -1.264764345293E-04    1.111070352518E+00    1.069939063153E-02   -4.113440657258E-04
    3.162277760400E-01    2.159397586908E+00    9.648517607764E-01    2.396201575818E-02    1.655910353767E-02   -4.152014812921E-04    6.829474066017E-05    9.935777500699E-01    1.221693418307E-02   -2.098959907297E-04
    3.349654492440E-01    1.943816784739E+00    8.383672065873E-01    2.657902178364E-02    1.693318916226E-02   -9.035837282406E-05    2.322185765912E-04    8.827329054007E-01    1.333303932511E-02   -3.188032255929E-05
    3.548133993551E-01    1.737774166913E+00    7.217873679207E-01    2.854232396810E-02    1.690242583596E-02    2.038446967147E-04    3.658367222404E-04    7.784819802729E-01    1.406891281656E-02    1.227383609479E-04
    3.758374144141E-01    1.541436587136E+00    6.149450629257E-01    2.985985360802E-02    1.650706720738E-02    4.658280388705E-04    4.698551440974E-04    6.808010539297E-01    1.444677834176E-02    2.540053596476E-04
    3.981071806482E-01    1.355047297377E+00    5.176837661752E-01    3.054249201509E-02    1.578987444997E-02    6.938471697120E-04    5.451961671969E-04    5.896926243478E-01    1.449036510554E-02    3.620053433363E-04
    4.216965134532E-01    1.178922625954E+00    4.298484143580E-01    3.060548617637E-02    1.479640427542E-02    8.860482626979E-04    5.930556699740E-04    5.051811895496E-01    1.422541946029E-02    4.468988847895E-04
    4.466836020616E-01    1.013446417339E+00    3.512748695616E-01    3.007006607702E-02    1.357517949463E-02    1.040548472169E-03    6.149641140266E-04    4.273076925468E-01    1.368022826995E-02    5.089670764915E-04
    4.731512687095E-01    8.590614932572E-01    2.817779675012E-01    2.896526323870E-02    1.217769200294E-02    1.155547697314E-03    6.128490380599E-04    3.561225896817E-01    1.288613590135E-02    5.486651981482E-04
    5.011872431586E-01    7.162572302401E-01    2.211381563383E-01    2.732991365799E-02    1.065817549624E-02    1.229479433632E-03    5.890951673951E-04    2.916772831375E-01    1.187802757704E-02    5.666861879010E-04
    5.308844534858E-01    5.855521590726E-01    1.690868562592E-01    2.521480295747E-02    9.073071661319E-03    1.261209359328E-03    5.465962650009E-04    2.340136489149E-01    1.069473971539E-02    5.640342431182E-04
    5.623413341023E-01    4.674702737747E-01    1.252908585084E-01    2.268487309895E-02    7.480100064109E-03    1.250291057895E-03    4.887901318748E-04    1.831513972821E-01    9.379342001497E-03    5.421081358298E-04
    5.956621520251E-01    3.625094964443E-01    8.933635955600E-02    1.982135225493E-02    5.936830999865E-03    1.197288359070E-03    4.196646224551E-04    1.390730339229E-01    7.979215376394E-03    5.027926030387E-04
    6.309573524797E-01    2.711004757072E-01    6.071362228970E-02    1.672358229249E-02    4.498655863805E-03    1.104172850241E-03    3.437180300923E-04    1.017062570182E-01    6.545823290201E-03    4.485543116261E-04
    6.683439249830E-01    1.935536174042E-01    3.880381143127E-02    1.351018558857E-02    3.216059047428E-03    9.748007891401E-04    2.658517788794E-04    7.090374796968E-02    5.134038576271E-03    3.825357292114E-04
    7.079457911159E-01    1.299919545769E-01    2.287031568390E-02    1.031900788695E-02    2.131130627526E-03    8.154664717206E-04    1.911671292419E-04    4.642050994685E-02    3.800841650175E-03    3.086359422991E-04
    7.498942152746E-01    8.026720309532E-02    1.205790535035E-02    7.304934915876E-03    1.273343924287E-03    6.355083529140E-04    1.246317016558E-04    2.788921459164E-02    2.603138126880E-03    2.315593354819E-04
    7.943282397597E-01    4.385614542019E-02    5.404454764599E-03    4.634105152806E-03    6.547955491674E-04    4.479043453742E-04    7.057810319125E-05    1.479446887810E-02    1.594340040274E-03    1.568002073697E-04
    8.413951456455E-01    1.973446028320E-02    1.871762763595E-03    2.471945491777E-03    2.654482603285E-04    2.696947910971E-04    3.200222155142E-05    6.447577998031E-03    8.191617302652E-04    9.050485079033E-05
    8.912509409587E-01    6.225537261448E-03    4.042998244827E-04    9.600901146093E-04    6.959851023940E-05    1.218147769389E-04    9.659593914048E-06    1.964362370931E-03    3.056437928089E-04    3.908917030460E-05
    9.440608777821E-01    8.236570069252E-04    2.749073525344E-05    1.708416245743E-04    6.253258794556E-06    2.706183714718E-05    1.069899897793E-06    2.501739187484E-04    5.209651175609E-05    8.281909754915E-06
