# Q1 =   100.0000 , Q2 =   500.0000
# x  F3Wp(LO) F3Wm(LO) F3Wp(NLO) F3Wm(NLO) F3Wp(NNLO) F3Wm(NNLO) F3Z(LO) F3Z(NLO) F3Z(NNLO)
    1.000000316960E-05   -4.897126596780E+04    4.913469084173E+04    4.115098032815E+02   -4.012285356179E+02    1.019097855774E+01   -9.817164090876E+00    4.229435371027E+01    2.649198965551E+00    9.539050350086E-02
    1.059254059240E-05   -4.596128194697E+04    4.612283578881E+04    3.865527223124E+02   -3.764640943559E+02    9.572094183118E+00   -9.211658971000E+00    4.181012731613E+01    2.599413367316E+00    9.196040545134E-02
    1.122018806381E-05   -4.313604341045E+04    4.329574762250E+04    3.631209846044E+02   -3.532223474294E+02    8.990890846292E+00   -8.643467268063E+00    4.133143971840E+01    2.550313307708E+00    8.862493314042E-02
    1.188502598494E-05   -4.048421408103E+04    4.064208981988E+04    3.411210828015E+02   -3.314098177928E+02    8.445065954881E+00   -8.110293939707E+00    4.085822732211E+01    2.501890940439E+00    8.538213693911E-02
    1.258925802843E-05   -3.799515326005E+04    3.815122143936E+04    3.204652460016E+02   -3.109387645160E+02    7.932457981881E+00   -7.609984894830E+00    4.039042725044E+01    2.454138529292E+00    8.223009627639E-02
    1.333521844269E-05   -3.565887314805E+04    3.581315444132E+04    3.010710878007E+02   -2.917268308233E+02    7.451037814522E+00   -7.140518346596E+00    3.992797733726E+01    2.407048386197E+00    7.916691957221E-02
    1.412537978909E-05   -3.346599878414E+04    3.361851362736E+04    2.828612759214E+02   -2.736967137231E+02    6.998900632439E+00   -6.699996689271E+00    3.947081611808E+01    2.360612938152E+00    7.619074362479E-02
    1.496236113743E-05   -3.140773044335E+04    3.155849903774E+04    2.657632221106E+02   -2.567758539234E+02    6.574258286439E+00   -6.286638887271E+00    3.901888282157E+01    2.314824692290E+00    7.329973351365E-02
    1.584893674715E-05   -2.947580834125E+04    2.962485065589E+04    2.497087910848E+02   -2.408961447525E+02    6.175432149393E+00   -5.898773287389E+00    3.857211736130E+01    2.269676241809E+00    7.049208220726E-02
    1.678804526291E-05   -2.766247950425E+04    2.780981527868E+04    2.346340272654E+02   -2.259936589268E+02    5.800846364636E+00   -5.534830951846E+00    3.813046032746E+01    2.225160264771E+00    6.776601007191E-02
    1.778279945500E-05   -2.596046667262E+04    2.610611541944E+04    2.204788983935E+02   -2.120083921552E+02    5.449021599884E+00   -5.193339325388E+00    3.769385297761E+01    2.181269523349E+00    6.511976482621E-02
    1.883649653694E-05   -2.436293911156E+04    2.450692011897E+04    2.071870547753E+02   -1.988840223908E+02    5.118569085304E+00   -4.872916322241E+00    3.726223722911E+01    2.137996862604E+00    6.255162102617E-02
    1.995262909442E-05   -2.286348521330E+04    2.300581754762E+04    1.947056033465E+02   -1.865676838987E+02    4.808185076510E+00   -4.572264776921E+00    3.683555565136E+01    2.095335209843E+00    6.005987994866E-02
    2.113489666185E-05   -2.145608678019E+04    2.159678928837E+04    1.829848955933E+02   -1.750097551807E+02    4.516645637266E+00   -4.290167232365E+00    3.641375145737E+01    2.053277567504E+00    5.764286903811E-02
    2.238721798482E-05   -2.013509488585E+04    2.027418619788E+04    1.719783284734E+02   -1.641636598996E+02    4.242801744778E+00   -4.025481043440E+00    3.599676849580E+01    2.011817036448E+00    5.529894162472E-02
    2.371374400920E-05   -1.889520721730E+04    1.903270574869E+04    1.616421575763E+02   -1.539856800480E+02    3.985574694753E+00   -3.777133787621E+00    3.558455124309E+01    1.970946784675E+00    5.302647764316E-02
    2.511887163984E-05   -1.773144680740E+04    1.786737076155E+04    1.519353217237E+02   -1.444347805372E+02    3.743951810896E+00   -3.544118963105E+00    3.517704479591E+01    1.930660041341E+00    5.082388049565E-02
    2.660725831458E-05   -1.663914207228E+04    1.677350944285E+04    1.428192783427E+02   -1.354724445925E+02    3.516982340139E+00   -3.325491903337E+00    3.477419486157E+01    1.890950148321E+00    4.868958040757E-02
    2.818383744181E-05   -1.561390807349E+04    1.574673664674E+04    1.342578489405E+02   -1.270625192210E+02    3.303773725740E+00   -3.120366039585E+00    3.437594775220E+01    1.851810500771E+00    4.662203190579E-02
    2.985383475271E-05   -1.465162893001E+04    1.478293628709E+04    1.262170740582E+02   -1.191710701670E+02    3.103487998088E+00   -2.927909295070E+00    3.398225037636E+01    1.813234575700E+00    4.461971400642E-02
    3.162278562252E-05   -1.374844130932E+04    1.387824482858E+04    1.186650771215E+02   -1.117662457750E+02    2.915338437330E+00   -2.747340752483E+00    3.359305023136E+01    1.775215925087E+00    4.268112999215E-02
    3.349655341806E-05   -1.290071893153E+04    1.302903579073E+04    1.115719366541E+02   -1.048181491968E+02    2.738586432512E+00   -2.577927500239E+00    3.320829539562E+01    1.737748175242E+00    4.080480706902E-02
    3.548134893245E-05   -1.210505802416E+04    1.223190520272E+04    1.049095663215E+02   -9.829871844355E+01    2.572538533720E+00   -2.418981701479E+00    3.282793452141E+01    1.700825025856E+00    3.898929620723E-02
    3.758375097145E-05   -1.135826366956E+04    1.148365795073E+04    9.865160235013E+01   -9.218161380628E+01    2.416543675914E+00   -2.269857830939E+00    3.245191682665E+01    1.664440249321E+00    3.723317174344E-02
    3.981072815955E-05   -1.065733698986E+04    1.078129496290E+04    9.277329780693E+01   -8.644211214016E+01    2.269990593669E+00   -2.129950045213E+00    3.208019208726E+01    1.628587689635E+00    3.553503120980E-02
    4.216966203819E-05   -9.999463118370E+03    1.012200118064E+04    8.725142345582E+01   -8.105700772253E+01    2.132305371201E+00   -1.998689781405E+00    3.171271063057E+01    1.593261258936E+00    3.389349492386E-02
    4.466837153263E-05   -9.381999908910E+03    9.503134268032E+03    8.206417460817E+01   -7.600451910686E+01    2.002949174372E+00   -1.875543449775E+00    3.134942332748E+01    1.558454948519E+00    3.230720598435E-02
    4.731513886856E-05   -8.802467338000E+03    8.922214013889E+03    7.719108372903E+01   -7.126420173565E+01    1.881416047783E+00   -1.760010290390E+00    3.099028158503E+01    1.524162813030E+00    3.077482961632E-02
    5.011873702437E-05   -8.258537557272E+03    8.376912384197E+03    7.261293841491E+01   -6.681686590675E+01    1.767230970737E+00   -1.651620356791E+00    3.063523733912E+01    1.490378967431E+00    2.929505339599E-02
    5.308845881011E-05   -7.748025556245E+03    7.865044184852E+03    6.831170437831E+01   -6.264449977871E+01    1.659947908744E+00   -1.549932633403E+00    3.028424304760E+01    1.457097611961E+00    2.786658652538E-02
    5.623414766941E-05   -7.268880398038E+03    7.384558297330E+03    6.427045314656E+01   -5.873019706473E+01    1.559148065050E+00   -1.454533220184E+00    2.993725168138E+01    1.424313002427E+00    2.648815981338E-02
    5.956623030659E-05   -6.819176992815E+03    6.933529452121E+03    6.047329426371E+01   -5.505808925479E+01    1.464438199835E+00   -1.365033725014E+00    2.959421671860E+01    1.392019464117E+00    2.515852563217E-02
    6.309575124703E-05   -6.397108376013E+03    6.510150506920E+03    5.690531160635E+01   -5.161328188090E+01    1.375449068167E+00   -1.281069658357E+00    2.925509213702E+01    1.360211388081E+00    2.387645712742E-02
    6.683440944536E-05   -6.000978460360E+03    6.112725198619E+03    5.355250354459E+01   -4.838179474325E+01    1.291833949557E+00   -1.202298975045E+00    2.891983240670E+01    1.328883230569E+00    2.264074854271E-02
    7.079459706283E-05   -5.629195232611E+03    5.739661340014E+03    5.040172691672E+01   -4.535050585532E+01    1.213267268220E+00   -1.128400695289E+00    2.858839248270E+01    1.298029512152E+00    2.145021473886E-02
    7.498944054238E-05   -5.280264367723E+03    5.389464433959E+03    4.744064432186E+01   -4.250709874461E+01    1.139443298949E+00   -1.059073607644E+00    2.826072779803E+01    1.267644817249E+00    2.030369041870E-02
    7.943284411759E-05   -4.952783234852E+03    5.060731679326E+03    4.465767469671E+01   -3.984001303259E+01    1.070074958408E+00   -9.940350757807E-01    2.793679425631E+01    1.237723793444E+00    1.920003102449E-02
    8.413953589964E-05   -4.645435271134E+03    4.752146344759E+03    4.204194691530E+01   -3.733839803774E+01    1.004892633491E+00   -9.330198419590E-01    2.761654822365E+01    1.208261153072E+00    1.813811167168E-02
    8.912511669514E-05   -4.356984700670E+03    4.462472487639E+03    3.958325623730E+01   -3.499206922521E+01    9.436431573125E-01   -8.757790276063E-01    2.729994652265E+01    1.179251662699E+00    1.711682712968E-02
    9.440611171657E-05   -4.086271577555E+03    4.190549997078E+03    3.727202342715E+01   -3.279146732887E+01    8.860887657795E-01   -8.220790860588E-01    2.698694642463E+01    1.150690155221E+00    1.613509159353E-02
    1.000000253568E-04   -3.832207133055E+03    3.935289941071E+03    3.509925638199E+01   -3.072761998168E+01    8.320061877255E-01   -7.717008699267E-01    2.667750564244E+01    1.122571529019E+00    1.519183843004E-02
    1.059253992091E-04   -3.593769408268E+03    3.695670199128E+03    3.305651411399E+01   -2.879210570012E+01    7.811857233945E-01   -7.244387459142E-01    2.637158232309E+01    1.094890737399E+00    1.428602009764E-02
    1.122018735254E-04   -3.369999154762E+03    3.470731362887E+03    3.113587294248E+01   -2.697702008489E+01    7.334304224596E-01   -6.800997646291E-01    2.606913504080E+01    1.067642788010E+00    1.341660765319E-02
    1.188502523153E-04   -3.159995986744E+03    3.259572888250E+03    2.932989476599E+01   -2.527494406469E+01    6.885553251095E-01   -6.385028803922E-01    2.577012278882E+01    1.040822754802E+00    1.258259081651E-02
    1.258925723037E-04   -2.962914769320E+03    3.061349483618E+03    2.763159725239E+01   -2.367891415009E+01    6.463867091964E-01   -5.994782199384E-01    2.547450497248E+01    1.014425767238E+00    1.178297754352E-02
    1.333521759735E-04   -2.777962228367E+03    2.875267719733E+03    2.603442591570E+01   -2.218239445076E+01    6.067614078737E-01   -5.628663914664E-01    2.518224140211E+01    9.884470125070E-01    1.101679403439E-02
    1.412537889366E-04   -2.604393768418E+03    2.700582847539E+03    2.453222784846E+01   -2.077925044096E+01    5.695261641478E-01   -5.285178555627E-01    2.489329228533E+01    9.628817348024E-01    1.028308404632E-02
    1.496236018893E-04   -2.441510485800E+03    2.536595811284E+03    2.311922709460E+01   -1.946372432807E+01    5.345370214491E-01   -4.962922956266E-01    2.460761821964E+01    9.377252348977E-01    9.580909359309E-03
    1.584893574245E-04   -2.288656365032E+03    2.382650444895E+03    2.179000152748E+01   -1.823041193302E+01    5.016587684396E-01   -4.660580686263E-01    2.432518018480E+01    9.129728695088E-01    8.909349076599E-03
    1.678804419868E-04   -2.145215647253E+03    2.238130840379E+03    2.053946114706E+01   -1.707424098866E+01    4.707643845794E-01   -4.376916639347E-01    2.404593953572E+01    8.886200487749E-01    8.267499594883E-03
    1.778279832772E-04   -2.010610360125E+03    2.102458877686E+03    1.936282770741E+01   -1.599045077066E+01    4.417345532359E-01   -4.110772061009E-01    2.376985799336E+01    8.646622443558E-01    7.654474374500E-03
    1.883649534286E-04   -1.884297999283E+03    1.975091906141E+03    1.825561560451E+01   -1.497457298611E+01    4.144571851860E-01   -3.861059825824E-01    2.349689763845E+01    8.410949757041E-01    7.069403716006E-03
    1.995262782958E-04   -1.765769352063E+03    1.855520568137E+03    1.721361389189E+01   -1.402241379109E+01    3.888269846433E-01   -3.626760057486E-01    2.322702090322E+01    8.179138207444E-01    6.511434577209E-03
    2.113489532207E-04   -1.654546454748E+03    1.743266756352E+03    1.623286948778E+01   -1.313003699999E+01    3.647450196457E-01   -3.406915971732E-01    2.296019056353E+01    7.951144024347E-01    5.979730396710E-03
    2.238721656565E-04   -1.550180675168E+03    1.637881696318E+03    1.530967132472E+01   -1.229374823976E+01    3.421183483212E-01   -3.200629998031E-01    2.269636973085E+01    7.726924096081E-01    5.473470848197E-03
    2.371374250594E-04   -1.452250912943E+03    1.538944146635E+03    1.444053551855E+01   -1.151008010477E+01    3.208596518276E-01   -3.007060133830E-01    2.243552184439E+01    7.506435753600E-01    4.991851643303E-03
    2.511887004750E-04   -1.360361910151E+03    1.446058709607E+03    1.362219142391E+01   -1.077577824553E+01    3.008868806820E-01   -2.825416520027E-01    2.217761066260E+01    7.289636871890E-01    4.534084500083E-03
    2.660725662789E-04   -1.274142665666E+03    1.358854245545E+03    1.285156857442E+01   -1.008778827933E+01    2.821229415360E-01   -2.654958242369E-01    2.192260025469E+01    7.076485843833E-01    4.099396658076E-03
    2.818383565518E-04   -1.193244946775E+03    1.276982384359E+03    1.212578439525E+01   -9.443243519686E+00    2.644953934348E-01   -2.494990298291E-01    2.167045499279E+01    6.866941577361E-01    3.687031002480E-03
    2.985383286022E-04   -1.117341892131E+03    1.200116128473E+03    1.144213268407E+01   -8.839453455554E+00    2.479361633243E-01   -2.344860780307E-01    2.142113954320E+01    6.660963491876E-01    3.296245563163E-03
    3.162278361789E-04   -1.046126700421E+03    1.127948541462E+03    1.079807279569E+01   -8.273892937599E+00    2.323812812017E-01   -2.203958218001E-01    2.117461885773E+01    6.458511514182E-01    2.926313632796E-03
    3.349655129464E-04   -9.793113994994E+02    1.060191517153E+03    1.019121949041E+01   -7.744192027885E+00    2.177706283928E-01   -2.071709087513E-01    2.093085816482E+01    6.259546094388E-01    2.576523408178E-03
    3.548134668321E-04   -9.166256910472E+02    9.965746242499E+02    9.619333405492E+00   -7.248126472203E+00    2.040477041494E-01   -1.947575463153E-01    2.068982296094E+01    6.064028126022E-01    2.246177871332E-03
    3.758374858894E-04   -8.578158661203E+02    9.368440218448E+02    9.080312110560E+00   -6.783608757418E+00    1.911594050580E-01   -1.831052836344E-01    2.045147900054E+01    5.871919057939E-01    1.934594501408E-03
    3.981072563587E-04   -8.026437872389E+02    8.807614414745E+02    8.572181712408E+00   -6.348679717173E+00    1.790558182467E-01   -1.721668044821E-01    2.021579228750E+01    5.683180847748E-01    1.641105264778E-03
    4.216965936497E-04   -7.508859329364E+02    8.281032316331E+02    8.093088983621E+00   -5.941500661627E+00    1.676900275451E-01   -1.618977339867E-01    1.998272906557E+01    5.497775811321E-01    1.365056320153E-03
    4.466836870101E-04   -7.023325009345E+02    7.786594609101E+02    7.641293930145E+00   -5.560345942469E+00    1.570179305353E-01   -1.522564577601E-01    1.975225580859E+01    5.315666954455E-01    1.105807895258E-03
    4.731513586915E-04   -6.567865663468E+02    7.322330761576E+02    7.215162908077E+00   -5.203596078568E+00    1.469980686105E-01   -1.432039504465E-01    1.952433921061E+01    5.136817636532E-01    8.627340547548E-04
    5.011873384724E-04   -6.140632915357E+02    6.886391123079E+02    6.813162040235E+00   -4.869731183857E+00    1.375914656269E-01   -1.347036165964E-01    1.929894617588E+01    4.961191734631E-01    6.352226255200E-04
    5.308845544473E-04   -5.739891844524E+02    6.477039506758E+02    6.433851173654E+00   -4.557324873129E+00    1.287614774337E-01   -1.267211404341E-01    1.907604380852E+01    4.788753609697E-01    4.226749433905E-04
    5.623414410462E-04   -5.364014024873E+02    6.092646227658E+02    6.075878066744E+00   -4.265038518298E+00    1.204736501421E-01   -1.192243445681E-01    1.885559940139E+01    4.619468101614E-01    2.245057133781E-04
    5.956622653057E-04   -5.011470990327E+02    5.731681567981E+02    5.737973038625E+00   -3.991615859334E+00    1.126955878151E-01   -1.121830585286E-01    1.863758042600E+01    4.453300530305E-01    4.014285290414E-05
    6.309574724727E-04   -4.680828101451E+02    5.392709643265E+02    5.418943901969E+00   -3.735877946360E+00    1.053968270029E-01   -1.055689941763E-01    1.842195452118E+01    4.290216732441E-01   -1.309727072522E-04
    6.683440520859E-04   -4.370738788401E+02    5.074382644919E+02    5.117671223390E+00   -3.496718400735E+00    9.854872023827E-02   -9.935562935015E-02    1.820868948169E+01    4.130182902184E-01   -2.893871479095E-04
    7.079459257502E-04   -4.079939147156E+02    4.775435436006E+02    4.833103831489E+00   -3.273098922577E+00    9.212432564285E-02   -9.351809860467E-02    1.799775324658E+01    3.973165819882E-01   -4.356339384432E-04
    7.498943578865E-04   -3.807242867314E+02    4.494680478598E+02    4.564254686882E+00   -3.064045162596E+00    8.609830428024E-02   -8.803309053505E-02    1.778911388734E+01    3.819132725686E-01   -5.702340176448E-04
    7.943283908219E-04   -3.551536471161E+02    4.231003072365E+02    4.310196919235E+00   -2.868642758543E+00    8.044682285935E-02   -8.287875187273E-02    1.758273959529E+01    3.668051316025E-01   -6.936959107673E-04
    8.413953056587E-04   -3.311774844860E+02    3.983356885299E+02    4.070060150571E+00   -2.686033659202E+00    7.514746286191E-02   -7.803459658091E-02    1.737859866909E+01    3.519889736538E-01   -8.065159441113E-04
    8.912511104532E-04   -3.086977043864E+02    3.750759758640E+02    3.843027035962E+00   -2.515412667701E+00    7.017913529892E-02   -7.348142193986E-02    1.717665950195E+01    3.374616653762E-01   -9.091783589600E-04
    9.440610573198E-04   -2.876222355735E+02    3.532289769195E+02    3.628330016161E+00   -2.356024182898E+00    6.552200029090E-02   -6.920122683912E-02    1.697689056820E+01    3.232201175673E-01   -1.002155493629E-03
    1.000000190176E-03   -2.678646604567E+02    3.327081533237E+02    3.425248272013E+00   -2.207159168896E+00    6.115739191389E-02   -6.517713975345E-02    1.677926040955E+01    3.092612890901E-01   -1.085907908280E-03
    1.059253924943E-03   -2.493438682176E+02    3.134322737173E+02    3.233104854025E+00   -2.068152282121E+00    5.706774751655E-02   -6.139334876929E-02    1.658373762099E+01    2.955821862015E-01   -1.160884574344E-03
    1.122018664127E-03   -2.319837292170E+02    2.953250881065E+02    3.051264011788E+00   -1.938379188923E+00    5.323654137441E-02   -5.783503189276E-02    1.639029083641E+01    2.821798625948E-01   -1.227523001177E-03
    1.188502447811E-03   -2.157127893833E+02    2.783150221936E+02    2.879128663285E+00   -1.817254044772E+00    4.964822236885E-02   -5.448829978441E-02    1.619888871312E+01    2.690514194456E-01   -1.286249401945E-03
    1.258925643231E-03   -2.004639833529E+02    2.623348904615E+02    2.716138031871E+00   -1.704227128152E+00    4.628815526654E-02   -5.134013526937E-02    1.600949991699E+01    2.561940055578E-01   -1.337478834940E-03
    1.333521675200E-03   -1.861743652172E+02    2.473216268599E+02    2.561765425723E+00   -1.598782619497E+00    4.314256629893E-02   -4.837834080328E-02    1.582209310638E+01    2.436048175195E-01   -1.381615355647E-03
    1.412537799822E-03   -1.727848557923E+02    2.332160320140E+02    2.415516153637E+00   -1.500436516416E+00    4.019849133991E-02   -4.559148532248E-02    1.563663691583E+01    2.312810998633E-01   -1.419052164769E-03
    1.496235924044E-03   -1.602400054000E+02    2.199625359421E+02    2.276925577235E+00   -1.408734685790E+00    3.744372655774E-02   -4.296885782659E-02    1.545309993914E+01    2.192201459748E-01   -1.450171753500E-03
    1.584893473776E-03   -1.484877712067E+02    2.075089753288E+02    2.145557240326E+00   -1.323250990341E+00    3.486678441402E-02   -4.050042235271E-02    1.527145071210E+01    2.074192966476E-01   -1.475346048501E-03
    1.678804313446E-03   -1.374793082286E+02    1.958063844630E+02    2.021001198179E+00   -1.243585620025E+00    3.245685078926E-02   -3.817677472408E-02    1.509165769447E+01    1.958759383776E-01   -1.494936548118E-03
    1.778279720043E-03   -1.271687731638E+02    1.848087990005E+02    1.902872364140E+00   -1.169363433182E+00    3.020374357247E-02   -3.598910465774E-02    1.491368925153E+01    1.845875133582E-01   -1.509294480599E-03
    1.883649414877E-03   -1.175131402642E+02    1.744730717645E+02    1.790809000724E+00   -1.100232457690E+00    2.809787629139E-02   -3.392915751508E-02    1.473751363514E+01    1.735515094603E-01   -1.518760943050E-03
    1.995262656475E-03   -1.084720285094E+02    1.647586998458E+02    1.684471292016E+00   -1.035862448386E+00    2.613022164389E-02   -3.198919954913E-02    1.456309896416E+01    1.627654603649E-01   -1.523667003335E-03
    2.113489398229E-03   -1.000075393889E+02    1.556276623093E+02    1.583540015964E+00   -9.759435595177E-01    2.429227952582E-02   -3.016198606292E-02    1.439041320421E+01    1.522269544199E-01   -1.524333900613E-03
    2.238721514648E-03   -9.208410464222E+01    1.470442678548E+02    1.487715283528E+00   -9.201850854550E-01    2.257604498840E-02   -2.844072963278E-02    1.421942414686E+01    1.419336284242E-01   -1.521073137578E-03
    2.371374100268E-03   -8.466834334462E+01    1.389750118233E+02    1.396715334420E+00   -8.683142810686E-01    2.097397915233E-02   -2.681907145461E-02    1.405009938821E+01    1.318831696880E-01   -1.514186630538E-03
    2.511886845517E-03   -7.772892776758E+01    1.313884419733E+02    1.310275483423E+00   -8.200752546007E-01    1.947898168450E-02   -2.529105527429E-02    1.388240630685E+01    1.220733163737E-01   -1.503966841722E-03
    2.660725494121E-03   -7.123645747317E+01    1.242550324901E+02    1.228147045694E+00   -7.752279282738E-01    1.808436481682E-02   -2.385110124890E-02    1.371631204111E+01    1.125018579477E-01   -1.490696907677E-03
    2.818383386855E-03   -6.516334113902E+01    1.175470657228E+02    1.150096372210E+00   -7.335470627168E-01    1.678382973127E-02   -2.249398225186E-02    1.355178346578E+01    1.031666356043E-01   -1.474650775049E-03
    2.985383096773E-03   -5.948368563904E+01    1.112385211740E+02    1.075903935648E+00   -6.948213411840E-01    1.557144243487E-02   -2.121480212879E-02    1.338878716803E+01    9.406554270457E-02   -1.456093323202E-03
    3.162278161326E-03   -5.417319193490E+01    1.053049712984E+02    1.005363472498E+00   -6.588525099138E-01    1.444161365720E-02   -2.000897389236E-02    1.322728942273E+01    8.519652581408E-02   -1.435280495993E-03
    3.349654917123E-03   -4.920905736052E+01    9.972348369145E+01    9.382811779578E-01   -6.254545711817E-01    1.338907807298E-02   -1.887220068877E-02    1.306725616712E+01    7.655758287051E-02   -1.412459418394E-03
    3.548134443398E-03   -4.456988390751E+01    9.447252927604E+01    8.744749502732E-01   -5.944530259373E-01    1.240887539680E-02   -1.780045721157E-02    1.290865297472E+01    6.814676707431E-02   -1.387868523941E-03
    3.758374620643E-03   -4.023559214302E+01    8.953189612055E+01    8.137736817949E-01   -5.656841638407E-01    1.149633317382E-02   -1.678997240006E-02    1.275144502896E+01    5.996218518189E-02   -1.361737693564E-03
    3.981072311218E-03   -3.618734041542E+01    8.488260854024E+01    7.560165948297E-01   -5.389943911244E-01    1.064704920545E-02   -1.583721323210E-02    1.259559709561E+01    5.200199844791E-02   -1.334288327147E-03
    4.216965669175E-03   -3.240744902280E+01    8.050685115997E+01    7.010526102663E-01   -5.142396115235E-01    9.856876594647E-03   -1.493886959432E-02    1.244107349494E+01    4.426442360725E-02   -1.305733493572E-03
    4.466836586940E-03   -2.887932904002E+01    7.638789763306E+01    6.487397724848E-01   -4.912846333240E-01    9.121908746524E-03   -1.409183960215E-02    1.228783807319E+01    3.674773156788E-02   -1.276278030829E-03
    4.731513286975E-03   -2.558741551869E+01    7.251004373050E+01    5.989446916501E-01   -4.700026186492E-01    8.438465592111E-03   -1.329321679536E-02    1.213585417348E+01    2.945025059936E-02   -1.246118656199E-03
    5.011873067012E-03   -2.251710479203E+01    6.885854453253E+01    5.515420293891E-01   -4.502745655994E-01    7.803080589951E-03   -1.254027715489E-02    1.198508460603E+01    2.237036464186E-02   -1.215444069796E-03
    5.308845207934E-03   -1.965469563189E+01    6.541955547177E+01    5.064140143753E-01   -4.319888220511E-01    7.212488503571E-03   -1.183046734369E-02    1.183549161836E+01    1.550651483173E-02   -1.184435066215E-03
    5.623414053982E-03   -1.698733402270E+01    6.218007699041E+01    4.634499878521E-01   -4.150406292459E-01    6.663613985077E-03   -1.116139389315E-02    1.168703686474E+01    8.857199046482E-03   -1.153264606411E-03
    5.956622275455E-03   -1.450296133072E+01    5.912790259000E+01    4.225459767369E-01   -3.993316938572E-01    6.153560766336E-03   -1.053081243118E-02    1.153968137498E+01    2.420972976917E-03   -1.122097931518E-03
    6.309574324750E-03   -1.219026565895E+01    5.625157006699E+01    3.836042932262E-01   -3.847697861703E-01    5.679601553214E-03   -9.936617962217E-03    1.139338552339E+01   -3.803550063026E-03   -1.091092643578E-03
    6.683440097183E-03   -1.003863619319E+01    5.354031573776E+01    3.465331589095E-01   -3.712683631478E-01    5.239168578348E-03   -9.376836029516E-03    1.124810899733E+01   -9.817698604167E-03   -1.060398788231E-03
    7.079458808720E-03   -8.038120355427E+00    5.098403147042E+01    3.112463520055E-01   -3.587462147755E-01    4.829844573292E-03   -8.849613824665E-03    1.110381076580E+01   -1.562274314302E-02   -1.030158926906E-03
    7.498943103492E-03   -6.179383593149E+00    4.857322435063E+01    2.776628758752E-01   -3.471271326515E-01    4.449354475730E-03   -8.353212210349E-03    1.096044904752E+01   -2.121989592918E-02   -1.000508236973E-03
    7.943283404678E-03   -4.453671638637E+00    4.629897882364E+01    2.457066463766E-01   -3.363396003741E-01    4.095557559852E-03   -7.885998078856E-03    1.081798128097E+01   -2.661031139689E-02   -9.715745352756E-04
    8.413952523210E-03   -2.852775094194E+00    4.415292115455E+01    2.153062103353E-01   -3.263164941758E-01    3.766440047439E-03   -7.446437229122E-03    1.067636409236E+01   -3.179508530254E-02   -9.434783532418E-04
    8.912510539550E-03   -1.368996193481E+00    4.212718607103E+01    1.863944514292E-01   -3.169948217705E-01    3.460108211268E-03   -7.033087674254E-03    1.053555326553E+01   -3.677525694377E-02   -9.163329912447E-04
    9.440609974739E-03    4.882391904147E-03    4.021438545267E+01    1.589083495973E-01   -3.083154577969E-01    3.174781831836E-03   -6.644593328490E-03    1.039550371245E+01   -4.155180709518E-02   -8.902445581303E-04
    1.000000126784E-02    1.275626826753E+00    3.840757894233E+01    1.327887369400E-01   -3.002229059704E-01    2.908788153990E-03   -6.279678035987E-03    1.025616944457E+01   -4.612566110779E-02   -8.653120045329E-04
    1.059253857795E-02    2.449579585268E+00    3.670024636208E+01    1.079800623815E-01   -2.926650744134E-01    2.660556181115E-03   -5.937140142188E-03    1.011750354543E+01   -5.049768843562E-02   -8.416271428696E-04
    1.122018593000E-02    3.532685234945E+00    3.508626182483E+01    8.443018412183E-02   -2.855930655418E-01    2.428611256993E-03   -5.615847057892E-03    9.979458145087E+00   -5.466870416693E-02   -8.192747009831E-04
    1.188502372469E-02    4.530514636040E+00    3.355986943887E+01    6.209016767425E-02   -2.789609788429E-01    2.211570222005E-03   -5.314730353113E-03    9.841984397242E+00   -5.863947004834E-02   -7.983322525260E-04
    1.258925563425E-02    5.448287649316E+00    3.211566050485E+01    4.091409549493E-02   -2.727257276293E-01    2.008136629794E-03   -5.032781135058E-03    9.705032456738E+00   -6.241069661705E-02   -7.788702640202E-04
    1.333521590666E-02    6.290894451372E+00    3.074855212025E+01    2.085889084418E-02   -2.668468673061E-01    1.817096414756E-03   -4.769045625060E-03    9.568551461465E+00   -6.598304452177E-02   -7.609520625341E-04
    1.412537710278E-02    7.062915540036E+00    2.945376710337E+01    1.884147299897E-03   -2.612864353078E-01    1.637313821817E-03   -4.522621001428E-03    9.432489517172E+00   -6.935712776065E-02   -7.446338057662E-04
    1.496235829195E-02    7.768640512057E+00    2.822681515821E+01   -1.604802762753E-02   -2.560088020540E-01    1.467727622749E-03   -4.292651468496E-03    9.296793686185E+00   -7.253351586483E-02   -7.299644260467E-04
    1.584893373306E-02    8.412085688349E+00    2.706347520483E+01   -3.297316417748E-02   -2.509805330487E-01    1.307347566628E-03   -4.078324562508E-03    9.161409980055E+00   -7.551273741238E-02   -7.169855982938E-04
    1.678804207023E-02    8.997010664922E+00    2.595977881009E+01   -4.892456971998E-02   -2.461702574751E-01    1.155251081679E-03   -3.878867645723E-03    9.026283359605E+00   -7.829528356008E-02   -7.057316624225E-04
    1.778279607314E-02    9.526933846851E+00    2.491199464609E+01   -6.393346353557E-02   -2.415485524779E-01    1.010580371836E-03   -3.693544500496E-03    8.891357738384E+00   -8.088161230487E-02   -6.962294909056E-04
    1.883649295469E-02    1.000514703656E+01    2.391661392086E+01   -7.802910496833E-02   -2.370878307871E-01    8.725395029851E-04   -3.521652244703E-03    8.756575993772E+00   -8.327215432435E-02   -6.884984296565E-04
    1.995262529991E-02    1.043472913597E+01    2.297033672398E+01   -9.123891267369E-02   -2.327622396307E-01    7.403918694949E-04   -3.362518312726E-03    8.621879986384E+00   -8.546731547251E-02   -6.825501654454E-04
    2.113489264250E-02    1.081855901781E+01    2.207005923291E+01   -1.035885805446E-01   -2.285475675198E-01    6.134578125655E-04   -3.215497636260E-03    8.487210588103E+00   -8.746748761151E-02   -6.783885886514E-04
    2.238721372731E-02    1.115932761994E+01    2.121286173086E+01   -1.151021872833E-01   -2.244211589819E-01    4.911125142509E-04   -3.079969791802E-03    8.352507720094E+00   -8.927305271859E-02   -6.760096272202E-04
    2.371373949942E-02    1.145954931266E+01    2.039599738952E+01   -1.258023062241E-01   -2.203618375620E-01    3.727838449310E-04   -2.955336727876E-03    8.217710401659E+00   -9.088439173796E-02   -6.754011536688E-04
    2.511886686283E-02    1.172157259517E+01    1.961688177884E+01   -1.357100994466E-01   -2.163498346713E-01    2.579509174876E-04   -2.841019981457E-03    8.082756814944E+00   -9.230189422974E-02   -6.765426619949E-04
    2.660725325452E-02    1.194759014726E+01    1.887308305206E+01   -1.448454201730E-01   -2.123667278031E-01    1.461422703433E-04   -2.736458509056E-03    7.947584378747E+00   -9.352596541986E-02   -6.794051597577E-04
    2.818383208192E-02    1.213964829993E+01    1.816231278162E+01   -1.532269113769E-01   -2.083953846178E-01    3.693452846187E-05   -2.641106462989E-03    7.812129841896E+00   -9.455704238543E-02   -6.839509330562E-04
    2.985382907523E-02    1.229965595549E+01    1.748241740539E+01   -1.608720910817E-01   -2.044199159759E-01   -7.004885119233E-05   -2.554431022795E-03    7.676329393621E+00   -9.539560205331E-02   -6.901333014387E-04
    3.162277960863E-02    1.242939299826E+01    1.683137025242E+01   -1.677974472109E-01   -2.004256259654E-01   -1.751384929693E-04   -2.475910421077E-03    7.540118793834E+00   -9.604217697990E-02   -6.978963780851E-04
    3.349654704782E-02    1.253051823190E+01    1.620726411875E+01   -1.740185316549E-01   -1.963989902293E-01   -2.786207761240E-04   -2.405032035490E-03    7.403433524999E+00   -9.649737021376E-02   -7.071748125887E-04
    3.548134218475E-02    1.260457688432E+01    1.560830436854E+01   -1.795500379926E-01   -1.923276158162E-01   -3.807371914704E-04   -2.341290642544E-03    7.266208970074E+00   -9.676187196194E-02   -7.178935656595E-04
    3.758374382392E-02    1.265300770784E+01    1.503280253254E+01   -1.844059006984E-01   -1.882002226326E-01   -4.816862253116E-04   -2.284186605972E-03    7.128380616471E+00   -9.683647758615E-02   -7.299675399118E-04
    3.981072058850E-02    1.267714970674E+01    1.447917038109E+01   -1.885993787464E-01   -1.840066271214E-01   -5.816233069138E-04   -2.233224406603E-03    6.989884288667E+00   -9.672210808923E-02   -7.433013889468E-04
    4.216965401853E-02    1.267824853170E+01    1.394591445442E+01   -1.921431470054E-01   -1.797377320501E-01   -6.806612441957E-04   -2.187911161940E-03    6.850656415381E+00   -9.641983191423E-02   -7.577892179567E-04
    4.466836303778E-02    1.265746256630E+01    1.343163102864E+01   -1.950493732488E-01   -1.753855225548E-01   -7.788704802718E-04   -2.147755301452E-03    6.710634332287E+00   -9.593088883004E-02   -7.733143364439E-04
    4.731512987035E-02    1.261586873680E+01    1.293500150069E+01   -1.973298369461E-01   -1.709430681313E-01   -8.762792139530E-04   -2.112265379051E-03    6.569756624244E+00   -9.525671615818E-02   -7.897490003601E-04
    5.011872749299E-02    1.255446807228E+01    1.245478817640E+01   -1.989960051289E-01   -1.664045306106E-01   -9.728735435293E-04   -2.080949067455E-03    6.427963510059E+00   -9.439897582591E-02   -8.069542226578E-04
    5.308844871396E-02    1.247419105501E+01    1.198983044952E+01   -2.000591311591E-01   -1.617651772955E-01   -1.068597319254E-03   -2.053312252142E-03    6.285197276823E+00   -9.335958609731E-02   -8.247795469954E-04
    5.623413697503E-02    1.237590276714E+01    1.153904135380E+01   -2.005303576032E-01   -1.570214001974E-01   -1.163352059826E-03   -2.028858392196E-03    6.141402761336E+00   -9.214075323187E-02   -8.430629095293E-04
    5.956621897853E-02    1.226040788242E+01    1.110140448179E+01   -2.004208271834E-01   -1.521707408452E-01   -1.256996903860E-03   -2.007088031528E-03    5.996527889153E+00   -9.074500674120E-02   -8.616305728912E-04
    6.309573924774E-02    1.212845552178E+01    1.067597125687E+01   -1.997417818956E-01   -1.472119166447E-01   -1.349348457201E-03   -1.987498619165E-03    5.850524272915E+00   -8.917523668306E-02   -8.802971051508E-04
    6.683439673506E-02    1.198074400130E+01    1.026185854890E+01   -1.985046813956E-01   -1.421448590724E-01   -1.440180662914E-03   -1.969584523994E-03    5.703347874637E+00   -8.743473254074E-02   -8.988654544269E-04
    7.079458359939E-02    1.181792549962E+01    9.858246624268E+00   -1.967213224152E-01   -1.369707477724E-01   -1.529224765356E-03   -1.952837391866E-03    5.554959736651E+00   -8.552722845952E-02   -9.171271318006E-04
    7.498942628119E-02    1.164061067383E+01    9.464377420683E+00   -1.944039692064E-01   -1.316920527930E-01   -1.616169405732E-03   -1.936746739408E-03    5.405326785805E+00   -8.345694259623E-02   -9.348625110150E-04
    7.943282901137E-02    1.144937325094E+01    9.079553134956E+00   -1.915654740278E-01   -1.263125791628E-01   -1.700660634796E-03   -1.920801131697E-03    5.254422714484E+00   -8.122862675259E-02   -9.518412979858E-04
    8.413951989832E-02    1.124475461793E+01    8.703135121203E+00   -1.882194227475E-01   -1.208375123132E-01   -1.782302417740E-03   -1.904489552260E-03    5.102228944034E+00   -7.884761378382E-02   -9.678231689439E-04
    8.912509974568E-02    1.102726844595E+01    8.334543081669E+00   -1.843802774357E-01   -1.152734650947E-01   -1.860657222789E-03   -1.887303336636E-03    4.948735673697E+00   -7.631986728691E-02   -9.825586215635E-04
    9.440609376280E-02    1.079740537145E+01    7.973254541951E+00   -1.800635276758E-01   -1.096285243404E-01   -1.935246971509E-03   -1.868738589297E-03    4.793943018556E+00   -7.365203307281E-02   -9.957900276858E-04
    1.000000063392E-01    1.055563776289E+01    7.618804596545E+00   -1.752858486151E-01   -1.039122957047E-01   -2.005554400900E-03   -1.848299159001E-03    4.637862239184E+00   -7.085149022716E-02   -1.007253035817E-03
    1.059253790647E-01    1.030242460202E+01    7.270785911676E+00   -1.700652652084E-01   -9.813594352338E-02   -2.071024895662E-03   -1.825500147874E-03    4.480517066072E+00   -6.792640310878E-02   -1.016678181922E-03
    1.122018521873E-01    1.003821650041E+01    6.928848954147E+00   -1.644213228985E-01   -9.231223089065E-02   -2.131068862294E-03   -1.799872042913E-03    4.321945113809E+00   -6.488577260361E-02   -1.023792856214E-03
    1.188502297128E-01    9.763460885240E+00    6.592702442552E+00   -1.583752635883E-01   -8.645554352449E-02   -2.185065083569E-03   -1.770965834892E-03    4.162199392216E+00   -6.173948596295E-02   -1.028323826549E-03
    1.258925483619E-01    9.478607377188E+00    6.262113983138E+00   -1.519502067158E-01   -8.058190749168E-02   -2.232364564946E-03   -1.738358435567E-03    4.001349907576E+00   -5.849836302224E-02   -1.029999937888E-03
    1.333521506131E-01    9.184113380050E+00    5.936910854024E+00   -1.451713295941E-01   -7.470899566949E-02   -2.272295560365E-03   -1.701659001128E-03    3.839485346792E+00   -5.517419890508E-02   -1.028555409884E-03
    1.412537620735E-01    8.880449901983E+00    5.616980899324E+00   -1.380660524074E-01   -6.885611644163E-02   -2.304169821785E-03   -1.660516193115E-03    3.676714836593E+00   -5.177980156803E-02   -1.023733684587E-03
    1.496235734345E-01    8.568107646491E+00    5.302273503908E+00   -1.306642206916E-01   -6.304417259466E-02   -2.327289611685E-03   -1.614625544674E-03    3.513169776822E+00   -4.832901889809E-02   -1.015291515227E-03
    1.584893272837E-01    8.247603323483E+00    4.992800531998E+00   -1.229982790276E-01   -5.729561050064E-02   -2.340957134670E-03   -1.563738647727E-03    3.349005698127E+00   -4.483676100382E-02   -1.003004137278E-03
    1.678804100600E-01    7.919486274608E+00    4.688637246327E+00   -1.151034403472E-01   -5.163432764423E-02   -2.344484824507E-03   -1.507672005705E-03    3.184404170559E+00   -4.131900539461E-02   -9.866705680098E-04
    1.778279494585E-01    7.584345341044E+00    4.389923057075E+00   -1.070178380006E-01   -4.608554959301E-02   -2.337207851980E-03   -1.446316994405E-03    3.019574696840E+00   -3.779279016741E-02   -9.661197338409E-04
    1.883649176061E-01    7.242815988394E+00    4.096862032394E+00   -9.878265788310E-02   -4.067566576397E-02   -2.318498639674E-03   -1.379650016876E-03    2.854756570519E+00   -3.427618607879E-02   -9.412171059586E-04
    1.995262403507E-01    6.895587657886E+00    3.809723053403E+00   -9.044224231368E-02   -3.543201877479E-02   -2.287783640477E-03   -1.307743113028E-03    2.690220652669E+00   -3.078824878607E-02   -9.118719617744E-04
    2.113489130272E-01    6.543411299614E+00    3.528839482552E+00   -8.204415665727E-02   -3.038264116238E-02   -2.244562465615E-03   -1.230774444653E-03    2.526271012857E+00   -2.734894379428E-02   -8.780451379802E-04
    2.238721230814E-01    6.187107023451E+00    3.254608195489E+00   -7.363920736885E-02   -2.555593508965E-02   -2.188429821722E-03   -1.149038497526E-03    2.363246369178E+00   -2.397904105500E-02   -8.397572301162E-04
    2.371373799615E-01    5.827571776080E+00    2.987487805099E+00   -6.528140141214E-02   -2.098028505873E-02   -2.119099783442E-03   -1.062955524636E-03    2.201521248644E+00   -2.069997399104E-02   -7.970970989894E-04
    2.511886527050E-01    5.465786920487E+00    2.727995884692E+00   -5.702782515458E-02   -1.668360391776E-02   -2.036433079881E-03   -9.730797274797E-04    2.041506774607E+00   -1.753365915028E-02   -7.502305200089E-04
    2.660725156783E-01    5.102825554487E+00    2.476704974992E+00   -4.893843398146E-02   -1.269280404388E-02   -1.940466890657E-03   -8.801055242927E-04    1.883650971326E+00   -1.450226806136E-02   -6.994087237715E-04
    2.818383029529E-01    4.739859355452E+00    2.234237137603E+00   -4.107572843057E-02   -9.033191403202E-03   -1.831447153539E-03   -7.848711555339E-04    1.728438457295E+00   -1.162795021301E-02   -6.449765321250E-04
    2.985382718274E-01    4.378164680713E+00    2.001256797871E+00   -3.350428961945E-02   -5.727783059230E-03   -1.709862923369E-03   -6.883587179607E-04    1.576389379367E+00   -8.932498697383E-03   -5.873796746953E-04
    3.162277760400E-01    4.019127579757E+00    1.778461603599E+00   -2.629015691954E-02   -2.796549659334E-03   -1.576482227769E-03   -5.916895887792E-04    1.428057417974E+00   -6.436955690190E-03   -5.271708008094E-04
    3.349654492440E-01    3.664247291143E+00    1.566571015772E+00   -1.950001159717E-02   -2.555890391334E-04   -1.432388418612E-03   -4.961141019985E-04    1.284026672049E+00   -4.161152231128E-03   -4.650135566771E-04
    3.548133993551E-01    3.315137691717E+00    1.366312347070E+00   -1.320013892818E-02    1.883756161424E-03   -1.279015712776E-03   -4.029940895969E-04    1.144907209392E+00   -2.123181899208E-03   -4.016839880583E-04
    3.758374144141E-01    2.973526046274E+00    1.178403976498E+00   -7.455130902484E-03    3.615818729722E-03   -1.118182009432E-03   -3.137770280709E-04    1.011329047034E+00   -3.388058831707E-04   -3.380683706654E-04
    3.981071806482E-01    2.641248258980E+00    1.003535502422E+00   -2.326298469424E-03    4.941536312725E-03   -9.521164126617E-04   -2.299602932439E-04    8.839343069197E-01    1.179206536747E-03   -2.751564205190E-04
    4.216965134532E-01    2.320239658745E+00    8.423446561263E-01    2.130246716140E-03    5.869351470304E-03   -7.834780200934E-04   -1.530441936779E-04    7.633672777085E-01    2.421796847710E-03   -2.140286904978E-04
    4.466836020616E-01    2.012520149429E+00    6.953908975073E-01    5.865872441577E-03    6.416028540213E-03   -6.153614089389E-04   -8.447269008635E-05    6.502621068122E-01    3.384382541744E-03   -1.558367592320E-04
    4.731512687095E-01    1.720172321947E+00    5.631257643204E-01    8.842097266385E-03    6.607318310099E-03   -4.512829016178E-04   -2.556101542484E-05    5.452278517246E-01    4.067650314433E-03   -1.017747582512E-04
    5.011872431586E-01    1.445310851754E+00    4.458602650106E-01    1.103367046391E-02    6.478380241421E-03   -2.951398174712E-04    2.258964691856E-05    4.488306418239E-01    4.478347899851E-03   -5.304064809805E-05
    5.308844534858E-01    1.190041189524E+00    3.437299178609E-01    1.243205932017E-02    6.073849511200E-03   -1.511328329821E-04    5.918929174654E-05    3.615727498965E-01    4.630034537050E-03   -1.078559288897E-05
    5.623413341023E-01    9.564051825161E-01    2.566584695849E-01    1.304931229641E-02    5.447411245989E-03   -2.363873591395E-05    8.386477642031E-05    2.838684529652E-01    4.543732136963E-03    2.394996566977E-05
    5.956621520251E-01    7.463108448336E-01    1.843219262839E-01    1.292221438365E-02    4.660717055186E-03    8.298286776903E-05    9.676828837366E-05    2.160166946014E-01    4.248401984235E-03    5.031485558797E-05
    6.309573524797E-01    5.614429921091E-01    1.261153342225E-01    1.211657198943E-02    3.781453747534E-03    1.646693326960E-04    9.867848327497E-05    1.581707516492E-01    3.781143431249E-03    6.774084244562E-05
    6.683439249830E-01    4.031508934089E-01    8.112584811911E-02    1.073133244076E-02    2.880358245067E-03    2.180475448477E-04    9.107855876497E-05    1.103053945223E-01    3.186980301161E-03    7.605111834582E-05
    7.079457911159E-01    2.723084073223E-01    4.811709264381E-02    8.902020881515E-03    2.026973083982E-03    2.409718160137E-04    7.618704646390E-05    7.218242424637E-02    2.518055019095E-03    7.558151032772E-05
    7.498942152746E-01    1.691412692360E-01    2.553180161914E-02    6.802600141203E-03    1.283982536344E-03    2.332466989730E-04    5.690563388331E-05    4.331602254113E-02    1.831990860165E-03    6.730963633984E-05
    7.943282397597E-01    9.301521467739E-02    1.152236875770E-02    4.644149703049E-03    7.000984872858E-04    1.975791689065E-04    3.663255129891E-05    2.294010303619E-02    1.189085644804E-03    5.298265794307E-05
    8.413951456455E-01    4.217739722387E-02    4.022500601254E-03    2.667341451594E-03    3.017792902903E-04    1.407967781087E-04    1.886995096315E-05    9.980867204383E-03    6.478254999936E-04    3.522561844625E-05
    8.912509409587E-01    1.344197838996E-02    8.779450828923E-04    1.122415406796E-03    8.478576122252E-05    7.530431896377E-05    6.532078349989E-06    3.039126517551E-03    2.578001741456E-04    1.759193428017E-05
    9.440608777821E-01    1.808657316079E-03    6.071994362939E-05    2.209641164440E-04    8.339399997503E-06    2.039829263763E-05    8.581964190163E-07    3.887536934985E-04    4.781792833548E-05    4.445285173527E-06
