# Q1 =   100.0000 , Q2 =   500.0000
# x  F1Wp(LO) F1Wm(LO) F1Wp(NLO) F1Wm(NLO) F1Wp(NNLO) F1Wm(NNLO) F1Z(LO) F1Z(NLO) F1Z(NNLO)
    1.000000316960E-05    1.472676107207E+05    1.472471822284E+05   -2.574978728009E+03   -2.576655054319E+03   -5.151257213978E+01   -5.166393093681E+01    9.992590908119E+04   -2.050214117357E+03   -3.384387289413E+01
    1.059254059240E-05    1.382335869772E+05    1.382133923459E+05   -2.417085760730E+03   -2.418733495969E+03   -5.007708544901E+01   -5.022479261225E+01    9.379561438403E+04   -1.924552221399E+03   -3.323984425903E+01
    1.122018806381E-05    1.297538463866E+05    1.297338829401E+05   -2.268879738449E+03   -2.270499257926E+03   -4.862990287017E+01   -4.877403291697E+01    8.804144908799E+04   -1.806598837757E+03   -3.258781348409E+01
    1.188502598494E-05    1.217943795805E+05    1.217746446733E+05   -2.129766287516E+03   -2.131357962240E+03   -4.717740258703E+01   -4.731802877494E+01    8.264033481988E+04   -1.695880996864E+03   -3.189554883047E+01
    1.258925802843E-05    1.143232639324E+05    1.143037549495E+05   -1.999187504127E+03   -2.000751700864E+03   -4.572525336215E+01   -4.586244770461E+01    7.757060924653E+04   -1.591954760901E+03   -3.117007098423E+01
    1.333521844269E-05    1.073105355195E+05    1.072912498756E+05   -1.876619716598E+03   -1.878156797916E+03   -4.427847587774E+01   -4.441230916167E+01    7.281193918949E+04   -1.494403414669E+03   -3.041771410050E+01
    1.412537978909E-05    1.007280689404E+05    1.007090040801E+05   -1.761571384944E+03   -1.763081709259E+03   -4.284149930889E+01   -4.297204111287E+01    6.834523907083E+04   -1.402835822698E+03   -2.964418224529E+01
    1.496236113743E-05    9.454946450753E+04    9.453061790451E+04   -1.653581129336E+03   -1.655065050968E+03   -4.141821349287E+01   -4.154553220082E+01    6.415259436294E+04   -1.316884846186E+03   -2.885460156980E+01
    1.584893674715E-05    8.874994236075E+04    8.873131151778E+04   -1.552215879538E+03   -1.553673748750E+03   -4.001201699104E+01   -4.013617981103E+01    6.021718973527E+04   -1.236205873273E+03   -2.805356853067E+01
    1.678804526291E-05    8.330624307804E+04    8.328782552651E+04   -1.457069137874E+03   -1.458501300920E+03   -3.862586142254E+01   -3.874693440127E+01    5.652324160989E+04   -1.160475436865E+03   -2.724519446731E+01
    1.778279945500E-05    7.819653438467E+04    7.817832768427E+04   -1.367759348813E+03   -1.369166147985E+03   -3.726229217895E+01   -3.738034021818E+01    5.305593485524E+04   -1.089389917187E+03   -2.643314669109E+01
    1.883649653694E-05    7.340032358631E+04    7.338232532473E+04   -1.283928368522E+03   -1.285310142196E+03   -3.592348599851E+01   -3.603857287080E+01    4.980136336429E+04   -1.022664324016E+03   -2.562068650000E+01
    1.995262909442E-05    6.889837537520E+04    6.888058316780E+04   -1.205240028398E+03   -1.206597111078E+03   -3.461128547581E+01   -3.472347384158E+01    4.674647427863E+04   -9.600311536062E+02   -2.481070423601E+01
    2.113489666185E-05    6.467263467946E+04    6.465504616896E+04   -1.131378786699E+03   -1.132711509061E+03   -3.332723080276E+01   -3.343658222278E+01    4.387901563494E+04   -9.012393157501E+02   -2.400575158234E+01
    2.238721798482E-05    6.070615424630E+04    6.068876710248E+04   -1.062048462922E+03   -1.063357151856E+03   -3.207258892895E+01   -3.217916388180E+01    4.118748722366E+04   -8.460531266722E+02   -2.320807140919E+01
    2.371374400920E-05    5.698302666853E+04    5.696583858789E+04   -9.969710498276E+02   -9.982560284883E+02   -3.084838034152E+01   -3.095223823794E+01    3.866109446300E+04   -7.942513637313E+02   -2.241962523581E+01
    2.511887163984E-05    5.348832058176E+04    5.347132928727E+04   -9.358855983647E+02   -9.371471862082E+02   -2.965540364193E+01   -2.975660284022E+01    3.628970510300E+04   -7.456263780978E+02   -2.164211854992E+01
    2.660725831458E-05    5.020802077650E+04    5.019122401724E+04   -8.785471710109E+02   -8.797856838375E+02   -2.849425808519E+01   -2.859285590487E+01    3.406380858629E+04   -6.999832619005E+02   -2.087702411506E+01
    2.818383744181E-05    4.712897198472E+04    4.711236753564E+04   -8.247258593306E+02   -8.259416093302E+02   -2.736536423694E+01   -2.746141697402E+01    3.197447790228E+04   -6.571390664636E+02   -2.012560342282E+01
    2.985383475271E-05    4.423882611570E+04    4.422241177730E+04   -7.742058618255E+02   -7.753991576124E+02   -2.626898288209E+01   -2.636254582370E+01    3.001333378193E+04   -6.169220685128E+02   -1.938892646284E+01
    3.162278562252E-05    4.152599272927E+04    4.150976632730E+04   -7.267846183457E+02   -7.279557650061E+02   -2.520523237488E+01   -2.529635981296E+01    2.817251108949E+04   -5.791710814063E+02   -1.866788981563E+01
    3.349655341806E-05    3.897959254798E+04    3.896355193318E+04   -6.822719976321E+02   -6.834212967564E+02   -2.417410441233E+01   -2.426284965795E+01    2.644462727633E+04   -5.437348086268E+02   -1.796323336684E+01
    3.548134893245E-05    3.658941382160E+04    3.657355686942E+04   -6.404895346991E+02   -6.416172844408E+02   -2.317547853458E+01   -2.326189393190E+01    2.482275277040E+04   -5.104712369338E+02   -1.727555561328E+01
    3.758375097145E-05    3.434587136910E+04    3.433019597938E+04   -6.012697150036E+02   -6.023762101046E+02   -2.220913531524E+01   -2.229327225501E+01    2.330038318253E+04   -4.792470667931E+02   -1.660532771959E+01
    3.981072815955E-05    3.223996813360E+04    3.222447223035E+04   -5.644553025785E+02   -5.655408343995E+02   -2.127476839835E+01   -2.135667733170E+01    2.187141321809E+04   -4.499371776694E+02   -1.595290640742E+01
    4.216966203819E-05    3.026325909639E+04    3.024794062748E+04   -5.298987093058E+02   -5.309635658810E+02   -2.037199546129E+01   -2.045172591320E+01    2.053011218937E+04   -4.224241262110E+02   -1.531854578653E+01
    4.466837153263E-05    2.840781740495E+04    2.839267434187E+04   -4.974614029748E+02   -4.985058690473E+02   -1.950036820109E+01   -1.957796878349E+01    1.927110103050E+04   -3.965976751875E+02   -1.470240815953E+01
    4.731513886856E-05    2.666620257941E+04    2.665123291698E+04   -4.670133516201E+02   -4.680377086538E+02   -1.865938138519E+01   -1.873489981018E+01    1.808933072264E+04   -3.723543513241E+02   -1.410457394237E+01
    5.011873702437E-05    2.503143066973E+04    2.501663242583E+04   -4.384325019510E+02   -4.394370282460E+02   -1.784848109384E+01   -1.792196418692E+01    1.698006204301E+04   -3.495970302825E+02   -1.352505072032E+01
    5.308845881011E-05    2.349694624396E+04    2.348231745934E+04   -4.116042898074E+02   -4.125892604335E+02   -1.706707217627E+01   -1.713856588850E+01    1.593884655645E+04   -3.282345471479E+02   -1.296378152629E+01
    5.623414766941E-05    2.205659609535E+04    2.204213483329E+04   -3.864211806290E+02   -3.873868675270E+02   -1.631452500277E+01   -1.638407442451E+01    1.496150877325E+04   -3.081813306508E+02   -1.242065239772E+01
    5.956623030659E-05    2.070460456260E+04    2.069030890869E+04   -3.627822381239E+02   -3.637289101262E+02   -1.559018155656E+01   -1.565783092914E+01    1.404412940188E+04   -2.893570600972E+02   -1.189549925988E+01
    6.309575124703E-05    1.943555036446E+04    1.942141842638E+04   -3.405927194430E+02   -3.415206423159E+02   -1.489336097779E+01   -1.495915370618E+01    1.318302962912E+04   -2.716863430957E+02   -1.138811424287E+01
    6.683440944536E-05    1.824434485579E+04    1.823037476303E+04   -3.197636951089E+02   -3.206731315597E+02   -1.422336445841E+01   -1.428734312353E+01    1.237475636485E+04   -2.550984132108E+02   -1.089825133885E+01
    7.079459706283E-05    1.712621161765E+04    1.711240152127E+04   -3.002116923377E+02   -3.011029021090E+02   -1.357947973561E+01   -1.364168610665E+01    1.161606839218E+04   -2.395268461141E+02   -1.042563163491E+01
    7.498944054238E-05    1.607666729979E+04    1.606301537219E+04   -2.818583602747E+02   -2.827316000968E+02   -1.296098507447E+01   -1.302146012312E+01    1.090392336732E+04   -2.249092931575E+02   -9.969948023170E+00
    7.943284411759E-05    1.509150363859E+04    1.507800807328E+04   -2.646301556048E+02   -2.654856793104E+02   -1.236715283930E+01   -1.242593674146E+01    1.023546561716E+04   -2.111872313068E+02   -9.530869465748E+00
    8.413953589964E-05    1.416677057831E+04    1.415342958967E+04   -2.484580476819E+02   -2.492961061931E+02   -1.179725266766E+01   -1.185438483063E+01    9.608014685535E+03   -1.983057283930E+02   -9.108044881297E+00
    8.912511669514E-05    1.329876042803E+04    1.328557225108E+04   -2.332772415819E+02   -2.340980829553E+02   -1.125055431567E+01   -1.130607337946E+01    9.019054582319E+03   -1.862132227932E+02   -8.701106624094E+00
    9.440611171657E-05    1.248399299065E+04    1.247095588082E+04   -2.190269182133E+02   -2.198307876751E+02   -1.072633014603E+01   -1.078027399733E+01    8.466223692107E+03   -1.748613166180E+02   -8.309673683128E+00
    1.000000253568E-04    1.171920160437E+04    1.170631383727E+04   -2.056499903737E+02   -2.064371303469E+02   -1.022385738155E+01   -1.027626316512E+01    7.947305302123E+03   -1.642045815883E+02   -7.933354466567E+00
    1.059253992091E-04    1.100132004061E+04    1.098857991183E+04   -1.930928737526E+02   -1.938635238955E+02   -9.742419991461E+00   -9.793324121343E+00    7.460218711301E+03   -1.542003768262E+02   -7.571749397686E+00
    1.122018735254E-04    1.032747020587E+04    1.031487603076E+04   -1.813052720071E+02   -1.820596692432E+02   -9.281310430426E+00   -9.330748600925E+00    7.003010884894E+03   -1.448086778239E+02   -7.224453197734E+00
    1.188502523153E-04    9.694950598188E+03    9.682500711609E+03   -1.702399750141E+02   -1.709783535637E+02   -8.839831105067E+00   -8.887838301813E+00    6.573848621145E+03   -1.359919159080E+02   -6.891056936110E+00
    1.258925723037E-04    9.101225471832E+03    9.088918227986E+03   -1.598526695025E+02   -1.605752608985E+02   -8.417295648689E+00   -8.463906159458E+00    6.171011198591E+03   -1.277148275440E+02   -6.571149858115E+00
    1.333521759735E-04    8.543914666885E+03    8.531748439086E+03   -1.501017612970E+02   -1.508087944836E+02   -8.013030011868E+00   -8.058277437213E+00    5.792883474512E+03   -1.199443129323E+02   -6.264321023724E+00
    1.412537889366E-04    8.020784062830E+03    8.008757243301E+03   -1.409482085121E+02   -1.416399097688E+02   -7.626373386689E+00   -7.670290650624E+00    5.437949406846E+03   -1.126493031911E+02   -5.970160735601E+00
    1.496236018893E-04    7.529736617898E+03    7.517847617571E+03   -1.323553648935E+02   -1.330319579405E+02   -7.256678979725E+00   -7.299298340132E+00    5.104785973589E+03   -1.058006357813E+02   -5.688261815234E+00
    1.584893574245E-04    7.068803958215E+03    7.057051206526E+03   -1.242888328594E+02   -1.249505388679E+02   -6.903314649743E+00   -6.944667708749E+00    4.792057465284E+03   -9.937093751504E+01   -5.418220725878E+00
    1.678804419868E-04    6.636138483024E+03    6.624520427721E+03   -1.167163255147E+02   -1.173633631370E+02   -6.565663411724E+00   -6.605781125944E+00    4.498510127711E+03   -9.333451478143E+01   -5.159638582051E+00
    1.778279832772E-04    6.230005954316E+03    6.218521061263E+03   -1.096075371408E+02   -1.102401225400E+02   -6.243123879311E+00   -6.282036569956E+00    4.222967133293E+03   -8.766725047780E+01   -4.912121944884E+00
    1.883649534286E-04    5.848778541143E+03    5.837425294130E+03   -1.029340216277E+02   -1.035523685107E+02   -5.935110509839E+00   -5.972847872723E+00    3.964323861044E+03   -8.234650728193E+01   -4.675283599342E+00
    1.995262782958E-04    5.490928290719E+03    5.479705191273E+03   -9.666907838542E+01   -9.727339802154E+01   -5.641053858950E+00   -5.677644974378E+00    3.721543466133E+03   -7.735103684309E+01   -4.448743175523E+00
    2.113489532207E-04    5.155021000120E+03    5.143926567319E+03   -9.078764522092E+01   -9.137814646818E+01   -5.360400705483E+00   -5.395874048061E+00    3.493652721283E+03   -7.266089459413E+01   -4.232127684737E+00
    2.238721656565E-04    4.839710464002E+03    4.828743234296E+03   -8.526619781791E+01   -8.584308717447E+01   -5.092614115340E+00   -5.126997563618E+00    3.279738113340E+03   -6.825735969859E+01   -4.025071968893E+00
    2.371374250594E-04    4.543733075269E+03    4.532891602298E+03   -8.008265534426E+01   -8.064613697458E+01   -4.837173441918E+00   -4.870494287979E+00    3.078942179346E+03   -6.412285999989E+01   -3.827219071981E+00
    2.511887004750E-04    4.265902757031E+03    4.255185611451E+03   -7.521629195006E+01   -7.576656767325E+01   -4.593574270735E+00   -4.625859229641E+00    2.890460067424E+03   -6.024090153060E+01   -3.638220541048E+00
    2.660725662789E-04    4.005106205527E+03    3.994511974837E+03   -7.064765355038E+01   -7.118492290722E+01   -4.361328311907E+00   -4.392603531060E+00    2.713536308674E+03   -5.659600235586E+01   -3.457736661129E+00
    2.818383565518E-04    3.760298424934E+03    3.749825713303E+03   -6.635847982245E+01   -6.688294009265E+01   -4.139963261488E+00   -4.170254329864E+00    2.547461787148E+03   -5.317363047604E+01   -3.285436645036E+00
    2.985383286022E-04    3.530498536145E+03    3.520145964247E+03   -6.233163096074E+01   -6.284347718556E+01   -3.929022599887E+00   -3.958354557188E+00    2.391570895734E+03   -4.996014553760E+01   -3.120998747946E+00
    3.162278361789E-04    3.314785842718E+03    3.304552047569E+03   -5.855101891268E+01   -5.905044392414E+01   -3.728065382470E+00   -3.756462728163E+00    2.245238866551E+03   -4.694274413009E+01   -2.964110360474E+00
    3.349655129464E-04    3.112296138202E+03    3.102179772998E+03   -5.500154284480E+01   -5.548873729233E+01   -3.536665988686E+00   -3.564152690946E+00    2.107879265145E+03   -4.410940842038E+01   -2.814468038582E+00
    3.548134668321E-04    2.922218240048E+03    2.912217974007E+03   -5.166902856635E+01   -5.214418094314E+01   -3.354413840079E+00   -3.381013344626E+00    1.978941638436E+03   -4.144885795979E+01   -2.671777549165E+00
    3.758374858894E-04    2.743790736180E+03    2.733905254387E+03   -4.854017166818E+01   -4.900346833193E+01   -3.180913145232E+00   -3.206648384078E+00    1.857909306983E+03   -3.895050442016E+01   -2.535753783439E+00
    3.981072563587E-04    2.576298931200E+03    2.566526934456E+03   -4.560248415818E+01   -4.605410937353E+01   -3.015782530660E+00   -3.040675930733E+00    1.744297292708E+03   -3.660440917162E+01   -2.406120742908E+00
    4.216965936497E-04    2.419071979957E+03    2.409412184631E+03   -4.284424435571E+01   -4.328438030305E+01   -2.858654755290E+00   -2.882728246987E+00    1.637650373773E+03   -3.440124335814E+01   -2.282611448970E+00
    4.466836870101E-04    2.271480197002E+03    2.261931334884E+03   -4.025444987003E+01   -4.068327668250E+01   -2.709176363817E+00   -2.732451389465E+00    1.537541258805E+03   -3.233225051799E+01   -2.164967841171E+00
    4.731513586915E-04    2.132932531125E+03    2.123493349284E+03   -3.782277348469E+01   -3.824046926059E+01   -2.567007341011E+00   -2.589504863206E+00    1.443568873145E+03   -3.038921145306E+01   -2.052940656167E+00
    5.011873384724E-04    2.002874194847E+03    1.993543455496E+03   -3.553952169332E+01   -3.594626251651E+01   -2.431820753182E+00   -2.453561271232E+00    1.355356750251E+03   -2.856441126227E+01   -1.946289282643E+00
    5.308845544473E-04    1.880784439366E+03    1.871560919724E+03   -3.339559583647E+01   -3.379155583572E+01   -2.303302412801E+00   -2.324305938194E+00    1.272551521799E+03   -2.685060839766E+01   -1.844781640732E+00
    5.623414410462E-04    1.766174466024E+03    1.757056958180E+03   -3.138245559467E+01   -3.176780693673E+01   -2.181150489116E+00   -2.201436602653E+00    1.194821500429E+03   -2.524100561558E+01   -1.748193971091E+00
    5.956622653057E-04    1.658585465918E+03    1.649572776711E+03   -2.949208472693E+01   -2.986699765028E+01   -2.065075159034E+00   -2.084662986109E+00    1.121855349452E+03   -2.372922272834E+01   -1.656310693184E+00
    6.309574724727E-04    1.557586779807E+03    1.548677730691E+03   -2.771695891163E+01   -2.808160175416E+01   -1.954798246633E+00   -1.973706473287E+00    1.053360834178E+03   -2.230927099136E+01   -1.568924215077E+00
    6.683440520859E-04    1.462774170906E+03    1.453967597838E+03   -2.605001556045E+01   -2.640455477361E+01   -1.850052860091E+00   -1.868299740853E+00    9.890636498615E+02   -2.097552910124E+01   -1.485834744573E+00
    7.079459257502E-04    1.373768203675E+03    1.365062956989E+03   -2.448462548160E+01   -2.482922565904E+01   -1.750583032955E+00   -1.768186398532E+00    9.287063215598E+02   -1.972272063149E+01   -1.406850095046E+00
    7.498943578865E-04    1.290212722068E+03    1.281607666366E+03   -2.301456629627E+01   -2.334939021857E+01   -1.656143368600E+00   -1.673120633532E+00    8.720471714959E+02   -1.854589289562E+01   -1.331785487138E+00
    7.943283908219E-04    1.211773421162E+03    1.203267435199E+03   -2.163399745693E+01   -2.195920607761E+01   -1.566498688804E+00   -1.582866859000E+00    8.188593497795E+02   -1.744039705857E+01   -1.260463347534E+00
    8.413953056587E-04    1.138136506417E+03    1.129728482997E+03   -2.033743682768E+01   -2.065318931431E+01   -1.481423687170E+00   -1.497199367377E+00    7.689299246016E+02   -1.640186949343E+01   -1.192713105904E+00
    8.912511104532E-04    1.069007435213E+03    1.060696281086E+03   -1.911973867942E+01   -1.942619246490E+01   -1.400702587992E+00   -1.415901989167E+00    7.220590282523E+02   -1.542621431246E+01   -1.128370988535E+00
    9.440610573198E-04    1.004109735593E+03    9.958943713532E+02   -1.797607307543E+01   -1.827338383106E+01   -1.324128801519E+00   -1.338767748113E+00    6.780590555369E+02   -1.450958688637E+01   -1.067279815814E+00
    1.000000190176E-03    9.431838974895E+02    9.350632574833E+02   -1.690190644700E+01   -1.719022813871E+01   -1.251504634439E+00   -1.265598578696E+00    6.367539113748E+02   -1.364837846024E+01   -1.009288814176E+00
    1.059253924943E-03    8.859863319812E+02    8.779593642145E+02   -1.589298343568E+01   -1.617246833935E+01   -1.182640915154E+00   -1.196204916071E+00    5.979783045646E+02   -1.283920167059E+01   -9.542533844428E-01
    1.122018664127E-03    8.322883944057E+02    8.243540604579E+02   -1.494530981209E+01   -1.521610853694E+01   -1.117356683370E+00   -1.130405455913E+00    5.615770848814E+02   -1.207887695958E+01   -9.020349030877E-01
    1.188502447811E-03    7.818754674134E+02    7.740327423553E+02   -1.405513645039E+01   -1.431739796338E+01   -1.055478951987E+00   -1.068026846024E+00    5.274046208481E+02   -1.136441982279E+01   -8.525005553612E-01
    1.258925643231E-03    7.345461002810E+02    7.267939725969E+02   -1.321894428578E+01   -1.347281592966E+01   -9.968423214259E-01   -1.008903335586E+00    4.953242156851E+02   -1.069302883935E+01   -8.055231126697E-01
    1.333521675200E-03    6.901112010345E+02    6.824486725490E+02   -1.243343019507E+01   -1.267905771929E+01   -9.412887347703E-01   -9.528765232829E-01    4.652075590956E+02   -1.006207442997E+01   -7.609807464629E-01
    1.412537799822E-03    6.483932781413E+02    6.408193639509E+02   -1.169549374343E+01   -1.193302132206E+01   -8.886671839953E-01   -8.997950634299E-01    4.369342126885E+02   -9.469088337540E+00   -7.187568316388E-01
    1.496235924044E-03    6.092257287291E+02    6.017394571390E+02   -1.100222474432E+01   -1.123179499448E+01   -8.388334342935E-01   -8.495143902291E-01    4.103911269728E+02   -8.911753687291E+00   -6.787397893610E-01
    1.584893473776E-03    5.724521704781E+02    5.650525829433E+02   -1.035089157388E+01   -1.057264560586E+01   -7.916497564367E-01   -8.018964500512E-01    3.854721879896E+02   -8.387895722672E+00   -6.408228611431E-01
    1.678804313446E-03    5.379258145050E+02    5.306119655776E+02   -9.738930245840E+00   -9.953007640877E+00   -7.469846671899E-01   -7.568094417847E-01    3.620777917602E+02   -7.895473076642E+00   -6.049039605115E-01
    1.778279720043E-03    5.055088767258E+02    4.982798340070E+02   -9.163934072295E+00   -9.370472936583E+00   -7.047126774882E-01   -7.141275649261E-01    3.401144448450E+02   -7.432569585058E+00   -5.708854913701E-01
    1.883649414877E-03    4.750720253345E+02    4.679268694320E+02   -8.623644032236E+00   -8.822781019212E+00   -6.647140519159E-01   -6.737307770752E-01    3.194943894111E+02   -6.997386602323E+00   -5.386741814118E-01
    1.995262656475E-03    4.464938621821E+02    4.394316866743E+02   -8.115939714765E+00   -8.307810039821E+00   -6.268745611796E-01   -6.355045559495E-01    3.001352513047E+02   -6.588235788471E+00   -5.081809055328E-01
    2.113489398229E-03    4.196604359772E+02    4.126803473822E+02   -7.638830799250E+00   -7.823568265985E+00   -5.910852755221E-01   -5.993396751939E-01    2.819597097156E+02   -6.203532338740E+00   -4.793205457718E-01
    2.238721514648E-03    3.944647853536E+02    3.875659031048E+02   -7.190449071872E+00   -7.368186095526E+00   -5.572423259046E-01   -5.651319762443E-01    2.648951871115E+02   -5.841788628509E+00   -4.520118171030E-01
    2.371374100268E-03    3.708065099736E+02    3.639879664020E+02   -6.769040929163E+00   -6.939908560166E+00   -5.252466947527E-01   -5.327821663451E-01    2.488735581952E+02   -5.501608239249E+00   -4.261771190177E-01
    2.511886845517E-03    3.485913679466E+02    3.418523082699E+02   -6.372960332889E+00   -6.537088280500E+00   -4.950040186849E-01   -5.021956061903E-01    2.338308767207E+02   -5.181680395204E+00   -4.017423960783E-01
    2.660725494121E-03    3.277308979484E+02    3.210704802661E+02   -6.000662239762E+00   -6.158178895944E+00   -4.664243826857E-01   -4.732821138096E-01    2.197071190695E+02   -4.880774658885E+00   -3.786369888745E-01
    2.818383386855E-03    3.081420645244E+02    3.015594598214E+02   -5.650696348866E+00   -5.801728812213E+00   -4.394221376808E-01   -4.459557738063E-01    2.064459435610E+02   -4.597736001309E+00   -3.567934975728E-01
    2.985383096773E-03    2.897469251566E+02    2.832413173132E+02   -5.321701317990E+00   -5.466375414821E+00   -4.139157036585E-01   -4.201347535856E-01    1.939944645300E+02   -4.331480235516E+00   -3.361476483028E-01
    3.162278161326E-03    2.724723177559E+02    2.660429035664E+02   -5.012399292023E+00   -5.150839610252E+00   -3.898274059611E-01   -3.957411264130E-01    1.823030402664E+02   -4.080989589375E+00   -3.166381639397E-01
    3.349654917123E-03    2.562495673296E+02    2.498955565288E+02   -4.721590775530E+00   -4.853920679588E+00   -3.670832984819E-01   -3.727007001436E-01    1.713250739657E+02   -3.845308669325E+00   -2.982066392484E-01
    3.548134443398E-03    2.410142106449E+02    2.347348259431E+02   -4.448149817323E+00   -4.574491478883E+00   -3.456130003342E-01   -3.509428574582E-01    1.610168268921E+02   -3.623540621151E+00   -2.807974194307E-01
    3.758374620643E-03    2.267057377859E+02    2.205002149129E+02   -4.191019502968E+00   -4.311493918293E+00   -3.253495421551E-01   -3.304003922374E-01    1.513372430062E+02   -3.414843535047E+00   -2.643574873945E-01
    3.981072311218E-03    2.132673495663E+02    2.071349373250E+02   -3.949207698525E+00   -4.063934721881E+00   -3.062292097599E-01   -3.110093631452E-01    1.422477843509E+02   -3.218427071334E+00   -2.488363466174E-01
    4.216965669175E-03    2.006457298264E+02    1.945856901555E+02   -3.721783080645E+00   -3.830881447374E+00   -2.881914001934E-01   -2.927089440593E-01    1.337122765386E+02   -3.033549293060E+00   -2.341859143297E-01
    4.466836586940E-03    1.887908316991E+02    1.828024397470E+02   -3.507871397490E+00   -3.611458750160E+00   -2.711784846592E-01   -2.754412892093E-01    1.256967637186E+02   -2.859513692913E+00   -2.203604197233E-01
    4.731513286975E-03    1.776556769900E+02    1.717382211984E+02   -3.306651961491E+00   -3.404844876428E+00   -2.551356719750E-01   -2.591513958313E-01    1.181693724419E+02   -2.695666402472E+00   -2.073163016125E-01
    5.011873067012E-03    1.671961678647E+02    1.613489500645E+02   -3.117354357262E+00   -3.210268371499E+00   -2.400108827562E-01   -2.437869763143E-01    1.111001838795E+02   -2.541393572671E+00   -1.950121119649E-01
    5.308845207934E-03    1.573709100908E+02    1.515932456089E+02   -2.939255342529E+00   -3.027004981162E+00   -2.257546223692E-01   -2.292983362212E-01    1.044611138806E+02   -2.396118909314E+00   -1.834084244508E-01
    5.623414053982E-03    1.481410471227E+02    1.424322649020E+02   -2.771675983338E+00   -2.854374787549E+00   -2.123198652998E-01   -2.156382533599E-01    9.822580038999E+01   -2.259301387702E+00   -1.724677425638E-01
    5.956622275455E-03    1.394701043661E+02    1.338295470978E+02   -2.613978876524E+00   -2.691739434602E+00   -1.996619411665E-01   -2.027618663803E-01    9.236949777200E+01   -2.130433052257E+00   -1.621544156691E-01
    6.309574324750E-03    1.313238429961E+02    1.257508672667E+02   -2.465565631080E+00   -2.538499598970E+00   -1.877384261019E-01   -1.906265655899E-01    8.686897761937E+01   -2.009037002880E+00   -1.524345560106E-01
    6.683440097183E-03    1.236701227445E+02    1.181640991964E+02   -2.325874462059E+00   -2.394092599154E+00   -1.765090387058E-01   -1.791918893007E-01    8.170243564749E+01   -1.894665487181E+00   -1.432759594919E-01
    7.079458808720E-03    1.164787731043E+02    1.110390866121E+02   -2.194377928966E+00   -2.257990132667E+00   -1.659355407961E-01   -1.684194223571E-01    7.684940430125E+01   -1.786898101696E+00   -1.346480300284E-01
    7.498943103492E-03    1.097214724348E+02    1.043475222977E+02   -2.070580836934E+00   -2.129696165970E+00   -1.559816403670E-01   -1.582727034223E-01    7.229067072389E+01   -1.685340113649E+00   -1.265217049654E-01
    7.943283404678E-03    1.033716344856E+02    9.806283463656E+01   -1.954018242406E+00   -2.008744950956E+00   -1.466129027480E-01   -1.487171317520E-01    6.800819975976E+01   -1.589620872603E+00   -1.188693875170E-01
    8.413952523210E-03    9.740430187977E+01    9.216008111259E+01   -1.844253584991E+00   -1.894699154909E+00   -1.377966615092E-01   -1.397198798641E-01    6.398506168034E+01   -1.499392365045E+00   -1.116648779682E-01
    8.912510539550E-03    9.179604613244E+01    8.661584834794E+01   -1.740876973799E+00   -1.787148147916E+00   -1.295019349331E-01   -1.312498114405E-01    6.020536434557E+01   -1.414327768281E+00   -1.048833093900E-01
    9.440609974739E-03    8.652487380318E+01    8.140815827515E+01   -1.643503494120E+00   -1.685706309960E+00   -1.216993474482E-01   -1.232773989691E-01    5.665418952767E+01   -1.334120182507E+00   -9.850108735128E-02
    1.000000126784E-02    8.157013840534E+01    7.651638006773E+01   -1.551771702964E+00   -1.590011527626E+00   -1.143610509755E-01   -1.157746488314E-01    5.331753314214E+01   -1.258481395989E+00   -9.249582868109E-02
    1.059253857795E-02    7.691245771958E+01    7.192114747595E+01   -1.465342174476E+00   -1.499723740381E+00   -1.074606531614E-01   -1.087150277508E-01    5.018224914646E+01   -1.187140732219E+00   -8.684630629723E-02
    1.122018593000E-02    7.253363618021E+01    6.760428123682E+01   -1.383896143265E+00   -1.414523584850E+00   -1.009731475394E-01   -1.020733928940E-01    4.723599688156E+01   -1.119843982153E+00   -8.153239464085E-02
    1.188502372469E-02    6.841659202352E+01    6.354871624716E+01   -1.307134230787E+00   -1.334111119778E+00   -9.487484602821E-02   -9.582592501592E-02    4.446719164522E+01   -1.056352373407E+00   -7.653501765137E-02
    1.258925563425E-02    6.454528890422E+01    5.973843320673E+01   -1.234775250439E+00   -1.258204642387E+00   -8.914331555883E-02   -8.995006466297E-02    4.186495829825E+01   -9.964416316213E-01   -7.183609946668E-02
    1.333521590666E-02    6.090467170836E+01    5.615839445911E+01   -1.166555083738E+00   -1.186539552199E+00   -8.375731695786E-02   -8.442445110029E-02    3.941908771871E+01   -9.399010851389E-01   -6.741851642537E-02
    1.412537710278E-02    5.748060630427E+01    5.279448377212E+01   -1.102225636505E+00   -1.118867310224E+00   -7.869674676703E-02   -7.922886417237E-02    3.711999592916E+01   -8.865328276936E-01   -6.326605157224E-02
    1.496235829195E-02    5.425982299005E+01    4.963344981675E+01   -1.041553837695E+00   -1.054954449710E+00   -7.394258123501E-02   -7.434416859081E-02    3.495868573305E+01   -8.361509326831E-01   -5.936335163527E-02
    1.584893373306E-02    5.122986341098E+01    4.666285311790E+01   -9.843207217257E-01   -9.945816505739E-01   -6.947682372575E-02   -6.975226084318E-02    3.292671070637E+01   -7.885807159411E-01   -5.569588503174E-02
    1.678804207023E-02    4.837903073587E+01    4.387101626535E+01   -9.303205563501E-01   -9.375428709373E-01   -6.528245360296E-02   -6.543601847909E-02    3.101614140142E+01   -7.436580439016E-01   -5.224990218309E-02
    1.778279607314E-02    4.569634288959E+01    4.124697718376E+01   -8.793600267024E-01   -8.836445325055E-01   -6.134337784764E-02   -6.137925179693E-02    2.921953362546E+01   -7.012286845724E-01   -4.901239746697E-02
    1.883649295469E-02    4.317148865680E+01    3.878044527573E+01   -8.312574699719E-01   -8.327047565392E-01   -5.764438437482E-02   -5.756665722991E-02    2.752989866843E+01   -6.611476987384E-01   -4.597107288139E-02
    1.995262529991E-02    4.079478648106E+01    3.646176026234E+01   -7.858421503968E-01   -7.845526471847E-01   -5.417109979117E-02   -5.398377341917E-02    2.594067536058E+01   -6.232788688065E-01   -4.311430339028E-02
    2.113489264250E-02    3.855714579372E+01    3.428185355592E+01   -7.429536141982E-01   -7.390276128763E-01   -5.090994434676E-02   -5.061694076576E-02    2.444570384759E+01   -5.874941642524E-01   -4.043110335598E-02
    2.238721372731E-02    3.645003071816E+01    3.223221201064E+01   -7.024410147606E-01   -6.959787630283E-01   -4.784809370831E-02   -4.745325826794E-02    2.303920097860E+01   -5.536732347316E-01   -3.791109538819E-02
    2.371373949942E-02    3.446542600397E+01    3.030484390561E+01   -6.641625502552E-01   -6.552642783592E-01   -4.497344049312E-02   -4.448054742348E-02    2.171573720833E+01   -5.217029414295E-01   -3.554447969158E-02
    2.511886686283E-02    3.259580505724E+01    2.849224702565E+01   -6.279849006124E-01   -6.167508770465E-01   -4.227455617144E-02   -4.168731513989E-02    2.047021492223E+01   -4.914769294660E-01   -3.332200519593E-02
    2.660725325452E-02    3.083409993370E+01    2.678737870932E+01   -5.937827078498E-01   -5.803133009247E-01   -3.974065836024E-02   -3.906271897657E-02    1.929784809516E+01   -4.628951864272E-01   -3.123494191070E-02
    2.818383208192E-02    2.917367318082E+01    2.518362774738E+01   -5.614380901311E-01   -5.458338212034E-01   -3.736157580847E-02   -3.659653396307E-02    1.819414320539E+01   -4.358636741074E-01   -2.927505461931E-02
    2.985382907523E-02    2.760829141367E+01    2.367478801786E+01   -5.308401794613E-01   -5.132017852566E-01   -3.512771800276E-02   -3.427912098367E-02    1.715488132600E+01   -4.102939600968E-01   -2.743457764377E-02
    3.162277960863E-02    2.613210051975E+01    2.225503375281E+01   -5.018847034914E-01   -4.823131902595E-01   -3.303004334877E-02   -3.210139664815E-02    1.617610132278E+01   -3.861028773925E-01   -2.570619082602E-02
    3.349654704782E-02    2.473960239381E+01    2.091889633771E+01   -4.744735795770E-01   -4.530702841236E-01   -3.106003133875E-02   -3.005480459055E-02    1.525408409125E+01   -3.632122057271E-01   -2.408299659667E-02
    3.548134218475E-02    2.342563311178E+01    1.966124255157E+01   -4.485145423763E-01   -4.253811919891E-01   -2.920965478689E-02   -2.813128813704E-02    1.438533777072E+01   -3.415483732372E-01   -2.255849810946E-02
    3.758374382392E-02    2.218534245526E+01    1.847725416020E+01   -4.239207940147E-01   -3.991595667867E-01   -2.747135338512E-02   -2.632326425417E-02    1.356658387579E+01   -3.210421772378E-01   -2.112657834339E-02
    3.981072058850E-02    2.101417470533E+01    1.736240878136E+01   -4.006106778515E-01   -3.743242626019E-01   -2.583800928979E-02   -2.462359879116E-02    1.279474429001E+01   -3.016285232762E-01   -1.978148003945E-02
    4.216965401853E-02    1.990785063215E+01    1.631246194616E+01   -3.785073736116E-01   -3.507990292412E-01   -2.430292250127E-02   -2.302558289914E-02    1.206692907106E+01   -2.832461810371E-01   -1.851778765830E-02
    4.466836303778E-02    1.886235060766E+01    1.532343028478E+01   -3.575386131968E-01   -3.285122268719E-01   -2.285978873199E-02   -2.152291060979E-02    1.138042501829E+01   -2.658375554080E-01   -1.733040754417E-02
    4.731512987035E-02    1.787389877576E+01    1.439157576969E+01   -3.376364130034E-01   -3.073965594994E-01   -2.150267768836E-02   -2.010965752177E-02    1.073268495770E+01   -2.493484771906E-01   -1.621455238165E-02
    5.011872749299E-02    1.693894821725E+01    1.351339095372E+01   -3.187368400622E-01   -2.873888251604E-01   -2.022601265829E-02   -1.878026048937E-02    1.012131770180E+01   -2.337279987818E-01   -1.516572403968E-02
    5.308844871396E-02    1.605416705556E+01    1.268558514408E+01   -3.007797641812E-01   -2.684296878832E-01   -1.902455060284E-02   -1.752949864732E-02    9.544078645664E+00   -2.189282125381E-01   -1.417969800715E-02
    5.623413697503E-02    1.521642544274E+01    1.190507145744E+01   -2.837086605609E-01   -2.504634540444E-01   -1.789336431149E-02   -1.635247478765E-02    8.998860960423E+00   -2.049040771218E-01   -1.325250901727E-02
    5.956621897853E-02    1.442278338229E+01    1.116895470474E+01   -2.674704016004E-01   -2.334378759154E-01   -1.682782422065E-02   -1.524459833330E-02    8.483687351505E+00   -1.916132566156E-01   -1.238043630056E-02
    6.309573924774E-02    1.367047934010E+01    1.047452005714E+01   -2.520150951379E-01   -2.173039611909E-01   -1.582358204890E-02   -1.420156889641E-02    7.996702348614E+00   -1.790159708176E-01   -1.155999068000E-02
    6.683439673506E-02    1.295691960087E+01    9.819222448137E+00   -2.372958964760E-01   -2.020157975578E-01   -1.487655485537E-02   -1.321936078864E-02    7.536165097552E+00   -1.670748560585E-01   -1.078790178402E-02
    7.079458359939E-02    1.227966833070E+01    9.200676669470E+00   -2.232688673563E-01   -1.875303888278E-01   -1.398291072959E-02   -1.229420838708E-02    7.100442625981E+00   -1.557548359149E-01   -1.006110604973E-02
    7.498942628119E-02    1.163643831015E+01    8.616648120885E+00   -2.098928339250E-01   -1.738075004072E-01   -1.313905392999E-02   -1.142259228373E-02    6.688003557162E+00   -1.450230011904E-01   -9.376735370548E-03
    7.943282901137E-02    1.102508230475E+01    8.065044175441E+00   -1.971292596805E-01   -1.608095230787E-01   -1.234161226466E-02   -1.060122634015E-02    6.297412247193E+00   -1.348484986926E-01   -8.732106394053E-03
    8.413951989832E-02    1.044358504105E+01    7.543906128261E+00   -1.849421296741E-01   -1.485013294815E-01   -1.158742466626E-02   -9.827045294597E-03    5.927323323920E+00   -1.252024281129E-01   -8.124710424872E-03
    8.912509974568E-02    9.890055764094E+00    7.051401692182E+00   -1.732978544033E-01   -1.368501557572E-01   -1.087352959978E-02   -9.097193670204E-03    5.576476606261E+00   -1.160577465593E-01   -7.552203934828E-03
    9.440609376280E-02    9.362721350288E+00    6.585818010636E+00   -1.621651680413E-01   -1.258254821866E-01   -1.019715480139E-02   -8.409014366183E-03    5.243692384774E+00   -1.073891795104E-01   -7.012399592901E-03
    1.000000063392E-01    8.859919954458E+00    6.145555157614E+00   -1.515150546109E-01   -1.153989222268E-01   -9.555706765021E-03   -7.760038995912E-03    4.927867045558E+00   -9.917314184444E-02   -6.503258230433E-03
    1.059253790647E-01    8.380095172856E+00    5.729120097084E+00   -1.413206803625E-01   -1.055441161737E-01   -8.946762520697E-03   -7.147978256691E-03    4.627969021326E+00   -9.138765760726E-02   -6.022880620662E-03
    1.122018521873E-01    7.921790704174E+00    5.335121070264E+00   -1.315573303969E-01   -9.623663495016E-02   -8.368060980512E-03   -6.570713355104E-03    4.343035052147E+00   -8.401229292371E-02   -5.569500570909E-03
    1.188502297128E-01    7.483645496809E+00    4.962262390428E+00   -1.222023618470E-01   -8.745387583829E-02   -7.817496118949E-03   -6.026287495737E-03    4.072166744398E+00   -7.702808936957E-02   -5.141478225425E-03
    1.258925483619E-01    7.064389370797E+00    4.609339615359E+00   -1.132351573085E-01   -7.917497715952E-02   -7.293110002457E-03   -5.512898369159E-03    3.814527412904E+00   -7.041750585682E-02   -4.737293837829E-03
    1.333521506131E-01    6.662839104210E+00    4.275235070234E+00   -1.046371071636E-01   -7.138071735137E-02   -6.793088313325E-03   -5.028891125468E-03    3.569339192668E+00   -6.416435684609E-02   -4.355542348521E-03
    1.412537620735E-01    6.277894976552E+00    3.958913694857E+00   -9.639157905559E-02   -6.405343273990E-02   -6.315755410663E-03   -4.572750074290E-03    3.335880407847E+00   -5.825376154017E-02   -3.994927956710E-03
    1.496235734345E-01    5.908537770746E+00    3.659419193873E+00   -8.848390075027E-02   -5.717691052831E-02   -5.859570575830E-03   -4.143099819226E-03    3.113483190003E+00   -5.267209210260E-02   -3.654259724555E-03
    1.584893272837E-01    5.553826209275E+00    3.375870441931E+00   -8.090135949391E-02   -5.073630791490E-02   -5.423126192242E-03   -3.738684318409E-03    2.901531320161E+00   -4.740692290118E-02   -3.332447248576E-03
    1.678804100600E-01    5.212894849940E+00    3.107458140501E+00   -7.363319354414E-02   -4.471804473885E-02   -5.005145829300E-03   -3.358376539186E-03    2.699458300446E+00   -4.244697920153E-02   -3.028497363965E-03
    1.778279494585E-01    4.884952415404E+00    2.853441670186E+00   -6.667059697187E-02   -3.910969974828E-02   -4.604484131364E-03   -3.001165155875E-03    2.506745626430E+00   -3.778209085756E-02   -2.741509752239E-03
    1.883649176061E-01    4.569280561234E+00    2.613146110106E+00   -6.000672236746E-02   -3.389989725454E-02   -4.220127455492E-03   -2.666150477558E-03    2.322921250571E+00   -3.340313888944E-02   -2.470675218624E-03
    1.995262403507E-01    4.265233074791E+00    2.385959380715E+00   -5.363668682506E-02   -2.907818561950E-02   -3.851195856220E-03   -2.352539090074E-03    2.147558217960E+00   -2.930200054772E-02   -2.215272336012E-03
    2.113489130272E-01    3.972235494734E+00    2.171329462059E+00   -4.755756901393E-02   -2.463490436238E-02   -3.496945698059E-03   -2.059637741623E-03    1.980273453189E+00   -2.547148986558E-02   -1.974665074583E-03
    2.238721230814E-01    3.689785135644E+00    1.968761632807E+00   -4.176840450679E-02   -2.056103487479E-02   -3.156773588551E-03   -1.786847230473E-03    1.820726673294E+00   -2.190529349390E-02   -1.748300659393E-03
    2.371373799615E-01    3.417451493779E+00    1.777815667130E+00   -3.627016751704E-02   -1.684803789274E-02   -2.830221320751E-03   -1.533655179744E-03    1.668619396201E+00   -1.859789441020E-02   -1.535707187509E-03
    2.511886527050E-01    3.154876998573E+00    1.598102916994E+00   -3.106573332603E-02   -1.348767184750E-02   -2.516981106888E-03   -1.299628265819E-03    1.523694007443E+00   -1.554448840582E-02   -1.336491334335E-03
    2.660725156783E-01    2.901778059114E+00    1.429283196593E+00   -2.615981775733E-02   -1.047178983874E-02   -2.216901719244E-03   -1.084402851857E-03    1.385732839485E+00   -1.274088384023E-02   -1.150335753683E-03
    2.818383029529E-01    2.657946333851E+00    1.271061373298E+00   -2.155888168055E-02   -7.792116052553E-03   -1.929994621730E-03   -8.876742602264E-04    1.254557207533E+00   -1.018338656087E-02   -9.769958725706E-04
    2.985382718274E-01    2.423250125595E+00    1.123183556288E+00   -1.727099237802E-02   -5.439996786599E-03   -1.656439786084E-03   -7.091839897824E-04    1.130026333362E+00   -7.868663757207E-03   -8.162960507836E-04
    3.162277760400E-01    2.197635768470E+00    9.854327598836E-01   -1.330562601600E-02   -3.406128795601E-03   -1.396590650776E-03   -5.487046348812E-04    1.012036073396E+00   -5.793584682426E-03   -6.681245914474E-04
    3.349654492440E-01    1.981128830827E+00    8.576239045473E-01   -9.673400473485E-03   -1.680262914970E-03   -1.150977064595E-03   -4.060219392542E-04    9.005173499418E-01   -3.955032793147E-03   -5.324273263375E-04
    3.548133993551E-01    1.773834901818E+00    7.395980057395E-01   -6.385719043093E-03   -2.508872361761E-04   -9.203054596340E-04   -2.809137691115E-04    7.954341636337E-01   -2.349687593745E-03   -4.091992022284E-04
    3.758374144141E-01    1.575939662152E+00    6.312153905954E-01   -3.454305294942E-03    8.951064970410E-04   -7.054545008987E-04   -1.731254410938E-04    6.967810421867E-01   -9.737704564233E-04   -2.984734698872E-04
    3.981071806482E-01    1.387707854154E+00    5.323477782403E-01   -8.906096046945E-04    1.772764572815E-03   -5.074644936964E-04   -8.234127622780E-05    6.045797544588E-01    1.772470219054E-04   -2.003077709709E-04
    4.216965134532E-01    1.209480664123E+00    4.428690640793E-01    1.294937898557E-03    2.399408261125E-03   -3.275180491488E-04   -8.152172798824E-06    5.188750911139E-01    1.108975226553E-03   -1.147664192225E-04
    4.466836020616E-01    1.041670904980E+00    3.626446682496E-01    3.093851107626E-03    2.794947550805E-03   -1.669092248805E-04    4.998054977780E-05    4.397294844094E-01    1.828478669729E-03   -4.189819365251E-05
    4.731512687095E-01    8.847552383086E-01    2.915193501523E-01    4.500711930323E-03    2.982145038266E-03   -2.699734363099E-05    9.276446467801E-05    3.672162118992E-01    2.344685492273E-03    1.829122849958E-05
    5.011872431586E-01    7.392624976823E-01    2.293034652819E-01    5.514514941843E-03    2.986794231208E-03    9.085882278256E-05    1.211171609784E-04    3.014109047691E-01    2.668827051916E-03    6.587291766780E-05
    5.308844534858E-01    6.057569677754E-01    1.757577627129E-01    6.140245176893E-03    2.837764062505E-03    1.853918736823E-04    1.362069960049E-04    2.423810661139E-01    2.814894470961E-03    1.010351512714E-04
    5.623413341023E-01    4.848152310967E-01    1.305770078399E-01    6.390688571436E-03    2.566848345870E-03    2.555477216488E-04    1.394897926986E-04    1.901733021884E-01    2.800089114572E-03    1.241311003082E-04
    5.956621520251E-01    3.769949194532E-01    9.337299630208E-02    6.288449484924E-03    2.208343041501E-03    3.006458571519E-04    1.327361135740E-04    1.447979928385E-01    2.645233121484E-03    1.357338583326E-04
    6.309573524797E-01    2.827933886192E-01    6.365792743272E-02    5.868110762466E-03    1.798258443131E-03    3.205855411367E-04    1.180410390879E-04    1.062111820773E-01    2.375087344169E-03    1.366981139906E-04
    6.683439249830E-01    2.025939883467E-01    4.082968327650E-02    5.178404796182E-03    1.373061059631E-03    3.161058020947E-04    9.780529852328E-05    7.429358091045E-02    2.018501463151E-03    1.282266864777E-04
    7.079457911159E-01    1.365972070054E-01    2.416135931981E-02    4.284151182490E-03    9.678348387759E-04    2.891056535418E-04    7.467235243462E-05    4.882675423860E-02    1.608285955501E-03    1.119382645560E-04
    7.498942152746E-01    8.473355053667E-02    1.279849722881E-02    3.267525508126E-03    6.137680924862E-04    2.430263592969E-04    5.140120444071E-05    2.946684842657E-02    1.180646324143E-03    8.992955447706E-05
    7.943282397597E-01    4.655456111480E-02    5.768965217212E-03    2.227868946295E-03    3.349307839245E-04    1.832851471078E-04    3.064969257163E-05    1.571663695256E-02    7.739380340894E-04    6.481967923325E-05
    8.413951456455E-01    2.109789706778E-02    2.012434756996E-03    1.278548849020E-03    1.444574127831E-04    1.177167922221E-04    1.463968618639E-05    6.897265058841E-03    4.263521460326E-04    3.975379368865E-05
    8.912509409587E-01    6.721879090599E-03    4.390517518624E-04    5.377878256361E-04    4.060254113195E-05    5.688266703054E-05    4.680232786535E-06    2.121914360113E-03    1.718073471767E-04    1.831642843894E-05
    9.440608777821E-01    9.043439974658E-04    3.036068027133E-05    1.058544874670E-04    3.994617898084E-06    1.375459635621E-05    5.593877925900E-07    2.747474985238E-04    3.232414910716E-05    4.215238968197E-06
