# Q1 =   100.0000 , Q2 =   100.0000
# x  F2Wp(LO) F2Wm(LO) F2Wp(NLO) F2Wm(NLO) F2Wp(NNLO) F2Wm(NNLO) F2Wp(N3LO) F2Wm(N3LO) F2Z(LO) F2Z(NLO) F2Z(NNLO) F2Z(N3LO)
    1.000000316960E-05    2.958047846349E+00    2.957637012838E+00   -3.634201574232E-03   -3.651358216646E-03   -1.968851505710E-03   -1.969318579296E-03    8.434649394406E-05    8.435136638098E-05    2.009449034001E+00   -3.041736027261E-03   -1.674162090886E-03    7.191489083462E-05
    1.122018806381E-05    2.924256880818E+00    2.923806421800E+00   -3.595133059193E-03   -3.613734547670E-03   -1.942220445028E-03   -1.942715004652E-03    7.992255071310E-05    7.992769761019E-05    1.986473165947E+00   -3.010135926395E-03   -1.651528403306E-03    6.814647185950E-05
    1.258925802843E-05    2.890860834477E+00    2.890366928343E+00   -3.556722217656E-03   -3.576884811642E-03   -1.915815105068E-03   -1.916338439306E-03    7.564458545360E-05    7.565001789309E-05    1.963764073011E+00   -2.979159606288E-03   -1.629087161396E-03    6.450239522215E-05
    1.412537978909E-05    2.857855934815E+00    2.857314391441E+00   -3.518981313090E-03   -3.540829974280E-03   -1.889627328720E-03   -1.890180755804E-03    7.151001588327E-05    7.151574502756E-05    1.941319041467E+00   -2.948822715208E-03   -1.606831428903E-03    6.098046163250E-05
    1.584893674715E-05    2.825238521106E+00    2.824644746322E+00   -3.481924197084E-03   -3.505593159836E-03   -1.863648726184E-03   -1.864233591539E-03    6.751625328860E-05    6.752229034581E-05    1.919135419063E+00   -2.919142554756E-03   -1.584754069481E-03    5.757846629996E-05
    1.778279945500E-05    2.793005049346E+00    2.792354005992E+00   -3.445566428229E-03   -3.471199796745E-03   -1.837870664675E-03   -1.838488338062E-03    6.366070205607E-05    6.366705824258E-05    1.897210616985E+00   -2.890138191049E-03   -1.562847737705E-03    5.429419853164E-05
    1.995262909442E-05    2.761152097705E+00    2.760438262925E+00   -3.409925399016E-03   -3.437677771006E-03   -1.812284258444E-03   -1.812936130685E-03    5.994075930370E-05    5.994744580375E-05    1.875542112036E+00   -2.861830571826E-03   -1.541104870346E-03    5.112544141590E-05
    2.238721798482E-05    2.729676372515E+00    2.728893690939E+00   -3.375020471182E-03   -3.405057587353E-03   -1.786880359197E-03   -1.787567838472E-03    5.635381462420E-05    5.636084254637E-05    1.854127449027E+00   -2.834242649557E-03   -1.519517677988E-03    4.806997160076E-05
    2.511887163984E-05    2.698574714845E+00    2.697716547266E+00   -3.340873119857E-03   -3.373372538269E-03   -1.761649547069E-03   -1.762374054749E-03    5.289724995095E-05    5.290463028169E-05    1.832964243419E+00   -2.807399510582E-03   -1.498078137103E-03    4.512555917693E-05
    2.818383744181E-05    2.667844107722E+00    2.666903174825E+00   -3.307507086951E-03   -3.342658880801E-03   -1.736582122248E-03   -1.737345088267E-03    4.956843955888E-05    4.957618311302E-05    1.812050184215E+00   -2.781328510289E-03   -1.476777982686E-03    4.228996767551E-05
    3.162278562252E-05    2.637481684047E+00    2.636450004720E+00   -3.274948544183E-03   -3.312956021078E-03   -1.711668097434E-03   -1.712470955163E-03    4.636475021281E-05    4.637286758107E-05    1.791383037137E+00   -2.756059414279E-03   -1.455608701590E-03    3.956095419120E-05
    3.548134893245E-05    2.607484735259E+00    2.606353558965E+00   -3.243226266150E-03   -3.284306706354E-03   -1.686897191264E-03   -1.687741371898E-03    4.328354147596E-05    4.329204296955E-05    1.770960648103E+00   -2.731624545407E-03   -1.434561526697E-03    3.693626964176E-05
    3.981072815955E-05    2.577850720825E+00    2.576610453467E+00   -3.212371813852E-03   -3.256757224298E-03   -1.662258822918E-03   -1.663145749350E-03    4.032216619185E-05    4.033106178424E-05    1.750780947029E+00   -2.708058936540E-03   -1.413627432092E-03    3.441365917507E-05
    4.466837153263E-05    2.548577278611E+00    2.547217401254E+00   -3.182419729088E-03   -3.230357609151E-03   -1.637742108069E-03   -1.638673188274E-03    3.747797115312E-05    3.748727041887E-05    1.730841951979E+00   -2.685400488784E-03   -1.392797129399E-03    3.199086273515E-05
    5.011873702437E-05    2.519662236221E+00    2.518171216002E+00   -3.153407740105E-03   -3.205161854257E-03   -1.613335856435E-03   -1.614312476342E-03    3.474829797079E-05    3.475801002171E-05    1.711141773697E+00   -2.663690134866E-03   -1.372061065488E-03    2.966561579874E-05
    5.623414766941E-05    2.491103623375E+00    2.489468815834E+00   -3.125376978927E-03   -3.181228130314E-03   -1.589028571133E-03   -1.590052087024E-03    3.213048415764E-05    3.214061757613E-05    1.691678620537E+00   -2.642972007248E-03   -1.351409421748E-03    2.743565029401E-05
    6.309575124703E-05    2.462899685415E+00    2.461107227440E+00   -3.098372210732E-03   -3.158619008573E-03   -1.564808450123E-03   -1.565880180570E-03    2.962186443915E-05    2.963242720873E-05    1.672450803832E+00   -2.623293610482E-03   -1.330832115152E-03    2.529869571286E-05
    7.079459706283E-05    2.435048898041E+00    2.433083590514E+00   -3.072442075684E-03   -3.137401688008E-03   -1.540663390009E-03   -1.541784607376E-03    2.721977230539E-05    2.723077173849E-05    1.653456743732E+00   -2.604705997162E-03   -1.310318801373E-03    2.325248042813E-05
    7.943284411759E-05    2.407549983364E+00    2.405395162535E+00   -3.047639343584E-03   -3.117648225318E-03   -1.516580992500E-03   -1.517752914070E-03    2.492154181657E-05    2.493298447934E-05    1.634694975538E+00   -2.587263946747E-03   -1.289858880202E-03    2.129473322641E-05
    8.912511669514E-05    2.380401927394E+00    2.378039323891E+00   -3.024021181737E-03   -3.099435766389E-03   -1.492548573862E-03   -1.493772352632E-03    2.272450967429E-05    2.273640130831E-05    1.616164156578E+00   -2.571026146354E-03   -1.269441503559E-03    1.942318506685E-05
    1.000000253568E-04    2.353603999076E+00    2.351013583378E+00   -3.001649436368E-03   -3.082846777623E-03   -1.468553177701E-03   -1.469829892931E-03    2.062601756995E-05    2.063836301046E-05    1.597863073654E+00   -2.556055372521E-03   -1.249055586405E-03    1.763557107537E-05
    1.122018735254E-04    2.327155770996E+00    2.324315584074E+00   -2.980590927985E-03   -3.067969275272E-03   -1.444581591462E-03   -1.445912239056E-03    1.862341482002E-05    1.863621791029E-05    1.579790651107E+00   -2.542418672728E-03   -1.228689820883E-03    1.592963278258E-05
    1.258925723037E-04    2.301057141891E+00    2.297943109603E+00   -2.960917761014E-03   -3.054897050644E-03   -1.420620367026E-03   -1.422005849859E-03    1.671406129687E-05    1.672732479799E-05    1.561945959533E+00   -2.530187545331E-03   -1.208332694028E-03    1.430312061269E-05
    1.412537889366E-04    2.275308361103E+00    2.271894090793E+00   -2.942707648068E-03   -3.043729888728E-03   -1.396655845822E-03   -1.398096964149E-03    1.489533066159E-05    1.490905615694E-05    1.544328225198E+00   -2.519438116363E-03   -1.187972509414E-03    1.275379662870E-05
    1.584893574245E-04    2.249910055133E+00    2.246166612742E+00   -2.926044249208E-03   -3.034573777429E-03   -1.372674188905E-03   -1.374171630990E-03    1.316461390343E-05    1.317880169654E-05    1.526936840196E+00   -2.510251311432E-03   -1.167597413144E-03    1.127943753752E-05
    1.778279832772E-04    2.224863256436E+00    2.220758922277E+00   -2.911017526518E-03   -3.027541104271E-03   -1.348661412447E-03   -1.350215745602E-03    1.151932318725E-05    1.153397219173E-05    1.509771373388E+00   -2.502713020779E-03   -1.147195424549E-03    9.877837956241E-06
    1.995262782958E-04    2.200169434648E+00    2.195669435820E+00   -2.897724114356E-03   -3.022750836962E-03   -1.324603429116E-03   -1.326215091347E-03    9.956896007622E-06    9.972003627267E-06    1.492831582179E+00   -2.496914255271E-03   -1.126754472060E-03    8.546813937874E-06
    2.238721656565E-04    2.175830530405E+00    2.170896747634E+00   -2.886267705614E-03   -3.020328683805E-03   -1.300486095847E-03   -1.302155388348E-03    8.474799644565E-06    8.490361641213E-06    1.476117425160E+00   -2.492951290881E-03   -1.106262434648E-03    7.284206752164E-06
    2.511887004750E-04    2.151848991934E+00    2.146439638439E+00   -2.876759454326E-03   -3.020407229436E-03   -1.276295268499E-03   -1.278022349245E-03    7.070535911294E-06    7.086546257735E-06    1.459629075678E+00   -2.490925798938E-03   -1.085707189313E-03    6.087886912920E-06
    2.818383565518E-04    2.128227814625E+00    2.122297084356E+00   -2.869318394929E-03   -3.023126040824E-03   -1.252016863910E-03   -1.253801742665E-03    5.741646179867E-06    5.758096894178E-06    1.443366936359E+00   -2.490944959119E-03   -1.065076665046E-03    4.955758439406E-06
    3.162278361789E-04    2.104970583761E+00    2.098468266157E+00   -2.864071878492E-03   -3.028631737879E-03   -1.227636929874E-03   -1.229479464935E-03    4.485716665082E-06    4.502597622196E-06    1.427331654636E+00   -2.493121551856E-03   -1.044358903735E-03    3.885763334694E-06
    3.548134668321E-04    2.082081520615E+00    2.074952578738E+00   -2.861156026146E-03   -3.037078022352E-03   -1.203141723556E-03   -1.205041620598E-03    3.300383940693E-06    3.317682656106E-06    1.411524139301E+00   -2.497574026470E-03   -1.023542128472E-03    2.875886258383E-06
    3.981072563587E-04    2.059565532115E+00    2.051749640752E+00   -2.860716199886E-03   -3.048625657987E-03   -1.178517798834E-03   -1.180474612273E-03    2.183340655202E-06    2.201042034768E-06    1.395945578120E+00   -2.504426540962E-03   -1.002614819698E-03    1.924159365249E-06
    4.466836870101E-04    2.037428264280E+00    2.028859304298E+00   -2.862907490803E-03   -3.063442394055E-03   -1.153752103085E-03   -1.155765240389E-03    1.132341406886E-06    1.150427455568E-06    1.380597456517E+00   -2.513808968972E-03   -9.815657996210E-04    1.028667274918E-06
    5.011873384724E-04    2.015676159609E+00    2.006281664536E+00   -2.867895224584E-03   -3.081702823467E-03   -1.128832083856E-03   -1.130900813288E-03    1.452087293342E-07    1.636582105338E-07    1.365481577341E+00   -2.525856868912E-03   -9.603843253221E-04    1.875521303502E-07
    5.623414410462E-04    1.994316518627E+00    1.984017069054E+00   -2.875855483863E-03   -3.103588165640E-03   -1.103745805877E-03   -1.105869268174E-03   -7.801608704974E-07   -7.613728347709E-07    1.350600081692E+00   -2.540711409730E-03   -9.390601909183E-04   -6.009813049026E-07
    6.309574724727E-04    1.973357565729E+00    1.962066126803E+00   -2.886975646573E-03   -3.129285963082E-03   -1.078482078781E-03   -1.080659303314E-03   -1.645790889473E-06   -1.626693288853E-06    1.335955470782E+00   -2.558519247153E-03   -9.175838391214E-04   -1.338660569191E-06
    7.079459257502E-04    1.952808519483E+00    1.940429716318E+00   -2.901454938881E-03   -3.158989679193E-03   -1.053030595892E-03   -1.055260521873E-03   -2.453618899334E-06   -2.434245388713E-06    1.321550628763E+00   -2.579432343375E-03   -8.959464824804E-04   -2.027140512765E-06
    7.943283908219E-04    1.932679667480E+00    1.919108992923E+00   -2.919505000433E-03   -3.192898183250E-03   -1.027382084326E-03   -1.029663587645E-03   -3.205490801543E-06   -3.185880352833E-06    1.307388846433E+00   -2.603607722380E-03   -8.741402345217E-04   -2.667998472729E-06
    8.912511104532E-04    1.912982445784E+00    1.898105394524E+00   -2.941350458538E-03   -3.231215106609E-03   -1.001528466615E-03   -1.003860392888E-03   -3.903155367791E-06   -3.883353036589E-06    1.293473845672E+00   -2.631207151889E-03   -8.521582509321E-04   -3.262729700599E-06
    1.000000190176E-03    1.893729522967E+00    1.877420645511E+00   -2.967229506362E-03   -3.274148051760E-03   -9.754630339396E-04   -9.778442383712E-04   -4.548259180991E-06   -4.528317007068E-06    1.279809804430E+00   -2.662396741531E-03   -8.299948808420E-04   -3.812743141189E-06
    1.122018664127E-03    1.874934888623E+00    1.857056758181E+00   -2.997394478148E-03   -3.321907633303E-03   -9.491806309820E-04   -9.516100255771E-04   -5.142342104334E-06   -5.122320167122E-06    1.266401381996E+00   -2.697346445231E-03   -8.076458281573E-04   -4.319357672336E-06
    1.258925643231E-03    1.856613946136E+00    1.837016030973E+00   -3.032112411744E-03   -3.374706326617E-03   -9.226778522695E-04   -9.251544609228E-04   -5.686833419291E-06   -5.666801071931E-06    1.253253744221E+00   -2.736229453689E-03   -7.851083227744E-04   -4.783798926370E-06
    1.412537799822E-03    1.838783609337E+00    1.817301042645E+00   -3.071665585148E-03   -3.432757095998E-03   -8.959532497754E-04   -8.984762716597E-04   -6.183048787203E-06   -6.163086095210E-06    1.240372588238E+00   -2.779221460213E-03   -7.623813013843E-04   -5.207196825791E-06
    1.584893473776E-03    1.821462402491E+00    1.797914641343E+00   -3.116352009087E-03   -3.496271769358E-03   -8.690075513976E-04   -8.715764329713E-04   -6.632188202377E-06   -6.612387615469E-06    1.227764166140E+00   -2.826499779963E-03   -7.394655974271E-04   -5.590583976839E-06
    1.778279720043E-03    1.804670562836E+00    1.778859927297E+00   -3.166485851680E-03   -3.565459120929E-03   -8.418438897952E-04   -8.444584055763E-04   -7.035335117129E-06   -7.015803405263E-06    1.215435306873E+00   -2.878242298700E-03   -7.163641395965E-04   -5.934895075130E-06
    1.995262656475E-03    1.788430144571E+00    1.760140227615E+00   -3.222397763586E-03   -3.640522616531E-03   -8.144680409116E-04   -8.171283829487E-04   -7.393456931572E-06   -7.374317418598E-06    1.203393435470E+00   -2.934626222220E-03   -6.930821581292E-04   -6.240967487736E-06
    2.238721514648E-03    1.772765122867E+00    1.741759061332E+00   -3.284435062187E-03   -3.721657767456E-03   -7.868886713694E-04   -7.895955470374E-04   -7.707407052910E-06   -7.688802183456E-06    1.191646588489E+00   -2.995826591367E-03   -6.696273979310E-04   -6.509543185964E-06
    2.511886845517E-03    1.757701495975E+00    1.723720092493E+00   -3.352961721305E-03   -3.809049029466E-03   -7.591175937523E-04   -7.618723311153E-04   -7.977928737157E-06   -7.960023014099E-06    1.180203424265E+00   -3.062014520279E-03   -6.460103373920E-04   -6.741272209422E-06
    2.818383386855E-03    1.743267382995E+00    1.706027068635E+00   -3.428358097697E-03   -3.902866171495E-03   -7.311700286455E-04   -7.339746881273E-04   -8.205660934149E-06   -8.188644265255E-06    1.169073226257E+00   -3.133355106342E-03   -6.222444115400E-04   -6.936717848149E-06
    3.162278161326E-03    1.729493114118E+00    1.688683741470E+00   -3.511020306445E-03   -4.003260024161E-03   -7.030648721479E-04   -7.059223626138E-04   -8.391146363591E-06   -8.375237856331E-06    1.158265897365E+00   -3.210004948928E-03   -5.983462379585E-04   -7.096363734430E-06
    3.548134443398E-03    1.716411309371E+00    1.671693765981E+00   -3.601359134430E-03   -4.110357502287E-03   -6.748249674083E-04   -6.777391639552E-04   -8.534842049505E-06   -8.520294292170E-06    1.147791942611E+00   -3.292109201078E-03   -5.743358436511E-04   -7.220623034441E-06
    3.981072311218E-03    1.704056940808E+00    1.655060573393E+00   -3.699798352862E-03   -4.224255776240E-03   -6.464773785785E-04   -6.494532383249E-04   -8.637132539885E-06   -8.624236404708E-06    1.137662437030E+00   -3.379798062261E-03   -5.502368907761E-04   -7.309849927819E-06
    4.466836586940E-03    1.692467371863E+00    1.638787212634E+00   -3.806772255254E-03   -4.345015444312E-03   -6.180536653963E-04   -6.210973363081E-04   -8.698346033523E-06   -8.687436032743E-06    1.127888974882E+00   -3.473182601346E-03   -5.260768988673E-04   -7.364353557104E-06
    5.011873067012E-03    1.681682365986E+00    1.622876153871E+00   -3.922722206419E-03   -4.472652533398E-03   -5.895901563999E-04   -5.927090726403E-04   -8.718773624160E-06   -8.710233842100E-06    1.118483595508E+00   -3.572349777138E-03   -5.018874608122E-04   -7.384414616282E-06
    5.623414053982E-03    1.671744054898E+00    1.607329046526E+00   -4.048091939614E-03   -4.607129127335E-03   -5.611282185125E-04   -5.643311739038E-04   -8.698691854973E-06   -8.692962467195E-06    1.109458680148E+00   -3.677356498819E-03   -4.777044494349E-04   -7.370304729733E-06
    6.309574324750E-03    1.662696854465E+00    1.592146422834E+00   -4.183321281463E-03   -4.748342391158E-03   -5.327145203835E-04   -5.360117092487E-04   -8.638388753972E-06   -8.635973126903E-06    1.100826812884E+00   -3.788222539873E-03   -4.535682110035E-04   -7.322308749409E-06
    7.079458808720E-03    1.654587313460E+00    1.577327336340E+00   -4.328837916660E-03   -4.896111726065E-03   -5.044012863696E-04   -5.078042982040E-04   -8.538193490869E-06   -8.539665830130E-06    1.092600597452E+00   -3.904922086668E-03   -4.295237412987E-04   -7.240750066901E-06
    7.943283404678E-03    1.647463877248E+00    1.562868922980E+00   -4.485046729079E-03   -5.050163757836E-03   -4.762465373449E-04   -4.797682883810E-04   -8.398509753099E-06   -8.404523233571E-06    1.084792420077E+00   -4.027373669388E-03   -4.056208390122E-04   -7.126018993459E-06
    8.912510539550E-03    1.641376544467E+00    1.548765870296E+00   -4.652316169159E-03   -5.210114829393E-03   -4.483143135329E-04   -4.519688942189E-04   -8.219852888906E-06   -8.231148151225E-06    1.077414146558E+00   -4.155428186755E-03   -3.819142300935E-04   -6.978604209591E-06
    1.000000126784E-02    1.636376389929E+00    1.535009777903E+00   -4.830960996773E-03   -5.375450637848E-03   -4.206748731154E-04   -4.244772857068E-04   -8.002890804627E-06   -8.020304636669E-06    1.070476739516E+00   -4.288854697417E-03   -3.584636551106E-04   -6.799127222340E-06
    1.122018593000E-02    1.632514921512E+00    1.521588389835E+00   -5.021220647108E-03   -5.545502641223E-03   -3.934048584299E-04   -3.973706132783E-04   -7.748488518647E-06   -7.772962451619E-06    1.063989779238E+00   -4.427323619511E-03   -3.353339097402E-04   -6.588379681839E-06
    1.258925563425E-02    1.629843232049E+00    1.508484676512E+00   -5.223232352430E-03   -5.719420854388E-03   -3.665874188572E-04   -3.707319514692E-04   -7.457756178451E-06   -7.490344608107E-06    1.057960868485E+00   -4.570386950367E-03   -3.125948259137E-04   -6.347363308468E-06
    1.412537710278E-02    1.628410899217E+00    1.495675740939E+00   -5.436998033204E-03   -5.896142671366E-03   -3.403122758240E-04   -3.446501393274E-04   -7.132100223924E-06   -7.173977508845E-06    1.052394898231E+00   -4.717455099234E-03   -2.903211777947E-04   -6.077332053696E-06
    1.584893373306E-02    1.628264577244E+00    1.483131520694E+00   -5.662343860704E-03   -6.074357406978E-03   -3.146757105332E-04   -3.192194899261E-04   -6.773277222365E-06   -6.825743002327E-06    1.047293147448E+00   -4.867769927623E-03   -2.685924926100E-04   -5.779835955018E-06
    1.778279607314E-02    1.629446213452E+00    1.470813254190E+00   -5.898871290532E-03   -6.252466353529E-03   -2.897804487653E-04   -2.945393344029E-04   -6.383449705482E-06   -6.447931409673E-06    1.042652185890E+00   -5.020373618933E-03   -2.474927411921E-04   -5.456765944298E-06
    1.995262529991E-02    1.631990810031E+00    1.458671676838E+00   -6.145898283872E-03   -6.428538317618E-03   -2.657354090664E-04   -2.707133575959E-04   -5.965243091421E-06   -6.043294251416E-06    1.038462544126E+00   -5.174073063485E-03   -2.271098767774E-04   -5.110398616034E-06
    2.238721372731E-02    1.635923636915E+00    1.446644910570E+00   -6.402389390929E-03   -6.600260864739E-03   -2.426552705551E-04   -2.478486726008E-04   -5.521802459186E-06   -5.615094984959E-06    1.034707110132E+00   -5.327399564665E-03   -2.075351831209E-04   -4.743439643079E-06
    2.511886686283E-02    1.641256785737E+00    1.434656009431E+00   -6.666873401771E-03   -6.764887886403E-03   -2.206598044106E-04   -2.260545708743E-04   -5.056847545002E-06   -5.167155543446E-06    1.031359207013E+00   -5.478563868933E-03   -1.888623845893E-04   -4.359064132348E-06
    2.818383208192E-02    1.647984936896E+00    1.422610125017E+00   -6.937347388758E-03   -6.919184643146E-03   -1.998728984704E-04   -2.054408729734E-04   -4.574723831747E-06   -4.703895822848E-06    1.028380301722E+00   -5.625406813024E-03   -1.711864615785E-04   -3.960951726400E-06
    3.162277960863E-02    1.656080191426E+00    1.410391259339E+00   -7.211166213093E-03   -7.059372179872E-03   -1.804211868175E-04   -1.861157930634E-04   -4.080446966706E-06   -4.230362457236E-06    1.025717290415E+00   -5.765346300009E-03   -1.546021045245E-04   -3.553313649241E-06
    3.548134218475E-02    1.665485800319E+00    1.397858582041E+00   -7.484917045954E-03   -7.181074003191E-03   -1.624321772320E-04   -1.681832209001E-04   -3.579736972238E-06   -3.752242276087E-06    1.023299304261E+00   -5.895321905542E-03   -1.392017309245E-04   -3.140908184310E-06
    3.981072058850E-02    1.676108603623E+00    1.384842304102E+00   -7.754279177768E-03   -7.279269197132E-03   -1.460317479466E-04   -1.517393182867E-04   -3.079037765632E-06   -3.275854711054E-06    1.021033979668E+00   -6.011739198899E-03   -1.250729820346E-04   -2.729040227952E-06
    4.466836303778E-02    1.687809973393E+00    1.371139125033E+00   -8.013870496543E-03   -7.348257816003E-03   -1.313408623307E-04   -1.368683266635E-04   -2.585516350570E-06   -2.808116118905E-06    1.018803141291E+00   -6.110416908803E-03   -1.122956114920E-04   -2.323539585030E-06
    5.011872749299E-02    1.700395043801E+00    1.356507309368E+00   -8.257083655647E-03   -7.381646451993E-03   -1.184713287836E-04   -1.236374940583E-04   -2.107034716768E-06   -2.356467614820E-06    1.016457858032E+00   -6.186541411454E-03   -1.009376806132E-04   -1.930711637459E-06
    5.623413697503E-02    1.713600010544E+00    1.340661504802E+00   -8.475917262187E-03   -7.372364382174E-03   -1.075204140058E-04   -1.120910571472E-04   -1.652085961357E-06   -1.928756615255E-06    1.013812853677E+00   -6.234634719895E-03   -9.105098675286E-05   -1.557252948593E-06
    6.309573924774E-02    1.727077298550E+00    1.323267495745E+00   -8.660810660853E-03   -7.312723688400E-03   -9.856410446340E-05   -1.022432656254E-04   -1.229684450249E-06   -1.533061041163E-06    1.010640289746E+00   -6.248544281225E-03   -8.266567666630E-05   -1.210123375419E-06
    7.079458359939E-02    1.740378444785E+00    1.303937200994E+00   -8.800495378092E-03   -7.194540160212E-03   -9.164880904054E-05   -9.407052169399E-05   -8.491980588337E-07   -1.177444344543E-06    1.006662995736E+00   -6.221465483746E-03   -7.578404260528E-05   -8.963655501209E-07
    7.943282901137E-02    1.752934639345E+00    1.282224381725E+00   -8.881882377555E-03   -7.009335464147E-03   -8.678131349113E-05   -8.750283831109E-05   -5.201088127871E-07   -8.696296531031E-07    1.001547309454E+00   -6.146010839502E-03   -7.037357172145E-05   -6.228624535347E-07
    8.912509974568E-02    1.764035035236E+00    1.257621738075E+00   -8.890012445345E-03   -6.748644791830E-03   -8.391684345849E-05   -8.241500757605E-05   -2.516866991656E-07   -6.165829115316E-07    9.948958184732E-01   -6.014343364196E-03   -6.635942627477E-05   -3.960245468498E-07
    1.000000063392E-01    1.772803213424E+00    1.229560356258E+00   -8.808107988327E-03   -6.404457590596E-03   -8.294518406389E-05   -7.861813180528E-05   -5.256023693227E-08   -4.239987773608E-07    9.862404801968E-01   -5.818395727368E-03   -6.361668385164E-05   -2.214000452208E-07
    1.122018521873E-01    1.778172629328E+00    1.197412829662E+00   -8.617778610946E-03   -5.969820845859E-03   -8.367497030044E-05   -7.585251506149E-05    6.983270366314E-08   -2.956905605689E-07    9.750368601827E-01   -5.550200856970E-03   -6.196287323722E-05   -1.032062599940E-07
    1.258925483619E-01    1.778862530199E+00    1.160501832289E+00   -8.299451436502E-03   -5.439634461658E-03   -8.581654181141E-05   -7.378335417241E-05    1.099291495168E-07   -2.328976869648E-07    9.606605893342E-01   -5.202364233402E-03   -6.115161558938E-05   -4.378699356868E-08
    1.412537620735E-01    1.773356826702E+00    1.118116480835E+00   -7.833108221894E-03   -4.811651156471E-03   -8.896407687585E-05   -7.200110528121E-05    6.487470700860E-08   -2.335422691896E-07    9.424076341017E-01   -4.768701387792E-03   -6.086844216522E-05   -4.301070867604E-08
    1.584893272837E-01    1.759889840371E+00    1.069539447567E+00   -7.199500680599E-03   -4.087747143879E-03   -9.257900982560E-05   -7.002953250945E-05   -6.449281048139E-08   -2.914970039376E-07    9.195006190247E-01   -4.245120350534E-03   -6.073073530966E-05   -9.764380592400E-08
    1.778279494585E-01    1.736444862987E+00    1.014088436068E+00   -6.381866098792E-03   -3.275318876288E-03   -9.597624521040E-05   -6.734359330823E-05   -2.725088723272E-07   -3.959538853827E-07    8.911042585969E-01   -3.630671285388E-03   -6.029303274368E-05   -2.007450943409E-07
    1.995262403507E-01    1.700774264924E+00    9.511762122247E-01   -5.368474011442E-03   -2.388915923898E-03   -9.831872499482E-05   -6.340212504162E-05   -5.474333817620E-07   -5.310450214321E-07    8.563539705818E-01   -2.928921309885E-03   -5.906141667732E-05   -3.411677430157E-07
    2.238721230814E-01    1.650453535145E+00    8.803936015384E-01   -4.156062375663E-03   -1.451855364755E-03   -9.862598155650E-05   -5.769820787216E-05   -8.701520876198E-07   -6.759097933434E-07    8.144028626570E-01   -2.149542590246E-03   -5.651947680873E-05   -5.032780551985E-07
    2.511886527050E-01    1.582986235893E+00    8.016193694718E-01   -2.754361103428E-03   -4.976299249359E-04   -9.580703882339E-05   -4.983079312472E-05   -1.212968729231E-06   -8.054714256101E-07    7.644934097998E-01   -1.310097202122E-03   -5.216993765444E-05   -6.670481259175E-07
    2.818383029529E-01    1.495982129696E+00    7.151589485196E-01   -1.191741914133E-03    4.292917761244E-04   -8.873208290037E-05   -3.959873756921E-05   -1.538748441777E-06   -8.922360709604E-07    7.060609141556E-01   -4.378664135158E-04   -4.559592902524E-05   -8.087252058511E-07
    3.162277760400E-01    1.387435897920E+00    6.219094670872E-01    4.782004369907E-04    1.273874842357E-03   -7.636274197978E-05   -2.711395012078E-05   -1.800880205445E-06   -9.094458115116E-07    6.388756314007E-01    4.285652657766E-04   -3.654543258236E-05   -9.023321528718E-07
    3.548133993551E-01    1.256136978539E+00    5.235398131427E-01    2.169812138525E-03    1.972990763832E-03   -5.796580218218E-05   -1.292184578896E-05   -1.944864622722E-06   -8.358498835337E-07    5.632280896444E-01    1.238485641545E-03   -2.504034982081E-05   -9.223007434595E-07
    3.981071806482E-01    1.102238084920E+00    4.226593081070E-01    3.759834690343E-03    2.461049963021E-03   -3.343639858885E-05    1.897215099112E-06   -1.912853015286E-06   -6.621157901727E-07    4.801556449768E-01    1.929832107605E-03   -1.150637306468E-05   -8.475640069861E-07
    4.466836020616E-01    9.279932340697E-01    3.229244893230E-01    5.086141261342E-03    2.679992150760E-03   -3.746282590752E-06    1.569425060793E-05   -1.653178880814E-06   -3.983316382203E-07    3.916945824194E-01    2.432848229461E-03    3.091358867706E-06   -6.673880223926E-07
    5.011872431586E-01    7.386317229761E-01    2.289989643658E-01    5.955961568010E-03    2.594491967150E-03    2.850585779154E-05    2.636478309585E-05   -1.137693989062E-06   -8.092178152282E-08    3.011165063986E-01    2.678387015289E-03    1.714344619213E-05   -3.889962253837E-07
    5.623413341023E-01    5.432385202770E-01    1.462390472290E-01    6.171817005698E-03    2.211871393033E-03    5.856433513886E-05    3.171885587309E-05   -3.899388916181E-07    2.246739384461E-07    2.130644485174E-01    2.612972187385E-03    2.839738820966E-05   -4.637625144533E-08
    6.309573524797E-01    3.553244828130E-01    7.994291669796E-02    5.586607321334E-03    1.602813234890E-03    7.934915979464E-05    3.022325152266E-05    4.750722688302E-07    4.321503896193E-07    1.334370888263E-01    2.222395893941E-03    3.420285558475E-05    2.920007248873E-07
    7.079457911159E-01    1.924290710184E-01    3.401823194950E-02    4.200144104389E-03    9.121334920029E-04    8.243927514573E-05    2.213695272114E-05    1.208867700985E-06    4.629855460490E-07    6.877701426250E-02    1.563376021097E-03    3.223039377319E-05    5.227142299976E-07
    7.943282397597E-01    7.350876121270E-02    9.103887018943E-03    2.299120738352E-03    3.376604935558E-04    6.181616446403E-05    1.069083990097E-05    1.428685331095E-06    3.038839926484E-07    2.481433858565E-02    7.957376444576E-04    2.199318766283E-05    5.293844359654E-07
    8.912509409587E-01    1.188805341612E-02    7.760311000886E-04    5.892793377357E-04    4.392938558746E-05    2.319888466593E-05    1.953913056569E-06    8.093760892302E-07    7.775047072027E-08    3.752563897262E-03    1.880483162055E-04    7.487004130789E-06    2.648038035660E-07
