# Q1 =   100.0000 , Q2 =   500.0000
# x  F3Wp(LO) F3Wm(LO) F3Wp(NLO) F3Wm(NLO) F3Wp(NNLO) F3Wm(NNLO) F3Z(LO) F3Z(NLO) F3Z(NNLO)
    1.000000316960E-05   -4.891188572497E+04    4.907969803515E+04    1.434270933693E+02   -1.425537660906E+02    5.312988983308E+00   -5.331261953412E+00    4.342917475171E+01    2.215587409947E-01   -4.861450978986E-03
    1.059254059240E-05   -4.590540979549E+04    4.607129074350E+04    1.346402384900E+02   -1.338058036429E+02    4.985980100577E+00   -5.004958016452E+00    4.292930813783E+01    2.115314300347E-01   -5.050431820791E-03
    1.122018806381E-05   -4.308346600613E+04    4.324743770605E+04    1.263913868602E+02   -1.255951590211E+02    4.679029526534E+00   -4.698674112620E+00    4.243516529248E+01    2.016775827910E-01   -5.207455111205E-03
    1.188502598494E-05   -4.043473114782E+04    4.059681545966E+04    1.186475318346E+02   -1.178888516930E+02    4.378425585847E+00   -4.411181418565E+00    4.194668043943E+01    1.919965831030E-01   -5.366022565083E-03
    1.258925802843E-05   -3.794857678849E+04    3.810879532108E+04    1.113777149717E+02   -1.106559248851E+02    4.108568757694E+00   -4.141330640094E+00    4.146378854538E+01    1.824854118202E-01   -5.515328424117E-03
    1.333521844269E-05   -3.561502664288E+04    3.577340075666E+04    1.045528733513E+02   -1.038673231336E+02    3.861656151663E+00   -3.888053875385E+00    4.098642531299E+01    1.731424579223E-01   -5.655638043350E-03
    1.412537978909E-05   -3.342471655802E+04    3.358126736791E+04    9.814581369297E+01   -9.749576871644E+01    3.623473519504E+00   -3.650269647186E+00    4.051452717077E+01    1.639657802707E-01   -5.787209734475E-03
    1.496236113743E-05   -3.136885695400E+04    3.152360533213E+04    9.213065336873E+01   -9.151566293159E+01    3.404651820560E+00   -3.427116342371E+00    4.004803126500E+01    1.549534603445E-01   -5.910304230629E-03
    1.584893674715E-05   -2.943919756923E+04    2.959216414767E+04    8.648363209279E+01   -8.590297597912E+01    3.194707348715E+00   -3.217629150517E+00    3.958687545051E+01    1.461036018814E-01   -6.025170532416E-03
    1.678804526291E-05   -2.762799436885E+04    2.777919954239E+04    8.118209533390E+01   -8.063515317647E+01    2.995283342879E+00   -3.020991665745E+00    3.913099828278E+01    1.374143307201E-01   -6.132067353658E-03
    1.778279945500E-05   -2.592797848369E+04    2.607744241241E+04    7.620486492613E+01   -7.569102331897E+01    2.812674172371E+00   -2.836415137235E+00    3.868033900784E+01    1.288837944706E-01   -6.231212929262E-03
    1.883649653694E-05   -2.433232705490E+04    2.448006966688E+04    7.153206192554E+01   -7.105065231017E+01    2.639047152892E+00   -2.663159225020E+00    3.823483755487E+01    1.205101622244E-01   -6.322857159062E-03
    1.995262909442E-05   -2.283463586764E+04    2.298067686155E+04    6.714502854762E+01   -6.669557439130E+01    2.476082802845E+00   -2.500529029494E+00    3.779443452771E+01    1.122916020088E-01   -6.407233464423E-03
    2.113489666185E-05   -2.142889366385E+04    2.157325251150E+04    6.302624508251E+01   -6.260809503612E+01    2.323115073539E+00   -2.347872302766E+00    3.735907119667E+01    1.042263706021E-01   -6.484570863754E-03
    2.238721798482E-05   -2.010945803110E+04    2.025215398004E+04    5.915927777986E+01   -5.877184481577E+01    2.179535187359E+00   -2.204576831366E+00    3.692868948988E+01    9.631267777595E-02   -6.555094129309E-03
    2.371374400920E-05   -1.887103277097E+04    1.901208484692E+04    5.552868992121E+01   -5.517139496477E+01    2.044769624164E+00   -2.070054553631E+00    3.650323198534E+01    8.854893939456E-02   -6.619023714535E-03
    2.511887163984E-05   -1.770864665593E+04    1.784807366533E+04    5.211999807954E+01   -5.179226896063E+01    1.918274127001E+00   -1.943793791828E+00    3.608264190311E+01    8.093310195757E-02   -6.676568081874E-03
    2.660725831458E-05   -1.661763348971E+04    1.675545402215E+04    4.891960569308E+01   -4.862087683613E+01    1.799543715630E+00   -1.825275923344E+00    3.566686309538E+01    7.346362385271E-02   -6.727955069209E-03
    2.818383744181E-05   -1.559361339117E+04    1.572984582181E+04    4.591475024854E+01   -4.564446259497E+01    1.688102404290E+00   -1.714021742166E+00    3.525584004041E+01    6.613881890949E-02   -6.773384786725E-03
    2.985383475271E-05   -1.463247522650E+04    1.476713771841E+04    4.309345210809E+01   -4.285105303956E+01    1.583503391619E+00   -1.609689831706E+00    3.484951783395E+01    5.895702088142E-02   -6.813074551812E-03
    3.162278562252E-05   -1.373036011933E+04    1.386347062591E+04    4.044446669338E+01   -4.022940937607E+01    1.485327016435E+00   -1.511554040636E+00    3.444784218122E+01    5.191658311714E-02   -6.847197403151E-03
    3.349655341806E-05   -1.288364597268E+04    1.301522223996E+04    3.795723851858E+01   -3.776898359947E+01    1.393180087180E+00   -1.419528959018E+00    3.405075938912E+01    4.501591634100E-02   -6.875962840763E-03
    3.548134893245E-05   -1.208893294059E+04    1.221899250953E+04    3.562186021039E+01   -3.545987393963E+01    1.306692804215E+00   -1.333143268502E+00    3.365821635855E+01    3.825333627799E-02   -6.899562927940E-03
    3.758375097145E-05   -1.134302979117E+04    1.147158999992E+04    3.342903187952E+01   -3.329278839281E+01    1.225520195670E+00   -1.252050798648E+00    3.327016057618E+01    3.162729243308E-02   -6.918177615933E-03
    3.981072815955E-05   -1.064294110640E+04    1.077001909254E+04    3.137002454279E+01   -3.125899997077E+01    1.149329131408E+00   -1.175926630089E+00    3.288654010642E+01    2.513626961683E-02   -6.932015941480E-03
    4.216966203819E-05   -9.985855267327E+03    1.011146797007E+04    2.943664273275E+01   -2.935032249659E+01    1.077826525996E+00   -1.104465790483E+00    3.250730358450E+01    1.877860581899E-02   -6.941233824391E-03
    4.466837153263E-05   -9.369133176463E+03    9.493297338839E+03    2.762119745950E+01   -2.755907044316E+01    1.010714909803E+00   -1.037694970524E+00    3.213240020860E+01    1.255285058103E-02   -6.946016332675E-03
    4.731513886856E-05   -8.790297672144E+03    8.913029843143E+03    2.591646641866E+01   -2.587802995722E+01    9.477284439022E-01   -9.747083366120E-01    3.176177973214E+01    6.457448529251E-03   -6.946534838055E-03
    5.011873702437E-05   -8.247023592422E+03    8.368340129111E+03    2.431567379930E+01   -2.430042991709E+01    8.886142884600E-01   -9.155783419613E-01    3.139539245603E+01    4.909157541665E-04   -6.942962451291E-03
    5.308845881011E-05   -7.737128448604E+03    7.857045518220E+03    2.281245832934E+01   -2.281991476589E+01    8.331351005779E-01   -8.597895124644E-01    3.103318922185E+01   -5.348251938373E-03   -6.935463267602E-03
    5.623414766941E-05   -7.258563671051E+03    7.377097253061E+03    2.140084887061E+01   -2.143051901248E+01    7.810680839353E-01   -8.076871921507E-01    3.067512140257E+01   -1.106148324566E-02   -6.924199634707E-03
    5.956623030659E-05   -6.809406392118E+03    6.926572280247E+03    2.007524048341E+01   -2.012664329617E+01    7.322040965123E-01   -7.587754027579E-01    3.032114089640E+01   -1.665022164853E-02   -6.909330395547E-03
    6.309575124703E-05   -6.387851733273E+03    6.503665537508E+03    1.883037195981E+01   -1.890303253954E+01    6.863461904730E-01   -7.128541934257E-01    2.997120011911E+01   -2.211592230105E-02   -6.891010912991E-03
    6.683440944536E-05   -5.992205565464E+03    6.106682714029E+03    1.766130473495E+01   -1.775475234336E+01    6.433113408257E-01   -6.697423944057E-01    2.962525199647E+01   -2.745993748712E-02   -6.869393105057E-03
    7.079459706283E-05   -5.620877713702E+03    5.734033455002E+03    1.656340341349E+01   -1.667717303293E+01    6.029259034568E-01   -6.292684372696E-01    2.928324995664E+01   -3.268368921588E-02   -6.844625516597E-03
    7.498944054238E-05   -5.272375578593E+03    5.384224983131E+03    1.553231588767E+01   -1.566594847267E+01    5.650274766836E-01   -5.912696374941E-01    2.894514792293E+01   -3.778861068549E-02   -6.816853339969E-03
    7.943284411759E-05   -4.945298149237E+03    5.055856111505E+03    1.456395842944E+01   -1.471699929048E+01    5.294636097480E-01   -5.555940973337E-01    2.861090030627E+01   -4.277594012410E-02   -6.786218428606E-03
    8.413953589964E-05   -4.638330383501E+03    4.747611623830E+03    1.365449540381E+01   -1.382649650882E+01    4.960908887451E-01   -5.232155406544E-01    2.828046199689E+01   -4.764705729347E-02   -6.752859398749E-03
    8.912511669514E-05   -4.350237933083E+03    4.458256999482E+03    1.280033078966E+01   -1.299084794752E+01    4.647763428612E-01   -4.916848673674E-01    2.795378835799E+01   -5.240335838266E-02   -6.716913072607E-03
    9.440611171657E-05   -4.079862192258E+03    4.186633462213E+03    1.199808220088E+01   -1.220667662030E+01    4.353919991228E-01   -4.620819354995E-01    2.763083521791E+01   -5.704606704827E-02   -6.678504234745E-03
    1.000000253568E-04   -3.826115650412E+03    3.931653332659E+03    1.124458024894E+01   -1.147081813876E+01    4.078202659957E-01   -4.334012422782E-01    2.731155886260E+01   -6.157650588497E-02   -6.637772416873E-03
    1.059253992091E-04   -3.587977529744E+03    3.692295666012E+03    1.053684809525E+01   -1.078030059393E+01    3.819500088272E-01   -4.073706965151E-01    2.699591602813E+01   -6.599594934417E-02   -6.594838992841E-03
    1.122018735254E-04   -3.364489690619E+03    3.467602157350E+03    9.872091399600E+00   -1.013233451285E+01    3.576769002902E-01   -3.829290475354E-01    2.668386389346E+01   -7.030577570327E-02   -6.549826801463E-03
    1.188502523153E-04   -3.154752788177E+03    3.256673298211E+03    9.247687124269E+00   -9.524301566443E+00    3.349030030335E-01   -3.599788258767E-01    2.637536007212E+01   -7.450697153936E-02   -6.502855635531E-03
    1.258925723037E-04   -2.957922664754E+03    3.058664768984E+03    8.661173025377E+00   -8.953744451059E+00    3.135363779047E-01   -3.384285483693E-01    2.607036260501E+01   -7.860091239950E-02   -6.454042306340E-03
    1.333521759735E-04   -2.773206963661E+03    2.872784052664E+03    8.110237789079E+00   -8.418356439257E+00    2.934907163027E-01   -3.181920991233E-01    2.576882995311E+01   -8.258880017087E-02   -6.403500649035E-03
    1.412537889366E-04   -2.599861950736E+03    2.698287256375E+03    7.592712856118E+00   -7.915972511172E+00    2.746847136677E-01   -2.991896421853E-01    2.547072098962E+01   -8.647182648906E-02   -6.351341572292E-03
    1.496236018893E-04   -2.437189530924E+03    2.534476127913E+03    7.106559332592E+00   -7.444560567723E+00    2.570428822788E-01   -2.813447825681E-01    2.517599499227E+01   -9.025117088006E-02   -6.297673090941E-03
    1.584893574245E-04   -2.284534447905E+03    2.380695255356E+03    6.649867438965E+00   -7.002215084422E+00    2.404935261537E-01   -2.645867775776E-01    2.488461163562E+01   -9.392799736592E-02   -6.242602307464E-03
    1.678804419868E-04   -2.141281655560E+03    2.236329438491E+03    6.220840532598E+00   -6.587142100563E+00    2.249696122429E-01   -2.488489938876E-01    2.459653098360E+01   -9.750345439202E-02   -6.186228697551E-03
    1.778279832772E-04   -2.006853850714E+03    2.100801221529E+03    5.817795098201E+00   -6.197663237078E+00    2.104081225274E-01   -2.340688913672E-01    2.431171348036E+01   -1.009786752478E-01   -6.128651678184E-03
    1.883649534286E-04   -1.880709157263E+03    1.973568577204E+03    5.439149566809E+00   -5.832201360617E+00    1.967502478550E-01   -2.201877717195E-01    2.403011994371E+01   -1.043547778657E-01   -6.069968838211E-03
    1.995262782958E-04   -1.762338952404E+03    1.854122732971E+03    5.083419380397E+00   -5.489276983090E+00    1.832950467699E-01   -2.071505110628E-01    2.375171155668E+01   -1.076328848114E-01   -6.010274814307E-03
    2.113489532207E-04   -1.651265826247E+03    1.741986130587E+03    4.749210938644E+00   -5.167498306079E+00    1.719261868914E-01   -1.949054710231E-01    2.347644985945E+01   -1.108140436962E-01   -5.949660728027E-03
    2.238721656565E-04   -1.547041666612E+03    1.636710510881E+03    4.435216020042E+00   -4.865563666701E+00    1.606591468453E-01   -1.834040799221E-01    2.320429674119E+01   -1.138993471012E-01   -5.888215331523E-03
    2.371374250594E-04   -1.449245861351E+03    1.537875116038E+03    4.140206545322E+00   -4.582248113490E+00    1.500932548331E-01   -1.726007887731E-01    2.293521443193E+01   -1.168900605754E-01   -5.826024758672E-03
    2.511887004750E-04   -1.357483610970E+03    1.445085002193E+03    3.863029662234E+00   -4.316403162424E+00    1.401854330072E-01   -1.624528467685E-01    2.266916549393E+01   -1.197868078878E-01   -5.763172772661E-03
    2.660725662789E-04   -1.271384344782E+03    1.357969455552E+03    3.602603131449E+00   -4.066950384169E+00    1.308952398695E-01   -1.529201294653E-01    2.240611281300E+01   -1.225906391234E-01   -5.699739929932E-03
    2.818383565518E-04   -1.190600234251E+03    1.276180505702E+03    3.357910996358E+00   -3.832879524487E+00    1.221847088441E-01   -1.439649774376E-01    2.214601959049E+01   -1.253031307644E-01   -5.635804940260E-03
    2.985383286022E-04   -1.114804797546E+03    1.199391530132E+03    3.128001302304E+00   -3.613237035748E+00    1.140181967054E-01   -1.355525065754E-01    2.188884933433E+01   -1.279247166063E-01   -5.571443622063E-03
    3.162278361789E-04   -1.043691589728E+03    1.127295944389E+03    2.911974644255E+00   -3.407133285365E+00    1.063622391281E-01   -1.276478863578E-01    2.163456585020E+01   -1.304565674557E-01   -5.506729867603E-03
    3.349655129464E-04   -9.769729732989E+02    1.059605972587E+03    2.708993110380E+00   -3.213731507038E+00    9.918542404878E-02   -1.202218911748E-01    2.138313323253E+01   -1.328996513020E-01   -5.441731896878E-03
    3.548134668321E-04   -9.143789641905E+02    9.960514933710E+02    2.518267653015E+00   -3.032246336900E+00    9.245825937431E-02   -1.132453177115E-01    2.113451585564E+01   -1.352549212682E-01   -5.376524050168E-03
    3.758374858894E-04   -8.556561485662E+02    9.363789566725E+02    2.339056965601E+00   -2.861940658379E+00    8.615305695200E-02   -1.066892718615E-01    2.088867836360E+01   -1.375232873150E-01   -5.311169700077E-03
    3.981072563587E-04   -8.005666660823E+02    8.803503669417E+02    2.170665868494E+00   -2.702123439439E+00    8.024382274994E-02   -1.005283317448E-01    2.064558566144E+01   -1.397057300817E-01   -5.245732902767E-03
    4.216965936497E-04   -7.488872555384E+02    8.277423287596E+02    2.012441513571E+00   -2.552142957328E+00    7.470615318430E-02   -9.473914318977E-02    2.040520290546E+01   -1.418031295764E-01   -5.180277679969E-03
    4.466836870101E-04   -7.004083590861E+02    7.783451510098E+02    1.863771005686E+00   -2.411392179714E+00    6.951713778899E-02   -8.929865578901E-02    2.016749549332E+01   -1.438163796547E-01   -5.114858880878E-03
    4.731513586915E-04   -6.549332814035E+02    7.319620060149E+02    1.724078953397E+00   -2.279299716822E+00    6.465526785521E-02   -8.418555984417E-02    1.993242905391E+01   -1.457463593205E-01   -5.049533819994E-03
    5.011873384724E-04   -6.122774004629E+02    6.884081402653E+02    1.592825170048E+00   -2.155325861387E+00    6.010035067291E-02   -7.937987903028E-02    1.969996943726E+01   -1.475939326767E-01   -4.984361946343E-03
    5.308845544473E-04   -5.722674267254E+02    6.475101335748E+02    1.469504257838E+00   -2.038968254931E+00    5.583342906059E-02   -7.486286395440E-02    1.947008270402E+01   -1.493598843510E-01   -4.919393799861E-03
    5.623414410462E-04   -5.347407077942E+02    6.091052036908E+02    1.353636506244E+00   -1.929754015597E+00    5.183670575015E-02   -7.061691674767E-02    1.924273511418E+01   -1.510452422008E-01   -4.854680019983E-03
    5.956622653057E-04   -4.995445757309E+02    5.730405535724E+02    1.244776773800E+00   -1.827239324452E+00    4.809347251479E-02   -6.662552025350E-02    1.901789311684E+01   -1.526506319116E-01   -4.790269107521E-03
    6.309574724727E-04   -4.665357344243E+02    5.391727587152E+02    1.142505954924E+00   -1.731007640837E+00    4.458804357096E-02   -6.287315636927E-02    1.879552333873E+01   -1.541769222110E-01   -4.726207458638E-03
    6.683440520859E-04   -4.355796845499E+02    5.073671920682E+02    1.046428806183E+00   -1.640668027162E+00    4.130569309311E-02   -5.934530607078E-02    1.857559257264E+01   -1.556249021851E-01   -4.662539390369E-03
    7.079459257502E-04   -4.065501838150E+02    4.774974842338E+02    9.561753947746E-01   -1.555853576451E+00    3.823263454164E-02   -5.602827913160E-02    1.835806776572E+01   -1.569955586797E-01   -4.599315554687E-03
    7.498943578865E-04   -3.793287403246E+02    4.494450167888E+02    8.713999787033E-01   -1.476219936384E+00    3.535581014854E-02   -5.290929025513E-02    1.814291600743E+01   -1.582892221785E-01   -4.536554033656E-03
    7.943283908219E-04   -3.538041370359E+02    4.230984466907E+02    7.917756286404E-01   -1.401444807934E+00    3.266304120382E-02   -4.997628764059E-02    1.793010451681E+01   -1.595068513562E-01   -4.474312206847E-03
    8.413953056587E-04   -3.298719853935E+02    3.983532598655E+02    7.169961995143E-01   -1.331224039417E+00    3.014296644852E-02   -4.721797755609E-02    1.771960062989E+01   -1.606491742112E-01   -4.412620944688E-03
    8.912511104532E-04   -3.074343063539E+02    3.751113521836E+02    6.467742536915E-01   -1.265271877355E+00    2.778481360793E-02   -4.462375912287E-02    1.751137178678E+01   -1.617169032390E-01   -4.351514564660E-03
    9.440610573198E-04   -2.863991371215E+02    3.532806361447E+02    5.808399155048E-01   -1.203321197245E+00    2.557849285355E-02   -4.218368166823E-02    1.730538551808E+01   -1.627107353615E-01   -4.291025455321E-03
    1.000000190176E-03   -2.666801620168E+02    3.327746716941E+02    5.189397961838E-01   -1.145123218954E+00    2.351454751688E-02   -3.988840470022E-02    1.710160943107E+01   -1.636313518185E-01   -4.231184100938E-03
    1.059253924943E-03   -2.481963659963E+02    3.135123196887E+02    4.608359846827E-01   -1.090443613171E+00    2.158409554276E-02   -3.772916033175E-02    1.690001119553E+01   -1.644794258765E-01   -4.172019106222E-03
    1.122018664127E-03   -2.308717094341E+02    2.954174166245E+02    4.063051006911E-01   -1.039057663340E+00    1.977879944890E-02   -3.569771801476E-02    1.670055852922E+01   -1.652555837233E-01   -4.113557213884E-03
    1.188502447811E-03   -2.146348228629E+02    2.784184693188E+02    3.551374053112E-01   -9.907600325017E-01    1.809084735272E-02   -3.378635145144E-02    1.650321918232E+01   -1.659604823443E-01   -4.055823338310E-03
    1.258925643231E-03   -1.994187204458E+02    2.624483683260E+02    3.071354098324E-01   -9.453561968841E-01    1.651285052830E-02   -3.198780751690E-02    1.630796092252E+01   -1.665947314434E-01   -3.998832608758E-03
    1.333521675200E-03   -1.851605310330E+02    2.474441189333E+02    2.621153557858E-01   -9.026635947905E-01    1.503795675808E-02   -3.029527709816E-02    1.611475151888E+01   -1.671590651430E-01   -3.942623274705E-03
    1.412537799822E-03   -1.718012457239E+02    2.333465886612E+02    2.199030299642E-01   -8.625108909844E-01    1.365968026056E-02   -2.870236772046E-02    1.592355872540E+01   -1.676538011845E-01   -3.887211884419E-03
    1.496235924044E-03   -1.592854809206E+02    2.201002702539E+02    1.803354124957E-01   -8.247372862428E-01    1.237194722209E-02   -2.720260089446E-02    1.573435026415E+01   -1.680796423640E-01   -3.832603275652E-03
    1.584893473776E-03   -1.475612559248E+02    2.076530592096E+02    1.432594347486E-01   -7.891917910463E-01    1.116905733471E-02   -2.579177638743E-02    1.554709380787E+01   -1.684371405288E-01   -3.778820482082E-03
    1.678804313446E-03   -1.365797841829E+02    1.959560449595E+02    1.085311706567E-01   -7.557330081705E-01    1.004565384846E-02   -2.446316480046E-02    1.536175696199E+01   -1.687268308184E-01   -3.725876962376E-03
    1.778279720043E-03   -1.262952773451E+02    1.849633148556E+02    7.601608227474E-02   -7.242277798613E-01    8.996731606682E-03   -2.321227999525E-02    1.517830724611E+01   -1.689492315659E-01   -3.673787164716E-03
    1.883649414877E-03   -1.166647613492E+02    1.746317701847E+02    4.558715205791E-02   -6.945512980224E-01    8.017576602919E-03   -2.203445741470E-02    1.499671207515E+01   -1.691048441507E-01   -3.622561160815E-03
    1.995262656475E-03   -1.076479037939E+02    1.649209534672E+02    1.712554711762E-02   -6.665861230826E-01    7.103760194276E-03   -2.092531675318E-02    1.481693873968E+01   -1.691941528872E-01   -3.572208272733E-03
    2.113489398229E-03   -9.920685190828E+01    1.557928863506E+02   -9.480495452759E-03   -6.402241364007E-01    6.251127100076E-03   -1.988074438968E-02    1.463895438580E+01   -1.692176249332E-01   -3.522736179356E-03
    2.238721514648E-03   -9.130608046671E+01    1.472119174468E+02   -3.433581183095E-02   -6.153603023127E-01    5.455813561854E-03   -1.889687689741E-02    1.446272599435E+01   -1.691757101821E-01   -3.474150932105E-03
    2.371374100268E-03   -8.391224904018E+01    1.391445795022E+02   -5.753896143624E-02   -5.918984642516E-01    4.714156307256E-03   -1.797009889631E-02    1.428822035956E+01   -1.690688411769E-01   -3.426456969383E-03
    2.511886845517E-03   -7.699406801068E+01    1.315594553297E+02   -7.918245634621E-02   -5.697477782063E-01    4.022732218110E-03   -1.709697442174E-02    1.411540406710E+01   -1.688974330340E-01   -3.379663043761E-03
    2.660725494121E-03   -7.052217281092E+01    1.244270519631E+02   -9.935299120517E-02   -5.488229814642E-01    3.378330831326E-03   -1.627431565586E-02    1.394424347149E+01   -1.686618443168E-01   -3.333752668765E-03
    2.818383386855E-03   -6.446900588526E+01    1.177196825308E+02   -1.181323612887E-01   -5.290440486731E-01    2.777941491051E-03   -1.549911436150E-02    1.377470467292E+01   -1.683625335407E-01   -3.288743261894E-03
    2.985383096773E-03   -5.880870589816E+01    1.114113553736E+02   -1.355969471481E-01   -5.103358690627E-01    2.218736743376E-03   -1.476854402477E-02    1.360675349334E+01   -1.679998238382E-01   -3.244627024343E-03
    3.162278161326E-03   -5.351700374542E+01    1.054776699639E+02   -1.518183642939E-01   -4.926279435113E-01    1.698079468977E-03   -1.407994857176E-02    1.344035545202E+01   -1.675740601390E-01   -3.201400516285E-03
    3.349654917123E-03   -4.857112495103E+01    9.989571920733E+01   -1.668645940758E-01   -4.758541002930E-01    1.213484097201E-03   -1.343083177600E-02    1.327547574037E+01   -1.670855698283E-01   -3.159058752096E-03
    3.548134443398E-03   -4.394969805800E+01    9.464399773591E+01   -1.807987436908E-01   -4.599522283963E-01    7.626237807238E-04   -1.281884732595E-02    1.311207919621E+01   -1.665346628225E-01   -3.117595212868E-03
    3.758374620643E-03   -3.963266864494E+01    8.970231582592E+01   -1.936802095449E-01   -4.448640270836E-01    3.433232167753E-04   -1.224150588586E-02    1.295013027764E+01   -1.659216315871E-01   -3.077002920889E-03
    3.981072311218E-03   -3.560121862457E+01    8.505171859310E+01   -2.055644967142E-01   -4.305353322894E-01   -4.645956833501E-05   -1.169758494193E-02    1.278959303584E+01   -1.652467513148E-01   -3.037270009825E-03
    4.216965669175E-03   -3.183769049893E+01    8.067441014365E+01   -2.165047265649E-01   -4.169136173501E-01   -4.086341183817E-04   -1.118428153371E-02    1.263043108757E+01   -1.645102800901E-01   -2.998386944834E-03
    4.466836586940E-03   -2.832551626794E+01    7.655368237592E+01   -2.265497087967E-01   -4.039512593337E-01   -7.449905774303E-04   -1.070004607166E-02    1.247260758712E+01   -1.637124598630E-01   -2.960340516141E-03
    4.731513286975E-03   -2.504915070564E+01    7.267384814773E+01   -2.357456079936E-01   -3.916029913998E-01   -1.057207952045E-03   -1.024315261630E-02    1.231608519766E+01   -1.628535129351E-01   -2.923116821753E-03
    5.011873067012E-03   -2.199400873652E+01    6.902017854118E+01   -2.441357518996E-01   -3.798263198951E-01   -1.346849102274E-03   -9.811977034351E-03    1.216082606200E+01   -1.619335806116E-01   -2.886700209251E-03
    5.308845207934E-03   -1.914640665942E+01    6.557884397485E+01   -2.517606151193E-01   -3.685813539045E-01   -1.615386086795E-03   -9.404990611850E-03    1.200679177337E+01   -1.609529936991E-01   -2.851073512624E-03
    5.623414053982E-03   -1.649350698415E+01    6.233685892593E+01   -2.586584616331E-01   -3.578306454056E-01   -1.864182826897E-03   -9.020754637029E-03    1.185394334554E+01   -1.599118594426E-01   -2.816215556503E-03
    5.956622275455E-03   -1.402326665935E+01    5.928203004115E+01   -2.648654836645E-01   -3.475390397113E-01   -2.094528537573E-03   -8.657912351009E-03    1.170224118230E+01   -1.588103401151E-01   -2.782111114605E-03
    6.309574324750E-03   -1.172438848217E+01    5.640290742988E+01   -2.704150979395E-01   -3.376735351847E-01   -2.307616944295E-03   -8.315186666555E-03    1.155164504720E+01   -1.576485838676E-01   -2.748735933774E-03
    6.683440097183E-03   -9.586275495582E+00    5.368873894354E+01   -2.753385683931E-01   -3.282036185503E-01   -2.504561024491E-03   -7.991375252625E-03    1.140211403297E+01   -1.564267255176E-01   -2.716066732628E-03
    7.079458808720E-03   -7.598988189577E+00    5.112942725856E+01   -2.796656005658E-01   -3.190988087901E-01   -2.686414239740E-03   -7.685342759740E-03    1.125360653101E+01   -1.551448874368E-01   -2.684078683585E-03
    7.498943103492E-03   -5.753204335099E+00    4.871548959043E+01   -2.834239353493E-01   -3.103332086101E-01   -2.854144070668E-03   -7.396018922698E-03    1.110608020057E+01   -1.538031806861E-01   -2.652745415997E-03
    7.943283404678E-03   -4.040181284914E+00    4.643801988150E+01   -2.866390961990E-01   -3.018807302000E-01   -3.008657024799E-03   -7.122407946132E-03    1.095949193981E+01   -1.524017059677E-01   -2.622041008422E-03
    8.413952523210E-03   -2.451720597608E+00    4.428865330423E+01   -2.893365220524E-01   -2.937175132615E-01   -3.150797126904E-03   -6.863527262766E-03    1.081379785506E+01   -1.509405551213E-01   -2.591931875018E-03
    8.912510539550E-03   -9.801348349252E-01    4.225953294474E+01   -2.915385679466E-01   -2.858206128993E-01   -3.281347668200E-03   -6.618490347544E-03    1.066895323198E+01   -1.494198499782E-01   -2.562388519446E-03
    9.440609974739E-03    3.817835982084E-01    4.034327853075E+01   -2.932667038673E-01   -2.781690573060E-01   -3.401042060400E-03   -6.386447508668E-03    1.052491250751E+01   -1.478395571701E-01   -2.533379014645E-03
    1.000000126784E-02    1.640791697017E+00    3.853295707955E+01   -2.945410662192E-01   -2.707429899856E-01   -3.510550041291E-03   -6.166593176906E-03    1.038162924279E+01   -1.461999638856E-01   -2.504868699701E-03
    1.059253857795E-02    2.803223301231E+00    3.682205534864E+01   -2.953802851043E-01   -2.635237914250E-01   -3.610510620619E-03   -5.958165544552E-03    1.023905609734E+01   -1.445009053268E-01   -2.476821594023E-03
    1.122018593000E-02    3.875014852521E+00    3.520445398037E+01   -2.958028442661E-01   -2.564940086538E-01   -3.701499025978E-03   -5.760443237550E-03    1.009714480545E+01   -1.427425563452E-01   -2.449200648303E-03
    1.188502372469E-02    4.861729569662E+00    3.367440323791E+01   -2.958244285388E-01   -2.496372894180E-01   -3.784052140242E-03   -5.572743787472E-03    9.955846155085E+00   -1.409249942839E-01   -2.421965437586E-03
    1.258925563425E-02    5.768580133939E+00    3.222650023211E+01   -2.954612307029E-01   -2.429383220047E-01   -3.858665164866E-03   -5.394416413417E-03    9.815109967593E+00   -1.390483028725E-01   -2.395075544389E-03
    1.333521590666E-02    6.600449984123E+00    3.085566755455E+01   -2.947277063221E-01   -2.363833157777E-01   -3.925786775825E-03   -5.224846904399E-03    9.674885081791E+00   -1.371125754265E-01   -2.368487739066E-03
    1.412537710278E-02    7.361913303368E+00    2.955713322892E+01   -2.936375967406E-01   -2.299572669448E-01   -3.985850301388E-03   -5.063449541152E-03    9.535119341213E+00   -1.351179184499E-01   -2.342158747143E-03
    1.496235829195E-02    8.057253780184E+00    2.832641190195E+01   -2.922032978322E-01   -2.236492768166E-01   -4.039230980833E-03   -4.909670532720E-03    9.395759585406E+00   -1.330644556028E-01   -2.316041883625E-03
    1.584893373306E-02    8.690482218700E+00    2.715928719902E+01   -2.904380185231E-01   -2.174471433347E-01   -4.086278430859E-03   -4.762979639304E-03    9.256751645344E+00   -1.309523322015E-01   -2.290089289084E-03
    1.678804207023E-02    9.265353076303E+00    2.605179517899E+01   -2.883526143490E-01   -2.113399783000E-01   -4.127302190304E-03   -4.622872750540E-03    9.118040346436E+00   -1.287817198492E-01   -2.264251353690E-03
    1.778279607314E-02    9.785379985894E+00    2.500020881593E+01   -2.859578411776E-01   -2.053181088056E-01   -4.162607629566E-03   -4.488869090070E-03    8.979569515117E+00   -1.265527089086E-01   -2.238476692687E-03
    1.883649295469E-02    1.025385033405E+01    2.400102345231E+01   -2.832638449173E-01   -1.993713942335E-01   -4.192444420433E-03   -4.360509704689E-03    8.841281993317E+00   -1.242657783961E-01   -2.212712168059E-03
    1.995262529991E-02    1.067383895458E+01    2.305094316639E+01   -2.802802124435E-01   -1.934915728296E-01   -4.217044470540E-03   -4.237356017639E-03    8.703119661416E+00   -1.219211464977E-01   -2.186902884559E-03
    2.113489264250E-02    1.104822099272E+01    2.214686799962E+01   -2.770160213424E-01   -1.876706773264E-01   -4.236605405043E-03   -4.118987212234E-03    8.565023470074E+00   -1.195190171930E-01   -2.160991188391E-03
    2.238721372731E-02    1.137968399387E+01    2.128588199499E+01   -2.734795450475E-01   -1.819014019641E-01   -4.251327017124E-03   -4.005004146258E-03    8.426933482226E+00   -1.170598556730E-01   -2.134920714402E-03
    2.371373949942E-02    1.167073926658E+01    2.046524199968E+01   -2.696796579539E-01   -1.761770845237E-01   -4.261357436063E-03   -3.895020627426E-03    8.288788926178E+00   -1.145441217971E-01   -2.108630427724E-03
    2.511886686283E-02    1.192373257629E+01    1.968236719425E+01   -2.656239390217E-01   -1.704916903201E-01   -4.266826828281E-03   -3.788667335132E-03    8.150528264735E+00   -1.119723502784E-01   -2.082058577838E-03
    2.660725325452E-02    1.214085419551E+01    1.893482929657E+01   -2.613198386966E-01   -1.648398008461E-01   -4.267853975908E-03   -3.685597048489E-03    8.012089273704E+00   -1.093449631603E-01   -2.055141821956E-03
    2.818383208192E-02    1.232414837437E+01    1.822034341619E+01   -2.567746055988E-01   -1.592168253517E-01   -4.264537690859E-03   -3.585454330363E-03    7.873409140152E+00   -1.066630704132E-01   -2.027815277687E-03
    2.985382907523E-02    1.247552226191E+01    1.753675951853E+01   -2.519948768842E-01   -1.536178902817E-01   -4.256956269517E-03   -3.487919539673E-03    7.734424577899E+00   -1.039272955741E-01   -2.000012608325E-03
    3.162277960863E-02    1.259675431934E+01    1.688205446827E+01   -2.469883560069E-01   -1.480400447544E-01   -4.245176282075E-03   -3.392678059946E-03    7.595071963098E+00   -1.011385781399E-01   -1.971666128811E-03
    3.349654704782E-02    1.268950226114E+01    1.625432462215E+01   -2.417612844622E-01   -1.424799902977E-01   -4.229204799472E-03   -3.299427434874E-03    7.455287491627E+00   -9.829798892081E-02   -1.942706939715E-03
    3.548134218475E-02    1.275531056502E+01    1.565177894676E+01   -2.363199999376E-01   -1.369354333733E-01   -4.209083842948E-03   -3.207876993403E-03    7.315007362697E+00   -9.540674380974E-02   -1.913065099499E-03
    3.758374382392E-02    1.279561757828E+01    1.507273263306E+01   -2.306715288580E-01   -1.314044967980E-01   -4.184809562556E-03   -3.117747508701E-03    7.174167988628E+00   -9.246623570786E-02   -1.882669765073E-03
    3.981072058850E-02    1.281176225281E+01    1.451560118486E+01   -2.248222753999E-01   -1.258859773420E-01   -4.156390228102E-03   -3.028771089156E-03    7.032706233425E+00   -8.947798636876E-02   -1.851449458799E-03
    4.216965401853E-02    1.280499054807E+01    1.397889496405E+01   -2.187806360401E-01   -1.203792922062E-01   -4.123798641385E-03   -2.940691118611E-03    6.890559685974E+00   -8.644369405538E-02   -1.819332319232E-03
    4.466836303778E-02    1.277646152717E+01    1.346121417059E+01   -2.125501510629E-01   -1.148844907228E-01   -4.086993197348E-03   -2.853262338597E-03    6.747666968804E+00   -8.336542002223E-02   -1.786246408241E-03
    4.731512987035E-02    1.272725317725E+01    1.296124424077E+01   -2.061396264026E-01   -1.094022680749E-01   -4.045943599235E-03   -2.766247978065E-03    6.603968086341E+00   -8.024529430146E-02   -1.752120065528E-03
    5.011872749299E-02    1.265836798118E+01    1.247775164744E+01   -1.995563122005E-01   -1.039339808953E-01   -4.000586895331E-03   -2.679432526330E-03    6.459404815628E+00   -7.708574623704E-02   -1.716882337819E-03
    5.308844871396E-02    1.257073828010E+01    1.200958008997E+01   -1.928076904004E-01   -9.848166407326E-02   -3.950857469784E-03   -2.592603489196E-03    6.313921146319E+00   -7.388947321401E-02   -1.680463422608E-03
    5.623413697503E-02    1.246523143318E+01    1.155564705607E+01   -1.859015923966E-01   -9.304804925841E-02   -3.896681345848E-03   -2.505564590669E-03    6.167463767633E+00   -7.065946207553E-02   -1.642793261606E-03
    5.956621897853E-02    1.234265482290E+01    1.111494074852E+01   -1.788463472920E-01   -8.763658398190E-02   -3.837977544168E-03   -2.418133440671E-03    6.019982612465E+00   -6.739901100636E-02   -1.603810002607E-03
    6.309573924774E-02    1.220376072447E+01    1.068651736337E+01   -1.716504315049E-01   -8.225145125858E-02   -3.774659529529E-03   -2.330142506756E-03    5.871431460232E+00   -6.411175200807E-02   -1.563448919868E-03
    6.683439673506E-02    1.204925106779E+01    1.026949870937E+01   -1.643238857953E-01   -7.689758912370E-02   -3.706636822592E-03   -2.241440260845E-03    5.721768603030E+00   -6.080167381597E-02   -1.521651051021E-03
    7.079458359939E-02    1.187978211881E+01    9.863070159392E+00   -1.568764190755E-01   -7.158063177272E-02   -3.633811719408E-03   -2.151892505714E-03    5.570957579553E+00   -5.747314502888E-02   -1.478362111369E-03
    7.498942628119E-02    1.169596910876E+01    9.466478923485E+00   -1.493187575211E-01   -6.630723980412E-02   -3.556101373251E-03   -2.061383837187E-03    5.418967981201E+00   -5.413087813222E-02   -1.433533466820E-03
    7.943282901137E-02    1.149839083816E+01    9.079032631474E+00   -1.416622535879E-01   -6.108464376028E-02   -3.473410149391E-03   -1.969819411564E-03    5.265776333646E+00   -5.078018833151E-02   -1.387123232126E-03
    8.413951989832E-02    1.128759427845E+01    8.700098222232E+00   -1.339195852968E-01   -5.592097310123E-02   -3.385651793645E-03   -1.877126762467E-03    5.111367059363E+00   -4.742666194827E-02   -1.339097472821E-03
    8.912509974568E-02    1.106409920572E+01    8.329101120903E+00   -1.261039182395E-01   -5.082518479633E-02   -3.292747316151E-03   -1.783257864899E-03    4.955733523691E+00   -4.407641286751E-02   -1.289431530228E-03
    9.440609376280E-02    1.082840288917E+01    7.965524695500E+00   -1.182295872583E-01   -4.580706629670E-02   -3.194628060505E-03   -1.688191359156E-03    4.798879167720E+00   -4.073604295644E-02   -1.238111472077E-03
    1.000000063392E-01    1.058098486206E+01    7.608909978058E+00   -1.103120287103E-01   -4.087723181051E-02   -3.091232758604E-03   -1.591934939169E-03    4.640818730300E+00   -3.741265899689E-02   -1.185135673149E-03
    1.059253790647E-01    1.032231180353E+01    7.258855636620E+00   -1.023676617791E-01   -3.604710994456E-02   -2.982536640691E-03   -1.494527836517E-03    4.481579561835E+00   -3.411388640266E-02   -1.130516504468E-03
    1.122018521873E-01    1.005284255054E+01    6.915018165971E+00   -9.441475039121E-02   -3.132885911529E-02   -2.868517821274E-03   -1.396043448385E-03    4.321203024296E+00   -3.084781970537E-02   -1.074282158473E-03
    1.188502297128E-01    9.773033273533E+00    6.577112292836E+00   -8.647231090088E-02   -2.673558914477E-02   -2.749187090797E-03   -1.296592181010E-03    4.159745984295E+00   -2.762326731220E-02   -1.016478665163E-03
    1.258925483619E-01    9.483342837819E+00    6.244911556860E+00   -7.856095054782E-02   -2.228092823609E-02   -2.624586724419E-03   -1.196324061660E-03    3.997282391867E+00   -2.444939146477E-02   -9.571718937010E-04
    1.333521506131E-01    9.184238362948E+00    5.918249030364E+00   -7.070273841299E-02   -1.797921746995E-02   -2.494796119702E-03   -1.095431481285E-03    3.833904936039E+00   -2.133593990875E-02   -8.964478493421E-04
    1.412537620735E-01    8.876201020569E+00    5.597018137306E+00   -6.292125686798E-02   -1.384533578628E-02   -2.359937999516E-03   -9.941518919431E-04    3.669726773049E+00   -1.829317007809E-02   -8.344224863373E-04
    1.496235734345E-01    8.559732063813E+00    5.281173541983E+00   -5.524152295062E-02   -9.894708616219E-03   -2.220184693709E-03   -8.927681428051E-04    3.504883317040E+00   -1.533179161149E-02   -7.712324841193E-04
    1.584893272837E-01    8.235359082564E+00    4.970731989554E+00   -4.769046951879E-02   -6.142996724238E-03   -2.075765737027E-03   -7.916181902224E-04    3.339534052039E+00   -1.246304821598E-02   -7.070453190940E-04
    1.678804100600E-01    7.903642552418E+00    4.665773114409E+00   -4.029626335649E-02   -2.606103936079E-03   -1.926975223646E-03   -6.910855966486E-04    3.173864386123E+00   -9.698487135337E-03   -6.420594639652E-04
    1.778279494585E-01    7.565182605495E+00    4.366440065552E+00   -3.308873215379E-02    7.000966540041E-04   -1.774176227695E-03   -5.916079818391E-04    3.008087481450E+00   -7.049995546674E-03   -5.765065302817E-04
    1.883649176061E-01    7.220626037958E+00    4.072939880445E+00   -2.609913673558E-02    3.759934007187E-03   -1.617824054300E-03   -4.936754386339E-04    2.842446040267E+00   -4.529742420000E-03   -5.106531905216E-04
    1.995262403507E-01    6.870673519544E+00    3.785543490349E+00   -1.936031241833E-02    6.558250674780E-03   -1.458452690650E-03   -3.978289939529E-04    2.677213999760E+00   -2.149979288607E-03   -4.448028067339E-04
    2.113489130272E-01    6.516086957574E+00    3.504585226703E+00   -1.290614538337E-02    9.080601680623E-03   -1.296698431143E-03   -3.046618517483E-04    2.512698080997E+00    7.700982051502E-05   -3.792957799378E-04
    2.238721230814E-01    6.157696947663E+00    3.230461679781E+00   -6.771716829704E-03    1.131367803877E-02   -1.133304862169E-03   -2.148109837005E-04    2.349239126381E+00    2.139085934391E-03   -3.145137135677E-04
    2.371373799615E-01    5.796410215980E+00    2.963629740135E+00   -9.928542867336E-04    1.324557226796E-02   -9.691311597175E-04   -1.289547081392E-04    2.187213146792E+00    4.024467896553E-03   -2.508740761688E-04
    2.511886527050E-01    5.433216925753E+00    2.704603632525E+00    4.394108670915E-03    1.486631790281E-02   -8.051578112992E-04   -4.780566811690E-05    2.027031985237E+00    5.721911138163E-03   -1.888323549838E-04
    2.660725156783E-01    5.069197680948E+00    2.453950730717E+00    9.352836079425E-03    1.616819359366E-02   -6.425003031904E-04    2.790085844057E-05    1.869143487643E+00    7.220932390231E-03   -1.288807461216E-04
    2.818383029529E-01    4.705530010905E+00    2.212285920901E+00    1.384745386858E-02    1.714628896635E-02   -4.824025155649E-04    9.741858796874E-05    1.714031053456E+00    8.512154262954E-03   -7.154188012476E-05
    2.985382718274E-01    4.343494062406E+00    1.980264263208E+00    1.784313530091E-02    1.779898902941E-02   -3.262452071429E-04    1.600077795955E-04    1.562212419750E+00    9.587535191472E-03   -1.736602601922E-05
    3.162277760400E-01    3.984477153111E+00    1.758571686166E+00    2.130701317808E-02    1.812846742388E-02   -1.755457507276E-04    2.149538625497E-04    1.414237511622E+00    1.044076255365E-02    3.307709271615E-05
    3.349654492440E-01    3.629976758204E+00    1.547913440728E+00    2.420890774411E-02    1.814134097086E-02   -3.194799233191E-05    2.615900938660E-04    1.270685170958E+00    1.106759599540E-02    7.920806147445E-05
    3.548133993551E-01    3.281601398635E+00    1.349000042522E+00    2.652244874070E-02    1.784899035902E-02    1.027874955572E-04    2.993279131505E-04    1.132158554042E+00    1.146635088455E-02    1.204494319300E-04
    3.758374144141E-01    2.941068782262E+00    1.162530446174E+00    2.822646628739E-02    1.726816544738E-02    2.268043203975E-04    3.276852631249E-04    9.992789687740E-01    1.163820213085E-02    1.562411616833E-04
    3.981071806482E-01    2.610200406092E+00    9.891722324735E-01    2.930611176937E-02    1.642135496908E-02    3.381804217143E-04    3.463232916068E-04    8.726779048314E-01    1.158770473869E-02    1.860597131430E-04
    4.216965134532E-01    2.290911663389E+00    8.295386520108E-01    2.975464296238E-02    1.533707800177E-02    4.349660089098E-04    3.550870961667E-04    7.529869977726E-01    1.132321033157E-02    2.094391834188E-04
    4.466836020616E-01    1.985196304922E+00    6.841624715057E-01    2.957514683191E-02    1.405001397316E-02    5.152445207453E-04    3.540424325517E-04    6.408256638654E-01    1.085728518443E-02    2.259980894123E-04
    4.731512687095E-01    1.695103878723E+00    5.534667216642E-01    2.878247670057E-02    1.260091081138E-02    5.772008945244E-04    3.435198943401E-04    5.367861503261E-01    1.020708401262E-02    2.354707324425E-04
    5.011872431586E-01    1.422708511472E+00    4.377326661146E-01    2.740532212528E-02    1.103619912530E-02    6.192231986865E-04    3.241535736750E-04    4.414157710841E-01    9.394646665348E-03    2.377385165550E-04
    5.308844534858E-01    1.170067095511E+00    3.370656244478E-01    2.548835334256E-02    9.407229500729E-03    6.400158717811E-04    2.969143490639E-04    3.551961499952E-01    8.447075641573E-03    2.328686284604E-04
    5.623413341023E-01    9.391645978558E-01    2.513597112101E-01    2.309430330201E-02    7.769039068931E-03    6.387516861681E-04    2.631352162951E-04    2.785193778743E-01    7.396527233471E-03    2.211523514042E-04
    5.956621520251E-01    7.318438196969E-01    1.802631467903E-01    2.030608462754E-02    6.178537209973E-03    6.152573333315E-04    2.245133223912E-04    2.116611266908E-01    6.280030721884E-03    2.031462683871E-04
    6.309573524797E-01    5.497164760881E-01    1.231465887513E-01    1.722806612535E-02    4.692078965908E-03    5.702230932579E-04    1.830911965260E-04    1.547509596581E-01    5.138840055602E-03    1.797069996624E-04
    6.683439249830E-01    3.940519675286E-01    7.907800963955E-02    1.398702570323E-02    3.362165048754E-03    5.054621251118E-04    1.411962353496E-04    1.077403670954E-01    4.017504906771E-03    1.520238654893E-04
    7.079457911159E-01    2.656396214945E-01    4.680907614044E-02    1.073154119027E-02    2.233475483576E-03    4.241949790746E-04    1.013271270597E-04    7.036945647345E-02    2.962305757596E-03    1.216365273550E-04
    7.498942152746E-01    1.646195362402E-01    2.477989617886E-02    7.629206994345E-03    1.338088683532E-03    3.313588066277E-04    6.596999818488E-05    4.213378523214E-02    2.018982080240E-03    9.043259650030E-05
    7.943282397597E-01    9.027642249158E-02    1.115153706801E-02    4.860156734909E-03    6.901923998824E-04    2.338912859362E-04    3.732181515027E-05    2.225358594250E-02    1.229519181754E-03    6.060687953468E-05
    8.413951456455E-01    4.079007411817E-02    3.879080980491E-03    2.604297240269E-03    2.808401208842E-04    1.409211306322E-04    1.690927957838E-05    9.648673337969E-03    6.276708043701E-04    3.456427176833E-05
    8.912509409587E-01    1.293547855708E-02    8.424207401745E-04    1.017176698941E-03    7.400792488611E-05    6.363014025888E-05    5.099582048693E-06    2.923752810901E-03    2.326352488226E-04    1.471758067496E-05
    9.440608777821E-01    1.725961258190E-03    5.777392173458E-05    1.826039891602E-04    6.706199689306E-06    1.411415919759E-05    5.641550661318E-07    3.709192934605E-04    3.945139018336E-05    3.065430825934E-06
