# Q1 =   100.0000 , Q2 =   500.0000
# x  F2Wp(LO) F2Wm(LO) F2Wp(NLO) F2Wm(NLO) F2Wp(NNLO) F2Wm(NNLO) F2Z(LO) F2Z(NLO) F2Z(NNLO)
    1.000000316960E-05    2.945353148002E+00    2.944944578027E+00    7.503335310936E-03    7.475364794979E-03   -3.997359512440E-04   -4.006564514075E-04    1.998518815099E+00    6.549830633260E-03   -3.332743192162E-04
    1.059254059240E-05    2.928489762606E+00    2.928061937703E+00    7.450121653705E-03    7.430418059384E-03   -4.038248839083E-04   -4.047775588655E-04    1.987067705528E+00    6.510997226694E-03   -3.368198918794E-04
    1.122018806381E-05    2.911725116947E+00    2.911277129699E+00    7.406160877883E-03    7.385632558622E-03   -4.078699346484E-04   -4.088558301371E-04    1.975683232378E+00    6.471670812262E-03   -3.403283568057E-04
    1.188502598494E-05    2.895058732294E+00    2.894589632526E+00    7.362394273722E-03    7.340957926215E-03   -4.118699726556E-04   -4.128901686588E-04    1.964365053500E+00    6.432808162308E-03   -3.437981996382E-04
    1.258925802843E-05    2.878490136620E+00    2.877998929380E+00    7.318814456010E-03    7.296492831868E-03   -4.158243489956E-04   -4.168799557884E-04    1.953112830476E+00    6.394099352500E-03   -3.472302263569E-04
    1.333521844269E-05    2.862018864735E+00    2.861504508188E+00    7.275419326430E-03    7.252176747870E-03   -4.197327857661E-04   -4.208249458754E-04    1.941926228678E+00    6.355508392255E-03   -3.506235276428E-04
    1.412537978909E-05    2.845644458435E+00    2.845105861649E+00    7.232204753695E-03    7.208035560392E-03   -4.235947560395E-04   -4.247246450013E-04    1.930804917325E+00    6.317080296005E-03   -3.539776741407E-04
    1.496236113743E-05    2.829366466649E+00    2.828802487288E+00    7.189166499722E-03    7.163995686397E-03   -4.274097128749E-04   -4.285785400170E-04    1.919748569544E+00    6.278784212742E-03   -3.572922198272E-04
    1.584893674715E-05    2.813184445602E+00    2.812593887498E+00    7.146307896008E-03    7.120088269576E-03   -4.311770889548E-04   -4.323860981874E-04    1.908756862432E+00    6.240615534768E-03   -3.605667017056E-04
    1.678804526291E-05    2.797097958978E+00    2.796479569601E+00    7.103608000081E-03    7.076307375847E-03   -4.348962962426E-04   -4.361467668581E-04    1.897829477127E+00    6.202580998604E-03   -3.638006395106E-04
    1.778279945500E-05    2.781106578101E+00    2.780459045897E+00    7.061071146361E-03    7.032646897143E-03   -4.385667256203E-04   -4.398599731060E-04    1.886966098876E+00    6.164650426922E-03   -3.669935354122E-04
    1.883649653694E-05    2.765209882110E+00    2.764531833726E+00    7.018692623521E-03    6.989100545052E-03   -4.421877465578E-04   -4.435251234147E-04    1.876166417112E+00    6.126832935270E-03   -3.701448737225E-04
    1.995262909442E-05    2.749407458161E+00    2.748697455531E+00    6.976426883826E-03    6.945661844270E-03   -4.457587067640E-04   -4.471416033355E-04    1.865430125526E+00    6.089123409045E-03   -3.732541206103E-04
    2.113489666185E-05    2.733698901621E+00    2.732955438918E+00    6.934353830371E-03    6.902324125811E-03   -4.492785341614E-04   -4.507083814451E-04    1.854756922155E+00    6.051516585534E-03   -3.763203608082E-04
    2.238721798482E-05    2.718083816285E+00    2.717305316728E+00    6.892424086330E-03    6.859078654866E-03   -4.527474021606E-04   -4.542256647273E-04    1.844146509464E+00    6.014015685921E-03   -3.793437995538E-04
    2.371374400920E-05    2.702561814594E+00    2.701746627106E+00    6.850652209632E-03    6.815921791186E-03   -4.561640459166E-04   -4.576922346760E-04    1.833598594439E+00    5.976597770133E-03   -3.823233854454E-04
    2.511887163984E-05    2.687132517867E+00    2.686278913577E+00    6.808993568239E-03    6.772788080781E-03   -4.595277956491E-04   -4.611074607500E-04    1.823112888676E+00    5.939265815908E-03   -3.852585575517E-04
    2.660725831458E-05    2.671795556547E+00    2.670901725123E+00    6.767464655882E-03    6.729794076676E-03   -4.628044239966E-04   -4.644706191983E-04    1.812689108484E+00    5.902013916251E-03   -3.881202962166E-04
    2.818383744181E-05    2.656550570452E+00    2.655614616265E+00    6.726050318749E-03    6.686899550495E-03   -4.660935260562E-04   -4.677809635286E-04    1.802326974985E+00    5.864788317301E-03   -3.909931261984E-04
    2.985383475271E-05    2.641397209042E+00    2.640417147150E+00    6.684751204913E-03    6.644015763461E-03   -4.692939039520E-04   -4.710377242490E-04    1.792026214223E+00    5.827683802592E-03   -3.937912060836E-04
    3.162278562252E-05    2.626335131698E+00    2.625308883636E+00    6.643561154245E-03    6.601180271437E-03   -4.724381817561E-04   -4.742401086245E-04    1.781786557277E+00    5.790676774763E-03   -3.965422384352E-04
    3.349655341806E-05    2.611364008012E+00    2.610289397391E+00    6.602473812207E-03    6.558384582913E-03   -4.755254976795E-04   -4.773873004514E-04    1.771607740379E+00    5.753682379842E-03   -3.992455144114E-04
    3.548134893245E-05    2.596483518093E+00    2.595358265986E+00    6.561480398435E-03    6.515619941148E-03   -4.785549653725E-04   -4.804784598421E-04    1.761489505035E+00    5.716735716555E-03   -4.019003046105E-04
    3.758375097145E-05    2.581693352883E+00    2.580515072996E+00    6.520578504554E-03    6.472877315615E-03   -4.815256737328E-04   -4.835127230372E-04    1.751431598157E+00    5.679829717610E-03   -4.045058589080E-04
    3.981072815955E-05    2.566993214495E+00    2.565759408111E+00    6.480688143279E-03    6.430147393198E-03   -4.844366867392E-04   -4.864892022315E-04    1.741433772195E+00    5.642957099010E-03   -4.070614062966E-04
    4.216966203819E-05    2.552382816554E+00    2.551090867240E+00    6.438967459585E-03    6.387420569123E-03   -4.872871617907E-04   -4.894071073010E-04    1.731495785277E+00    5.606110352947E-03   -4.095662928056E-04
    4.466837153263E-05    2.537861884566E+00    2.536509052630E+00    6.398297302791E-03    6.344686937653E-03   -4.900759350464E-04   -4.922652371936E-04    1.721617401359E+00    5.569281740535E-03   -4.120194791034E-04
    4.731513886856E-05    2.523430156299E+00    2.522013572984E+00    6.357687042383E-03    6.301936282512E-03   -4.928019171375E-04   -4.950627945827E-04    1.711798390374E+00    5.532463284372E-03   -4.144200784279E-04
    5.011873702437E-05    2.509087382174E+00    2.507604043586E+00    6.317157283615E-03    6.259158067074E-03   -4.954642850627E-04   -4.977987736815E-04    1.702038528395E+00    5.495646760938E-03   -4.167674658361E-04
    5.308845881011E-05    2.494833325686E+00    2.493280086426E+00    6.276636846788E-03    6.216341424324E-03   -4.980618995593E-04   -5.004721647868E-04    1.692337597797E+00    5.458823692842E-03   -4.190606742083E-04
    5.623414766941E-05    2.480667763835E+00    2.479041330342E+00    6.236151862248E-03    6.173475941549E-03   -5.005936730300E-04   -5.030819336623E-04    1.682695387436E+00    5.421985340890E-03   -4.212988052777E-04
    5.956623030659E-05    2.466590487578E+00    2.464887411152E+00    6.195693573383E-03    6.130548132604E-03   -5.030584925538E-04   -5.056270215697E-04    1.673111692827E+00    5.385049831808E-03   -4.234809394540E-04
    6.309575124703E-05    2.452601302303E+00    2.450817971804E+00    6.155252931051E-03    6.087547273655E-03   -5.054552199726E-04   -5.081063453418E-04    1.663586316333E+00    5.348226974905E-03   -4.256061358912E-04
    6.683440944536E-05    2.438700028320E+00    2.436832662521E+00    6.114820583156E-03    6.044461066465E-03   -5.077826920220E-04   -5.105187974910E-04    1.654119067360E+00    5.311287488942E-03   -4.276734325657E-04
    7.079459706283E-05    2.424886501380E+00    2.422931140962E+00    6.074386863894E-03    6.001276827606E-03   -5.100397204938E-04   -5.128632463577E-04    1.644709762568E+00    5.274294988398E-03   -4.296818463987E-04
    7.498944054238E-05    2.411160573206E+00    2.409113072380E+00    6.033941782649E-03    5.957981477940E-03   -5.122250924659E-04   -5.151385363097E-04    1.635358226075E+00    5.237239302180E-03   -4.316303734229E-04
    7.943284411759E-05    2.397522112059E+00    2.395378129789E+00    5.993475012565E-03    5.914561531872E-03   -5.143375705631E-04   -5.173434879820E-04    1.626064289687E+00    5.200109946155E-03   -4.335179889728E-04
    8.413953589964E-05    2.383971003322E+00    2.381725994138E+00    5.952975878730E-03    5.871003086332E-03   -5.163756126476E-04   -5.194766234968E-04    1.616827793125E+00    5.162896114323E-03   -4.353434004769E-04
    8.912511669514E-05    2.370507150108E+00    2.368156354489E+00    5.912350181693E-03    5.827291809549E-03   -5.183385568235E-04   -5.215373275387E-04    1.607648584267E+00    5.125586669896E-03   -4.371060897164E-04
    9.440611171657E-05    2.357130473898E+00    2.354668908204E+00    5.871836006724E-03    5.783412929576E-03   -5.202241380692E-04   -5.235233998559E-04    1.598526519398E+00    5.088170136221E-03   -4.388049947278E-04
    1.000000253568E-04    2.343840915206E+00    2.341263361133E+00    5.831172633444E-03    5.739351222639E-03   -5.220321949953E-04   -5.254347461084E-04    1.589461463469E+00    5.050634687605E-03   -4.404383124852E-04
    1.059253992091E-04    2.330638434267E+00    2.327939427814E+00    5.790429740983E-03    5.695091001294E-03   -5.237608177415E-04   -5.272695134622E-04    1.580453290372E+00    5.012968140014E-03   -4.420052952799E-04
    1.122018735254E-04    2.317523011761E+00    2.314696831675E+00    5.749595473908E-03    5.650616102448E-03   -5.254086311436E-04   -5.290263883358E-04    1.571501883215E+00    4.975157941686E-03   -4.435048011468E-04
    1.188502523153E-04    2.304494649566E+00    2.301535305244E+00    5.708656801047E-03    5.605909875277E-03   -5.269742391565E-04   -5.307040367017E-04    1.562607134618E+00    4.937065915309E-03   -4.449356701909E-04
    1.258925723037E-04    2.291553371538E+00    2.288454590366E+00    5.667600249657E-03    5.560949724695E-03   -5.284562256518E-04   -5.323011048259E-04    1.553768947018E+00    4.899049219055E-03   -4.462967252154E-04
    1.333521759735E-04    2.278699224330E+00    2.275454438429E+00    5.626411891062E-03    5.515729084520E-03   -5.298531552975E-04   -5.338162200859E-04    1.544987232981E+00    4.860728969159E-03   -4.475867724158E-04
    1.412537889366E-04    2.265932278241E+00    2.262534610587E+00    5.585077325843E-03    5.470223961943E-03   -5.311635745215E-04   -5.352479918628E-04    1.536261915531E+00    4.822210993380E-03   -4.488037131006E-04
    1.496236018893E-04    2.253252628103E+00    2.249694878000E+00    5.543581668605E-03    5.424415538905E-03   -5.323860125630E-04   -5.365950125201E-04    1.527592928492E+00    4.783481346117E-03   -4.499481058454E-04
    1.584893574245E-04    2.240660394202E+00    2.236935022076E+00    5.501909532287E-03    5.378284862802E-03   -5.335189826267E-04   -5.378558584744E-04    1.518980216835E+00    4.744523735806E-03   -4.510178176262E-04
    1.678804419868E-04    2.228155723239E+00    2.224254834720E+00    5.460045012057E-03    5.331812086606E-03   -5.345604715247E-04   -5.390285888071E-04    1.510423737051E+00    4.705323849254E-03   -4.520121464928E-04
    1.778279832772E-04    2.215738789328E+00    2.211654118589E+00    5.417971668701E-03    5.284976791482E-03   -5.355100508890E-04   -5.401128174296E-04    1.501923457524E+00    4.665865207080E-03   -4.529287755362E-04
    1.883649534286E-04    2.203409795039E+00    2.199132687350E+00    5.375672511637E-03    5.237757975444E-03   -5.363666334432E-04   -5.411075284532E-04    1.493479358928E+00    4.626131834900E-03   -4.537668999823E-04
    1.995262782958E-04    2.191168972479E+00    2.186690365952E+00    5.333124788306E-03    5.190134041972E-03   -5.371265850869E-04   -5.420091597542E-04    1.485091434633E+00    4.586106973131E-03   -4.545252506493E-04
    2.113489532207E-04    2.179016584418E+00    2.174326990900E+00    5.290320770098E-03    5.142082788693E-03   -5.377894415689E-04   -5.428173032103E-04    1.476759691125E+00    4.545773388204E-03   -4.552025522885E-04
    2.238721656565E-04    2.166952925459E+00    2.162042410528E+00    5.247236481305E-03    5.093581396156E-03   -5.383536498639E-04   -5.435304674146E-04    1.468484148444E+00    4.505113363238E-03   -4.557975052171E-04
    2.371374250594E-04    2.154978323258E+00    2.149836485290E+00    5.203853332135E-03    5.044606416811E-03   -5.388176519734E-04   -5.441471552867E-04    1.460264840638E+00    4.464108688835E-03   -4.563088044091E-04
    2.511887004750E-04    2.143093139788E+00    2.137709088046E+00    5.160149548211E-03    4.995133764201E-03   -5.391798869979E-04   -5.446658659971E-04    1.452101816227E+00    4.422740653998E-03   -4.567351411461E-04
    2.660725662789E-04    2.131297772654E+00    2.125660104359E+00    5.116105454766E-03    4.945138702513E-03   -5.394387933521E-04   -5.450840210191E-04    1.443995138684E+00    4.380990037200E-03   -4.570752047626E-04
    2.818383565518E-04    2.119592656460E+00    2.113689432791E+00    5.071699684034E-03    4.894595954958E-03   -5.395917421587E-04   -5.454022766543E-04    1.435944886941E+00    4.338837097676E-03   -4.573276845215E-04
    2.985383286022E-04    2.107978264231E+00    2.101796985209E+00    5.026910164711E-03    4.843478787311E-03   -5.396393219336E-04   -5.456180512476E-04    1.427951155896E+00    4.296261566910E-03   -4.574912715834E-04
    3.162278361789E-04    2.096455108883E+00    2.089982687091E+00    4.981714101288E-03    4.791761145158E-03   -5.395789083814E-04   -5.457298507729E-04    1.420014056952E+00    4.253242640399E-03   -4.575646611186E-04
    3.349655129464E-04    2.085023744752E+00    2.078246477833E+00    4.936087952846E-03    4.739415573751E-03   -5.394091145616E-04   -5.457364749573E-04    1.412133718560E+00    4.209758969704E-03   -4.575458277302E-04
    3.548134668321E-04    2.073684769187E+00    2.066588311060E+00    4.890007411331E-03    4.686414822408E-03   -5.391282855045E-04   -5.456359301889E-04    1.404310286787E+00    4.165789295841E-03   -4.574349881762E-04
    3.758374858894E-04    2.062438824189E+00    2.055008154941E+00    4.843447379260E-03    4.632728285855E-03   -5.387347489999E-04   -5.454267437636E-04    1.396543925897E+00    4.121309682991E-03   -4.572307826113E-04
    3.981072563587E-04    2.051286598123E+00    2.043505992497E+00    4.796381946959E-03    4.578327228846E-03   -5.382268923118E-04   -5.451079005333E-04    1.388834818950E+00    4.076297973942E-03   -4.569304939655E-04
    4.216965936497E-04    2.040228827486E+00    2.032081821917E+00    4.748784369309E-03    4.523181405752E-03   -5.376037213180E-04   -5.446777866278E-04    1.381183168421E+00    4.030730569623E-03   -4.565336260828E-04
    4.466836870101E-04    2.029266298738E+00    2.020735656862E+00    4.700627041981E-03    4.467259853344E-03   -5.368635752981E-04   -5.441349991970E-04    1.373589196829E+00    3.984583292949E-03   -4.560389494787E-04
    4.731513586915E-04    2.018399850201E+00    2.009467526776E+00    4.651881477243E-03    4.410530887373E-03   -5.360050410897E-04   -5.434781619961E-04    1.366053147390E+00    3.937831383765E-03   -4.554452570422E-04
    5.011873384724E-04    2.007630374024E+00    1.998277477182E+00    4.602518279288E-03    4.352962100255E-03   -5.350267396369E-04   -5.427059290895E-04    1.358575284680E+00    3.890059015288E-03   -4.547513672313E-04
    5.308845544473E-04    1.996958818211E+00    1.987165569979E+00    4.552507664660E-03    4.294525029639E-03   -5.339273302335E-04   -5.418169887279E-04    1.351155895325E+00    3.842411685684E-03   -4.539561274113E-04
    5.623414410462E-04    1.986386188728E+00    1.976131883729E+00    4.501817029246E-03    4.235176450514E-03   -5.327055149762E-04   -5.408100673951E-04    1.343795288690E+00    3.793691424114E-03   -4.530575174210E-04
    5.956622653057E-04    1.975913551667E+00    1.965176513927E+00    4.450414921111E-03    4.174880890342E-03   -5.313600434088E-04   -5.396839340335E-04    1.336493797602E+00    3.744261579220E-03   -4.520562584142E-04
    6.309574724727E-04    1.965542035489E+00    1.954299573266E+00    4.398268048733E-03    4.113613733533E-03   -5.298897173863E-04   -5.384376868235E-04    1.329251779071E+00    3.694094422212E-03   -4.509504006681E-04
    6.683440520859E-04    1.955272833342E+00    1.943501191883E+00    4.345342083466E-03    4.051335476797E-03   -5.282936766556E-04   -5.370696268755E-04    1.322069615041E+00    3.643161625371E-03   -4.497392162123E-04
    7.079459257502E-04    1.945107205435E+00    1.932781517588E+00    4.291601632740E-03    3.988006757790E-03   -5.265697375463E-04   -5.355784344835E-04    1.314947713135E+00    3.591434262506E-03   -4.484216435943E-04
    7.498943578865E-04    1.935046481507E+00    1.922140716067E+00    4.237010212797E-03    3.923591191154E-03   -5.247183018252E-04   -5.339641865142E-04    1.307886507433E+00    3.538882810495E-03   -4.469962105164E-04
    7.943283908219E-04    1.925092063346E+00    1.911578971062E+00    4.181530221025E-03    3.858050668345E-03   -5.227383021566E-04   -5.322258182424E-04    1.300886459241E+00    3.485477719153E-03   -4.454619858397E-04
    8.413953056587E-04    1.915245427397E+00    1.901096484527E+00    4.125122907954E-03    3.791346404778E-03   -5.206268515796E-04   -5.303615143188E-04    1.293948057882E+00    3.431186889691E-03   -4.438191025412E-04
    8.912511104532E-04    1.905508127433E+00    1.890693476744E+00    4.067748349021E-03    3.723438955072E-03   -5.183869072970E-04   -5.283709626382E-04    1.287071821487E+00    3.375979902036E-03   -4.420665204334E-04
    9.440610573198E-04    1.895881797299E+00    1.880370186398E+00    4.009365416149E-03    3.654288230980E-03   -5.160145632216E-04   -5.262534456312E-04    1.280258297792E+00    3.319824880141E-03   -4.402034517024E-04
    1.000000190176E-03    1.886368153722E+00    1.870126870621E+00    3.949931749211E-03    3.583853522164E-03   -5.135103165406E-04   -5.240083343540E-04    1.273508064941E+00    3.262689378960E-03   -4.382293749794E-04
    1.059253924943E-03    1.876968999195E+00    1.859963804971E+00    3.889403727496E-03    3.512093520019E-03   -5.108736941881E-04   -5.216350945175E-04    1.266821732283E+00    3.204540395067E-03   -4.361438027326E-04
    1.122018664127E-03    1.867686224919E+00    1.849881283366E+00    3.827736441277E-03    3.438966344792E-03   -5.081043359715E-04   -5.191332926820E-04    1.260199941167E+00    3.145344379152E-03   -4.339463342521E-04
    1.188502447811E-03    1.858521813809E+00    1.839879617951E+00    3.764883968688E-03    3.364429576313E-03   -5.052020018518E-04   -5.165026026118E-04    1.253643365731E+00    3.085067686940E-03   -4.316366612300E-04
    1.258925643231E-03    1.849477843559E+00    1.829959138897E+00    3.700797876705E-03    3.288437709080E-03   -5.021948602547E-04   -5.137425266640E-04    1.247152713679E+00    3.023674892358E-03   -4.292151292120E-04
    1.333521675200E-03    1.840556489757E+00    1.820120194112E+00    3.635429838817E-03    3.210955087705E-03   -4.989978090340E-04   -5.108535454694E-04    1.240728727043E+00    2.961131286440E-03   -4.266805174671E-04
    1.412537799822E-03    1.831760029051E+00    1.810363148878E+00    3.568729497639E-03    3.131930156309E-03   -4.956963276689E-04   -5.078353353988E-04    1.234372182916E+00    2.897401307144E-03   -4.240324988951E-04
    1.496235924044E-03    1.823090842353E+00    1.800688385373E+00    3.500645441414E-03    3.051321299968E-03   -4.922624004145E-04   -5.046882382652E-04    1.228083894172E+00    2.832448942459E-03   -4.212730069170E-04
    1.584893473776E-03    1.814551418080E+00    1.791096302095E+00    3.431123770496E-03    2.969084000853E-03   -4.886963563890E-04   -5.014124527493E-04    1.221864710134E+00    2.766237207290E-03   -4.184013503817E-04
    1.678804313446E-03    1.806144355410E+00    1.781587313156E+00    3.360110060213E-03    2.885172842405E-03   -4.849987498394E-04   -4.980084407757E-04    1.215715517220E+00    2.698730372934E-03   -4.154179031178E-04
    1.778279720043E-03    1.797872367567E+00    1.772161847442E+00    3.287548118555E-03    2.799544127217E-03   -4.811705848289E-04   -4.944767073774E-04    1.209637239523E+00    2.629890936215E-03   -4.123239157505E-04
    1.883649414877E-03    1.789738285092E+00    1.762820347622E+00    3.213380236315E-03    2.712152085803E-03   -4.772127915333E-04   -4.908182502274E-04    1.203630839342E+00    2.559680634466E-03   -4.091185425899E-04
    1.995262656475E-03    1.781745059114E+00    1.753563268986E+00    3.137547168853E-03    2.622951554864E-03   -4.731265727519E-04   -4.870339135261E-04    1.197697317640E+00    2.488062637499E-03   -4.058033358972E-04
    2.113489398229E-03    1.773895764588E+00    1.744391078099E+00    3.059988120441E-03    2.531897404816E-03   -4.689133351332E-04   -4.831249433829E-04    1.191837714423E+00    2.414998439909E-03   -4.023792471487E-04
    2.238721514648E-03    1.766193603485E+00    1.735304251250E+00    2.980640731676E-03    2.438944633460E-03   -4.645745264977E-04   -4.790924104955E-04    1.186053109027E+00    2.340449954412E-03   -3.988466795730E-04
    2.371374100268E-03    1.758641907924E+00    1.726303272670E+00    2.899441070459E-03    2.344048468448E-03   -4.601125049267E-04   -4.749379381772E-04    1.180344620291E+00    2.264378883542E-03   -3.952083411312E-04
    2.511886845517E-03    1.751244143212E+00    1.717388632505E+00    2.816323201046E-03    2.247163983042E-03   -4.555289481493E-04   -4.706632307690E-04    1.174713406621E+00    2.186746876264E-03   -3.914649730938E-04
    2.660725494121E-03    1.744003910764E+00    1.708560824507E+00    2.731221314671E-03    2.148248700086E-03   -4.508261044771E-04   -4.662702001776E-04    1.169160665896E+00    2.107515598389E-03   -3.876182152551E-04
    2.818383386855E-03    1.736924950893E+00    1.699820343419E+00    2.644064923975E-03    2.047257762107E-03   -4.460066603283E-04   -4.617609732213E-04    1.163687635231E+00    2.026646810046E-03   -3.836698963484E-04
    2.985383096773E-03    1.730011145408E+00    1.691167682028E+00    2.554785339421E-03    1.944149040086E-03   -4.410736057664E-04   -4.571380913258E-04    1.158295590550E+00    1.944102450911E-03   -3.796222224024E-04
    3.162278161326E-03    1.723266520011E+00    1.682603327848E+00    2.463310247864E-03    1.838877405657E-03   -4.360297355531E-04   -4.524037612882E-04    1.152985845955E+00    1.859844733871E-03   -3.754770715745E-04
    3.349654917123E-03    1.716695246432E+00    1.674127759388E+00    2.369566376389E-03    1.731409045017E-03   -4.308785586229E-04   -4.475609705913E-04    1.147759752871E+00    1.773832966182E-03   -3.712370405832E-04
    3.548134443398E-03    1.710301644275E+00    1.665741441987E+00    2.273478976218E-03    1.621701140031E-03   -4.256237436502E-04   -4.426127777641E-04    1.142618698925E+00    1.686036813905E-03   -3.669047817662E-04
    3.758374620643E-03    1.704090182497E+00    1.657444823149E+00    2.174971871123E-03    1.509715770013E-03   -4.202692569901E-04   -4.375624897402E-04    1.137564106545E+00    1.596416661186E-03   -3.624831682588E-04
    3.981072311218E-03    1.698065480491E+00    1.649238327341E+00    2.073967517620E-03    1.395416702958E-03   -4.148193719965E-04   -4.324136680180E-04    1.132597431222E+00    1.504936947036E-03   -3.579753000823E-04
    4.216965669175E-03    1.692232308689E+00    1.641122350197E+00    1.970387079333E-03    1.278769109922E-03   -4.092786780703E-04   -4.271701343760E-04    1.127720159421E+00    1.411563007626E-03   -3.533845099245E-04
    4.466836586940E-03    1.686595588624E+00    1.633097252087E+00    1.864150517062E-03    1.159741946366E-03   -4.036520894190E-04   -4.218359761171E-04    1.122933806076E+00    1.316261239253E-03   -3.487143686058E-04
    4.731513286975E-03    1.681160392369E+00    1.625163350963E+00    1.755173494912E-03    1.038305041859E-03   -3.979448534733E-04   -4.164155507929E-04    1.118239911644E+00    1.218999276740E-03   -3.439686901572E-04
    5.011873067012E-03    1.675931941257E+00    1.617320914437E+00    1.643382857346E-03    9.144315531105E-04   -3.921625589013E-04   -4.109134903353E-04    1.113640038651E+00    1.119746188656E-03   -3.391515364937E-04
    5.308845207934E-03    1.670915603807E+00    1.609570151012E+00    1.528684912246E-03    7.880977596321E-04   -3.863111431749E-04   -4.053347045456E-04    1.109135767681E+00    1.018472691028E-03   -3.342672216117E-04
    5.623414053982E-03    1.666116892723E+00    1.601911200380E+00    1.411003640840E-03    6.592821075549E-04   -3.803968995222E-04   -3.996843837705E-04    1.104728692753E+00    9.151509354207E-04   -3.293203152113E-04
    5.956622275455E-03    1.661541460853E+00    1.594344122713E+00    1.290252527355E-03    5.279709001273E-04   -3.744264833677E-04   -3.939680008608E-04    1.100420416002E+00    8.097565203111E-04   -3.243156457833E-04
    6.309574324750E-03    1.657195095990E+00    1.586868886841E+00    1.166347364434E-03    3.941502363904E-04   -3.684069180091E-04   -3.881913121584E-04    1.096212541608E+00    7.022662078872E-04   -3.192583029873E-04
    6.683440097183E-03    1.653083714348E+00    1.579485357233E+00    1.039204007582E-03    2.578139100577E-04   -3.623452546193E-04   -3.823603574867E-04    1.092106668887E+00    5.926585857574E-04   -3.141536393015E-04
    7.079458808720E-03    1.649213352564E+00    1.572193279656E+00    9.087386820872E-04    1.189589477491E-04   -3.562499686709E-04   -3.764811357335E-04    1.088104384450E+00    4.809190928288E-04   -3.090076590751E-04
    7.498943103492E-03    1.645590158039E+00    1.564992265401E+00    7.748668517985E-04   -2.241017883704E-05   -3.501295604928E-04   -3.705609004993E-04    1.084207253343E+00    3.670328056895E-04   -3.038254645993E-04
    7.943283404678E-03    1.642220377447E+00    1.557881773968E+00    6.375095551986E-04   -1.662829040068E-04   -3.439911399294E-04   -3.646062015236E-04    1.080416809067E+00    2.509892691851E-04   -2.986135858812E-04
    8.413952523210E-03    1.639110343145E+00    1.550861094032E+00    4.965849233886E-04   -3.126424176194E-04   -3.378443406723E-04   -3.586241886396E-04    1.076734542345E+00    1.327838557540E-04   -2.933784255906E-04
    8.912510539550E-03    1.636266457288E+00    1.543929322585E+00    3.520144388464E-04   -4.614634987597E-04   -3.316984608611E-04   -3.526222758003E-04    1.073161888534E+00    1.241523494500E-05   -2.881266429664E-04
    9.440609974739E-03    1.633695173378E+00    1.537085342074E+00    2.037223903274E-04   -6.127136355101E-04   -3.255631772518E-04   -3.466081324501E-04    1.069700213531E+00   -1.101116121475E-04   -2.828651490097E-04
    1.000000126784E-02    1.631402974942E+00    1.530327795375E+00    5.163661642796E-05   -7.663490081651E-04   -3.194485410008E-04   -3.405896729231E-04    1.066350798038E+00   -2.347871280972E-04   -2.776011001733E-04
    1.059253857795E-02    1.629396351038E+00    1.523655058418E+00   -1.043104931925E-04   -9.223161000111E-04   -3.133649714228E-04   -3.345750436580E-04    1.063114820024E+00   -3.615945731383E-04   -2.723418903674E-04
    1.122018593000E-02    1.627681768241E+00    1.517065210281E+00   -2.641830564735E-04   -1.080553716501E-03   -3.073232476908E-04   -3.285732704064E-04    1.059993335199E+00   -4.905112921282E-04   -2.670951412513E-04
    1.188502372469E-02    1.626265638724E+00    1.510556000542E+00   -4.280388533211E-04   -1.240984447484E-03   -3.013344975948E-04   -3.225915826805E-04    1.056987255347E+00   -6.215054451325E-04   -2.618686902700E-04
    1.258925563425E-02    1.625154284003E+00    1.504124813658E+00   -5.959299176066E-04   -1.403519346699E-03   -2.954101840933E-04   -3.166393925464E-04    1.054097324267E+00   -7.545369162734E-04   -2.566705768003E-04
    1.333521590666E-02    1.624353893909E+00    1.497768630166E+00   -7.678979910741E-04   -1.568055267056E-03   -2.895620885472E-04   -3.107255964699E-04    1.051324091144E+00   -8.895559576474E-04   -2.515093652859E-04
    1.412537710278E-02    1.623870480288E+00    1.491483984455E+00   -9.439797032872E-04   -1.734470820550E-03   -2.838022906357E-04   -3.048592190696E-04    1.048667881106E+00   -1.026505683225E-03   -2.463924286329E-04
    1.496235829195E-02    1.623709824869E+00    1.485266918846E+00   -1.124198006114E-03   -1.902636474690E-03   -2.781431445472E-04   -2.990493825530E-04    1.046128762706E+00   -1.165314220130E-03   -2.413293216466E-04
    1.584893373306E-02    1.623877420708E+00    1.479112933722E+00   -1.308563044777E-03   -2.072396054946E-03   -2.725972875438E-04   -2.933052722883E-04    1.043706512065E+00   -1.305898892788E-03   -2.363283609031E-04
    1.678804207023E-02    1.624378406621E+00    1.473016933452E+00   -1.497076630136E-03   -2.243576761192E-03   -2.671774631869E-04   -2.876360980734E-04    1.041400573406E+00   -1.448163722902E-03   -2.313982940811E-04
    1.778279607314E-02    1.625217493787E+00    1.466973167784E+00   -1.689722572789E-03   -2.415985146769E-03   -2.618966975981E-04   -2.820509770857E-04    1.039210015627E+00   -1.591995623307E-03   -2.265479283459E-04
    1.883649295469E-02    1.626398883854E+00    1.460975168432E+00   -1.886465975437E-03   -2.589403951669E-03   -2.567681166326E-04   -2.765592537213E-04    1.037133484622E+00   -1.737273693936E-03   -2.217860945409E-04
    1.995262529991E-02    1.627926177692E+00    1.455015680579E+00   -2.087248090443E-03   -2.763587994269E-03   -2.518049308506E-04   -2.711697100660E-04    1.035169150992E+00   -1.883851992529E-03   -2.171216068813E-04
    2.113489264250E-02    1.629802273902E+00    1.449086588980E+00   -2.292011335441E-03   -2.938293763804E-03   -2.470203798947E-04   -2.658912424998E-04    1.033314652778E+00   -2.031568751211E-03   -2.125632563948E-04
    2.238721372731E-02    1.632029256109E+00    1.443178838372E+00   -2.500639616427E-03   -3.113180325937E-03   -2.424276694683E-04   -2.607324282962E-04    1.031567032828E+00   -2.180242206369E-03   -2.081196067629E-04
    2.371373949942E-02    1.634608267988E+00    1.437282347896E+00   -2.713008020979E-03   -3.287964195797E-03   -2.380399011438E-04   -2.557015276184E-04    1.029922670392E+00   -2.329669020027E-03   -2.037991715562E-04
    2.511886686283E-02    1.637539375039E+00    1.431385919320E+00   -2.928970129967E-03   -3.462275126328E-03   -2.338695256829E-04   -2.508059508277E-04    1.028377206570E+00   -2.479618534628E-03   -1.996101969501E-04
    2.660725325452E-02    1.640821411622E+00    1.425477138687E+00   -3.148332037019E-03   -3.635722790906E-03   -2.299301305754E-04   -2.460539965362E-04    1.026925463070E+00   -2.629847450151E-03   -1.955606338260E-04
    2.818383208192E-02    1.644451812282E+00    1.419542271291E+00   -3.370867976203E-03   -3.807881009993E-03   -2.262335081429E-04   -2.414520065044E-04    1.025561353950E+00   -2.780073282818E-03   -1.916580636923E-04
    2.985382907523E-02    1.648426425845E+00    1.413566149755E+00   -3.596311798464E-03   -3.978285706856E-03   -2.227914451003E-04   -2.370061081465E-04    1.024277789824E+00   -2.929989076667E-03   -1.879096177076E-04
    3.162277960863E-02    1.652739310893E+00    1.407532055095E+00   -3.824353533616E-03   -4.146432878441E-03   -2.196151216676E-04   -2.327216408332E-04    1.023066574114E+00   -3.079257325409E-03   -1.843218883227E-04
    3.349654704782E-02    1.657382511057E+00    1.401421590728E+00   -4.054632953656E-03   -4.311768906308E-03   -2.167149757006E-04   -2.286030372461E-04    1.021918290867E+00   -3.227508022395E-03   -1.809008332030E-04
    3.548134218475E-02    1.662345808666E+00    1.395214549499E+00   -4.286731268725E-03   -4.473721883472E-03   -2.141006591263E-04   -2.246536961680E-04    1.020822183772E+00   -3.374336690051E-03   -1.776518437122E-04
    3.758374382392E-02    1.667616454968E+00    1.388888773853E+00   -4.520192836137E-03   -4.631644079138E-03   -2.117804443332E-04   -2.208758460550E-04    1.019766025906E+00   -3.519302406223E-03   -1.745787697465E-04
    3.981072058850E-02    1.673178875184E+00    1.382420009476E+00   -4.754464877795E-03   -4.784855198973E-03   -2.097616901236E-04   -2.172704007124E-04    1.018735979862E+00   -3.661925864112E-03   -1.716855234514E-04
    4.216965401853E-02    1.679014346820E+00    1.375781752920E+00   -4.988983288693E-03   -4.932624045107E-03   -2.080502095203E-04   -2.138368062766E-04    1.017716447985E+00   -3.801687483970E-03   -1.689742252227E-04
    4.466836303778E-02    1.685100649377E+00    1.368945093889E+00   -5.223036102857E-03   -5.074169690220E-03   -2.066501627704E-04   -2.105728804959E-04    1.016689912482E+00   -3.938018953015E-03   -1.664459276300E-04
    4.731512987035E-02    1.691411683729E+00    1.361878553163E+00   -5.455881507637E-03   -5.208660737052E-03   -2.055638223319E-04   -2.074746450503E-04    1.015636765262E+00   -4.070330308084E-03   -1.641002963460E-04
    5.011872749299E-02    1.697917059436E+00    1.354547917431E+00   -5.686680190707E-03   -5.335215030064E-03   -2.047913193410E-04   -2.045361520033E-04    1.014535127533E+00   -4.197960333258E-03   -1.619354557557E-04
    5.308844871396E-02    1.704581648749E+00    1.346916072655E+00   -5.914491622894E-03   -5.452890322735E-03   -2.043303678686E-04   -2.017493058525E-04    1.013360659404E+00   -4.320213929162E-03   -1.599475906760E-04
    5.623413697503E-02    1.711365105234E+00    1.338942838070E+00   -6.138309342897E-03   -5.560724097402E-03   -2.041755663235E-04   -1.991036834614E-04    1.012086359735E+00   -4.436346746489E-03   -1.581317319741E-04
    5.956621897853E-02    1.718221346458E+00    1.330584803408E+00   -6.356994742091E-03   -5.657676191058E-03   -2.043197280677E-04   -1.965864320762E-04    1.010682357050E+00   -4.545566561229E-03   -1.564801358935E-04
    6.309573924774E-02    1.725097999668E+00    1.321795172541E+00   -6.569303537349E-03   -5.742671324571E-03   -2.047510313176E-04   -1.941817756562E-04    1.009115692460E+00   -4.647033222964E-03   -1.549830814026E-04
    6.683439673506E-02    1.731935810137E+00    1.312523617457E+00   -6.773885173640E-03   -5.814592740680E-03   -2.054541728081E-04   -1.918713282176E-04    1.007350095981E+00   -4.739850965971E-03   -1.536284448374E-04
    7.079458359939E-02    1.738668012420E+00    1.302716147295E+00   -6.969255685097E-03   -5.872282641930E-03   -2.064103684568E-04   -1.896332420443E-04    1.005345758155E+00   -4.823102998343E-03   -1.524015219514E-04
    7.498942628119E-02    1.745219665669E+00    1.292314998104E+00   -7.153842835745E-03   -5.914567161453E-03   -2.075957199023E-04   -1.874436522026E-04    1.003059099436E+00   -4.895802735007E-03   -1.512848540559E-04
    7.943282901137E-02    1.751506955099E+00    1.281258549914E+00   -7.325910145000E-03   -5.940236127381E-03   -2.089816602645E-04   -1.852742665283E-04    1.000442540491E+00   -4.956931163385E-03   -1.502580631184E-04
    8.413951989832E-02    1.757436462742E+00    1.269481279580E+00   -7.483603764318E-03   -5.948072208568E-03   -2.105339241389E-04   -1.830938420091E-04    9.974442775135E-01   -5.005432256750E-03   -1.492976996843E-04
    8.912509974568E-02    1.762904412930E+00    1.256913758325E+00   -7.624926627551E-03   -5.936858083825E-03   -2.122138237493E-04   -1.808677476416E-04    9.940080675249E-01   -5.040218399683E-03   -1.483768183710E-04
    9.440609376280E-02    1.767795899340E+00    1.243482705234E+00   -7.747789792887E-03   -5.905380310417E-03   -2.139747608953E-04   -1.785579767254E-04    9.900730298805E-01   -5.060177307842E-03   -1.474660664122E-04
    1.000000063392E-01    1.771984103221E+00    1.229111109439E+00   -7.849922439663E-03   -5.852490021782E-03   -2.157650615325E-04   -1.761228845962E-04    9.855734715890E-01   -5.064177697507E-03   -1.465317741500E-04
    1.059253790647E-01    1.775329515566E+00    1.213718435981E+00   -7.928976340394E-03   -5.777054659382E-03   -2.175256085511E-04   -1.735187621236E-04    9.804387457670E-01   -5.051092054232E-03   -1.455370487881E-04
    1.122018521873E-01    1.777679179296E+00    1.197220931454E+00   -7.982482053158E-03   -5.678027893279E-03   -2.191909435182E-04   -1.706978687266E-04    9.745931539301E-01   -5.019781762953E-03   -1.444420110266E-04
    1.188502297128E-01    1.778865972770E+00    1.179532049995E+00   -8.007852776977E-03   -5.554456120823E-03   -2.206849286519E-04   -1.676102356612E-04    9.679559060010E-01   -4.969161778837E-03   -1.432030592431E-04
    1.258925483619E-01    1.778707961021E+00    1.160563020886E+00   -8.002388456648E-03   -5.405533492527E-03   -2.219267283567E-04   -1.642039634729E-04    9.604411536139E-01   -4.898158111865E-03   -1.417733427562E-04
    1.333521506131E-01    1.777007847471E+00    1.140223581985E+00   -7.963397635300E-03   -5.230610174395E-03   -2.228273224678E-04   -1.604200314830E-04    9.519581152198E-01   -4.805760407234E-03   -1.401040186948E-04
    1.412537620735E-01    1.773552566680E+00    1.118422906245E+00   -7.888100518222E-03   -5.029247950731E-03   -2.232890369137E-04   -1.562230732566E-04    9.424113148713E-01   -4.691070925656E-03   -1.381425992932E-04
    1.496235734345E-01    1.768113070064E+00    1.095070752964E+00   -7.773777938343E-03   -4.801195131239E-03   -2.232062775595E-04   -1.515401493348E-04    9.317009614332E-01   -4.553265222692E-03   -1.358353474260E-04
    1.584893272837E-01    1.760444359517E+00    1.070078870677E+00   -7.617723569814E-03   -4.546544438898E-03   -2.224677089708E-04   -1.463262628120E-04    9.197234940496E-01   -4.391722972862E-03   -1.331281823067E-04
    1.678804100600E-01    1.750285850015E+00    1.043362693743E+00   -7.417340186360E-03   -4.265714732908E-03   -2.209539835200E-04   -1.405329641653E-04    9.063723328378E-01   -4.205909765082E-03   -1.299633481712E-04
    1.778279494585E-01    1.737362142468E+00    1.014843362218E+00   -7.170253519511E-03   -3.959485699314E-03   -2.185405883024E-04   -1.341159354700E-04    8.915388691244E-01   -3.995597634367E-03   -1.262867042300E-04
    1.883649176061E-01    1.721384312872E+00    9.844501034457E-01   -6.874313394698E-03   -3.629101460407E-03   -2.150983051991E-04   -1.270387502182E-04    8.751137399385E-01   -3.760797219726E-03   -1.220451669065E-04
    1.995262403507E-01    1.702051839266E+00    9.521230097276E-01   -6.527744538415E-03   -3.276276562420E-03   -2.104970003305E-04   -1.192732725957E-04    8.569884343278E-01   -3.501817833637E-03   -1.171883279168E-04
    2.113489130272E-01    1.679055308200E+00    9.178162432602E-01   -6.129237652570E-03   -2.903269045000E-03   -2.046052731568E-04   -1.108029770153E-04    8.370572836563E-01   -3.219357891455E-03   -1.116719070468E-04
    2.238721230814E-01    1.652080064062E+00    8.815016931557E-01   -5.678127466086E-03   -2.512947343610E-03   -1.972954084860E-04   -1.016265494827E-04    8.152198918026E-01   -2.914520053883E-03   -1.054578390669E-04
    2.371373799615E-01    1.620810986761E+00    8.431730987155E-01   -5.174479390662E-03   -2.108801101552E-03   -1.884468718192E-04   -9.175938693597E-05    7.913840635362E-01   -2.588887242994E-03   -9.851850580977E-05
    2.511886527050E-01    1.584938605443E+00    8.028506372074E-01   -4.619304363285E-03   -1.694994634277E-03   -1.779507965174E-04   -8.123758325902E-05    7.654692897287E-01   -2.244597987076E-03   -9.083795148770E-05
    2.660725156783E-01    1.544166776257E+00    7.605859514688E-01   -4.014732078580E-03   -1.276398558212E-03   -1.657174151291E-04   -7.012168646263E-05    7.374108453200E-01   -1.884376008181E-03   -8.241568747684E-05
    2.818383029529E-01    1.498222168145E+00    7.164675607985E-01   -3.364248721205E-03   -8.585692762516E-04   -1.516809548143E-04   -5.849881967855E-05    7.071645486569E-01   -1.511602867720E-03   -7.326962308353E-05
    2.985382718274E-01    1.446865809402E+00    6.706265556785E-01   -2.672875470882E-03   -4.477487199201E-04   -1.358095248806E-04   -4.648623743027E-05    6.747122173625E-01   -1.130376766161E-03   -6.344029182685E-05
    3.162277760400E-01    1.389906943219E+00    6.232424201900E-01   -1.947422124411E-03   -5.079770124353E-05   -1.181145754872E-04   -3.423406983104E-05    6.400678335248E-01   -7.455300743164E-04   -5.299355128711E-05
    3.349654492440E-01    1.327219417657E+00    5.745487529383E-01   -1.196722894160E-03    3.248932120173E-04   -9.866189412232E-05   -2.192625466314E-05    6.032843973507E-01   -3.626706377653E-04   -4.202490022389E-05
    3.548133993551E-01    1.258760782818E+00    5.248385651455E-01   -4.318178681172E-04    6.715560577978E-04   -7.758514462475E-05   -9.781630964432E-06    5.644613991242E-01    1.183212568236E-05   -3.066336015600E-05
    3.758374144141E-01    1.184594175792E+00    4.744687206796E-01    3.338470685543E-04    9.812485737750E-04   -5.509804175991E-05    1.947722877902E-06    5.237527706166E-01    3.708778677229E-04   -1.907404010525E-05
    3.981071806482E-01    1.104912922761E+00    4.238629462392E-01    1.084337775851E-03    1.246128513133E-03   -3.151023709796E-05    1.297990547552E-05    4.813750830492E-01    7.067243355964E-04   -7.461245619243E-06
    4.216965134532E-01    1.020067558299E+00    3.735126804770E-01    1.801221560865E-03    1.458822512660E-03   -7.240596337400E-06    2.301005290586E-05    4.376156336809E-01    1.011125059308E-03    3.930588214836E-06
    4.466836020616E-01    9.305946239983E-01    3.239748533644E-01    2.463722898597E-03    1.612855935750E-03    1.716875163242E-05    3.172060657586E-05    3.928399000574E-01    1.275544344842E-03    1.481725908697E-05
    4.731512687095E-01    8.372461270064E-01    2.758655007559E-01    3.049103607311E-03    1.703189575172E-03    4.104302037285E-05    3.879659049501E-05    3.474976331017E-01    1.491478554771E-03    2.487822686408E-05
    5.011872431586E-01    7.410178663680E-01    2.298479432228E-01    3.533314570437E-03    1.726819894475E-03    6.357036088625E-05    4.394577111439E-05    3.021266008384E-01    1.650867595976E-03    3.376330334339E-05
    5.308844534858E-01    6.431739135654E-01    1.866141276075E-01    3.892062865855E-03    1.683448578314E-03    8.380719972961E-05    4.692548429965E-05    2.573526796384E-01    1.746652709856E-03    4.110467902481E-05
    5.623413341023E-01    5.452632876962E-01    1.468576975836E-01    4.102392293083E-03    1.576130850561E-03    1.006981733561E-04    4.757430737892E-05    2.138846169265E-01    1.773483152680E-03    4.653496171694E-05
    5.956621520251E-01    4.491232100481E-01    1.112375198367E-01    4.144815894162E-03    1.411886846974E-03    1.131198608081E-04    4.584951440332E-05    1.725013680462E-01    1.728545322784E-03    4.971413490178E-05
    6.309573524797E-01    3.568611355639E-01    8.033087471460E-02    4.006241877523E-03    1.202114905922E-03    1.199542140444E-04    4.186711043347E-05    1.340294524945E-01    1.612559427153E-03    5.036557007432E-05
    6.683439249830E-01    2.708049226992E-01    5.457654155366E-02    3.683665406056E-03    9.626577877733E-04    1.202097382485E-04    3.593877624925E-05    9.930732693347E-02    1.430859377581E-03    4.832517023665E-05
    7.079457911159E-01    1.934068355554E-01    3.420986527620E-02    3.188646836681E-03    7.132888923046E-04    1.131998330711E-04    2.859895667042E-05    6.913339031413E-02    1.194483380977E-03    4.360243039660E-05
    7.498942152746E-01    1.270823987743E-01    1.919503807218E-02    2.552383473756E-03    4.763364203069E-04    9.880213091149E-05    2.060674549849E-05    4.419403835491E-02    9.211150610780E-04    3.645585659967E-05
    7.943282397597E-01    7.395920516619E-02    9.164903972443E-03    1.830645654515E-03    2.740985730997E-04    7.781332331488E-05    1.290220147397E-05    2.496833713093E-02    6.355365412764E-04    2.747878372579E-05
    8.413951456455E-01    3.550333635230E-02    3.386505670928E-03    1.107132537854E-03    1.247992331885E-04    5.240384174965E-05    6.486196255100E-06    1.160665067747E-02    3.690830083094E-04    1.768572799276E-05
    8.912509409587E-01    1.198176212900E-02    7.826105739531E-04    4.914588700571E-04    3.706292927026E-05    2.663428321960E-05    2.186447191398E-06    3.782316340167E-03    1.569910226226E-04    8.574488543755E-06
    9.440608777821E-01    1.707511576127E-03    5.732466093393E-05    1.022137461544E-04    3.855816825327E-06    6.790627965410E-06    2.759617239882E-07    5.187567292488E-04    3.121187091469E-05    2.080982073269E-06
