# Q1 =   100.0000 , Q2 =   500.0000
# x  F1Wp(LO) F1Wm(LO) F1Wp(NLO) F1Wm(NLO) F1Wp(NNLO) F1Wm(NNLO) F1Z(LO) F1Z(NLO) F1Z(NNLO)
    1.000000316960E-05    1.472676107221E+05    1.472471822299E+05   -1.343346334315E+03   -1.344682711015E+03    1.506634026176E+01    1.504405914360E+01    9.992590908244E+04   -1.069894202152E+03    1.394889446541E+01
    1.059254059240E-05    1.382335869786E+05    1.382133923473E+05   -1.260959723737E+03   -1.262267966442E+03    1.367320893996E+01    1.365159930514E+01    9.379561438518E+04   -1.004368868657E+03    1.269348768481E+01
    1.122018806381E-05    1.297538463878E+05    1.297338829413E+05   -1.184063854406E+03   -1.184908748591E+03    1.239270114992E+01    1.237174693673E+01    8.804144908905E+04   -9.428123643861E+02    1.153825815592E+01
    1.188502598494E-05    1.217943795816E+05    1.217746446745E+05   -1.111354181985E+03   -1.112294877722E+03    1.121638413882E+01    1.119606958281E+01    8.264033482086E+04   -8.850318847954E+02    1.047574527295E+01
    1.258925802843E-05    1.143232639334E+05    1.143037549505E+05   -1.043318799577E+03   -1.044136194486E+03    1.013640859017E+01    1.011671823181E+01    7.757060924743E+04   -8.307957377786E+02    9.499019684709E+00
    1.333521844269E-05    1.073105355204E+05    1.072912498766E+05   -9.793541614464E+02   -9.801564167493E+02    9.145492353223E+00    9.126410990293E+00    7.281193919032E+04   -7.798864751024E+02    8.601649187566E+00
    1.412537978909E-05    1.007280689413E+05    1.007090040810E+05   -9.193137132973E+02   -9.201020123498E+02    8.236872390548E+00    8.218385123501E+00    6.834523907160E+04   -7.321005061541E+02    7.777658716971E+00
    1.496236113743E-05    9.454946450836E+04    9.453061790534E+04   -8.629567802697E+02   -8.637312013080E+02    7.404275977669E+00    7.386368185597E+00    6.415259436365E+04   -6.872446019457E+02    7.021503705765E+00
    1.584893674715E-05    8.874994236151E+04    8.873131151855E+04   -8.100571556879E+02   -8.108179745196E+02    6.641884067802E+00    6.624541404483E+00    6.021718973592E+04   -6.451405491389E+02    6.328038389667E+00
    1.678804526291E-05    8.330624307874E+04    8.328782552721E+04   -7.604027644763E+02   -7.611501666002E+02    5.944299602427E+00    5.927507992532E+00    5.652324161049E+04   -6.056189741125E+02    5.692488056110E+00
    1.778279945500E-05    7.819653438532E+04    7.817832768492E+04   -7.137945363837E+02   -7.139842708765E+02    5.306517982012E+00    5.290263617184E+00    5.305593485579E+04   -5.685214720059E+02    5.110481172195E+00
    1.883649653694E-05    7.340032358691E+04    7.338232532533E+04   -6.700455420396E+02   -6.702383787230E+02    4.723918047500E+00    4.708187382755E+00    4.980136336480E+04   -5.336992894351E+02    4.577753101420E+00
    1.995262909442E-05    6.889837537575E+04    6.888058316835E+04   -6.289803446708E+02   -6.296885785926E+02    4.192165802728E+00    4.176945494241E+00    4.674647427910E+04   -5.006137906185E+02    4.090634478309E+00
    2.113489666185E-05    6.467263467996E+04    6.465504616947E+04   -5.904347169131E+02   -5.911297923821E+02    3.707283808908E+00    3.692560903994E+00    4.387901563537E+04   -4.703310478488E+02    3.645545102750E+00
    2.238721798482E-05    6.070615424676E+04    6.068876710294E+04   -5.542530852661E+02   -5.548768780126E+02    3.265589305719E+00    3.251351020952E+00    4.118748722406E+04   -4.415309528459E+02    3.239217944337E+00
    2.371374400920E-05    5.698302666895E+04    5.696583858832E+04   -5.202907127495E+02   -5.209024091242E+02    2.863662641369E+00    2.849896443458E+00    3.866109446336E+04   -4.144520701102E+02    2.868618753700E+00
    2.511887163984E-05    5.348832058216E+04    5.347132928766E+04   -4.884119601501E+02   -4.890715541827E+02    2.498337458685E+00    2.485031060520E+00    3.628970510334E+04   -3.890760546019E+02    2.530936487086E+00
    2.660725831458E-05    5.020802077686E+04    5.019122401760E+04   -4.581360966175E+02   -4.591350244376E+02    2.166685729218E+00    2.153827092873E+00    3.406380858660E+04   -3.653012701489E+02    2.223570574045E+00
    2.818383744181E-05    4.712897198505E+04    4.711236753597E+04   -4.300591590412E+02   -4.310353168761E+02    1.865989005940E+00    1.853566315918E+00    3.197447790256E+04   -3.429428207307E+02    1.944104082506E+00
    2.985383475271E-05    4.423882611600E+04    4.422241177760E+04   -4.040359090551E+02   -4.046586554372E+02    1.593740517470E+00    1.581742203550E+00    3.001333378219E+04   -3.219545825898E+02    1.690308025985E+00
    3.162278562252E-05    4.152599272955E+04    4.150976632758E+04   -3.792881176603E+02   -3.798993044134E+02    1.347639994024E+00    1.336054718772E+00    2.817251108972E+04   -3.022528243728E+02    1.460131076291E+00
    3.349655341806E-05    3.897959254824E+04    3.896355193344E+04   -3.560182397992E+02   -3.566580388875E+02    1.125529362521E+00    1.114345996859E+00    2.644462727655E+04   -2.837596466779E+02    1.251665045591E+00
    3.548134893245E-05    3.658941382184E+04    3.657355686965E+04   -3.342531800502E+02   -3.348417209856E+02    9.253641092593E-01    9.145717726759E-01    2.482275277060E+04   -2.664003395569E+02    1.063091485451E+00
    3.758375097145E-05    3.434587136931E+04    3.433019597959E+04   -3.137854770606E+02   -3.143629267100E+02    7.453574708270E-01    7.349455307455E-01    2.330038318272E+04   -2.501053199133E+02    8.927807098966E-01
    3.981072815955E-05    3.223996813380E+04    3.222447223055E+04   -2.945730873254E+02   -2.951395974518E+02    5.838511826876E-01    5.738091675270E-01    2.187141321826E+04   -2.348093445519E+02    7.392762005939E-01
    4.216966203819E-05    3.026325909658E+04    3.024794062767E+04   -2.765389888441E+02   -2.770947095530E+02    4.392544753274E-01    4.295721187608E-01    2.053011218953E+04   -2.204510703498E+02    6.011602587357E-01
    4.466837153263E-05    2.840781740512E+04    2.839267434204E+04   -2.596113802701E+02   -2.601559653703E+02    3.101068087695E-01    3.007741526601E-01    1.927110103064E+04   -2.069729845620E+02    4.771394793097E-01
    4.731513886856E-05    2.666620257957E+04    2.665123291713E+04   -2.437209177160E+02   -2.442555032963E+02    1.950997767851E-01    1.861069753692E-01    1.808933072277E+04   -1.943210874673E+02    3.660202630540E-01
    5.011873702437E-05    2.503143066987E+04    2.501663242598E+04   -2.288053889962E+02   -2.293296255744E+02    9.300044901392E-02    8.433789403123E-02    1.698006204313E+04   -1.824446926729E+02    2.667016669544E-01
    5.308845881011E-05    2.349694624409E+04    2.348231745947E+04   -2.148044897166E+02   -2.153185210021E+02    2.670687448392E-03   -5.670965663730E-03    1.593884655656E+04   -1.709972748436E+02    1.781793654952E-01
    5.623414766941E-05    2.205659609547E+04    2.204213483341E+04   -2.016621460048E+02   -2.021661137081E+02   -7.692443032697E-02   -8.495451283127E-02    1.496150877335E+04   -1.608310039126E+02    9.950701057842E-02
    5.956623030659E-05    2.070460456271E+04    2.069030890880E+04   -1.893256595285E+02   -1.898197030893E+02   -1.467553603238E-01   -1.544798448536E-01    1.404412940197E+04   -1.510077146369E+02    2.982707641758E-02
    6.309575124703E-05    1.943555036456E+04    1.942141842648E+04   -1.777455856863E+02   -1.782298439605E+02   -2.077022352693E-01   -2.151358936973E-01    1.318302962920E+04   -1.417853160694E+02   -3.165539079375E-02
    6.683440944536E-05    1.824434485588E+04    1.823037476312E+04   -1.668755147544E+02   -1.673501235090E+02   -2.605799145831E-01   -2.677283979670E-01    1.237475636493E+04   -1.330913872229E+02   -8.567295301743E-02
    7.079459706283E-05    1.712621161773E+04    1.711240152135E+04   -1.566718847097E+02   -1.571369823471E+02   -3.061447226946E-01   -3.130164729204E-01    1.161606839225E+04   -1.250021963916E+02   -1.329023518964E-01
    7.498944054238E-05    1.607666729986E+04    1.606301537227E+04   -1.470938064890E+02   -1.475495266533E+02   -3.450802009472E-01   -3.516834747829E-01    1.090392336739E+04   -1.173737144714E+02   -1.739670046078E-01
    7.943284411759E-05    1.509150363866E+04    1.507800807335E+04   -1.381028999796E+02   -1.385493748753E+02   -3.780116377512E-01   -3.843545090899E-01    1.023546561722E+04   -1.102125526384E+02   -2.094316000655E-01
    8.413953589964E-05    1.416677057837E+04    1.415342958974E+04   -1.296631400735E+02   -1.301005004682E+02   -4.055338841448E-01   -4.116242769264E-01    9.608014685589E+03   -1.034900665626E+02   -2.398272808284E-01
    8.912511669514E-05    1.329876042809E+04    1.328557225114E+04   -1.217411895360E+02   -1.221690873941E+02   -4.281763595553E-01   -4.340219598465E-01    9.019054582369E+03   -9.717933542264E+01   -2.656373686188E-01
    9.440611171657E-05    1.248399299070E+04    1.247095588087E+04   -1.143038765302E+02   -1.147233944904E+02   -4.464254997962E-01   -4.520338578976E-01    8.466223692153E+03   -9.125510176711E+01   -2.872977697470E-01
    1.000000253568E-04    1.171920160442E+04    1.170631383732E+04   -1.073228192661E+02   -1.077336210401E+02   -4.607225675354E-01   -4.661010535263E-01    7.947305302165E+03   -8.569365789784E+01   -3.052227734803E-01
    1.059253992091E-04    1.100132004065E+04    1.098857991188E+04   -1.007696210469E+02   -1.011726670673E+02   -4.714923957594E-01   -4.766482319829E-01    7.460218711339E+03   -8.047275077942E+01   -3.197819250934E-01
    1.122018735254E-04    1.032747020591E+04    1.031487603080E+04   -9.461801051535E+01   -9.501172272288E+01   -4.791033662526E-01   -4.840435969647E-01    7.003010884928E+03   -7.557149278315E+01   -3.313171028694E-01
    1.188502523153E-04    9.694950598225E+03    9.682500711646E+03   -8.884334882410E+01   -8.922870163944E+01   -4.838989407676E-01   -4.886304477487E-01    6.573848621176E+03   -7.097080555124E+01   -3.401414409163E-01
    1.258925723037E-04    9.101225471866E+03    9.088918228020E+03   -8.342251310624E+01   -8.379962572423E+01   -4.861901723736E-01   -4.907196780526E-01    6.171011198620E+03   -6.665068174589E+01   -3.465345567619E-01
    1.333521759735E-04    8.543914666915E+03    8.531748439116E+03   -7.833378436815E+01   -7.870276538216E+01   -4.862691316038E-01   -4.906031996444E-01    5.792883474538E+03   -6.259547456444E+01   -3.507729152290E-01
    1.412537889366E-04    8.020784062858E+03    8.008757243329E+03   -7.355680915404E+01   -7.391778966902E+01   -4.843929684778E-01   -4.885380081774E-01    5.437949406870E+03   -5.878841962723E+01   -3.530929032132E-01
    1.496236018893E-04    7.529736617924E+03    7.517847617596E+03   -6.907245182357E+01   -6.942554826327E+01   -4.807992302532E-01   -4.847615124702E-01    5.104785973611E+03   -5.521429785051E+01   -3.536951394854E-01
    1.584893574245E-04    7.068803958238E+03    7.057051206549E+03   -6.486276128778E+01   -6.520808883146E+01   -4.757108980050E-01   -4.794965358021E-01    4.792057465304E+03   -5.185882256979E+01   -3.528039982939E-01
    1.678804419868E-04    6.636138483045E+03    6.624520427742E+03   -6.091088796098E+01   -6.124856054475E+01   -4.693196644615E-01   -4.729248112090E-01    4.498510127729E+03   -4.870858831757E+01   -3.505884316291E-01
    1.778279832772E-04    6.230005954335E+03    6.218521061282E+03   -5.720148346067E+01   -5.753114649183E+01   -4.617930134038E-01   -4.652430434766E-01    4.222967133309E+03   -4.575100708353E+01   -3.472167583383E-01
    1.883649534286E-04    5.848778541160E+03    5.837425294147E+03   -5.371866108147E+01   -5.404100023956E+01   -4.533138228687E-01   -4.566046348962E-01    3.964323861059E+03   -4.297426511933E+01   -3.428359271517E-01
    1.995262782958E-04    5.490928290735E+03    5.479705191288E+03   -5.044880736918E+01   -5.076418628677E+01   -4.440189700411E-01   -4.471560983337E-01    3.721543466146E+03   -4.036727354484E+01   -3.375842436254E-01
    2.113489532207E-04    5.155021000135E+03    5.143926567334E+03   -4.737945685533E+01   -4.768844790889E+01   -4.340410026890E-01   -4.370298432735E-01    3.493652721295E+03   -3.791962387078E+01   -3.315855097171E-01
    2.238721656565E-04    4.839710464015E+03    4.828743234309E+03   -4.449797252870E+01   -4.479903601103E+01   -4.234995190471E-01   -4.263453321040E-01    3.279738113351E+03   -3.562154625046E+01   -3.249518254561E-01
    2.371374250594E-04    4.543733075280E+03    4.532891602310E+03   -4.179280880006E+01   -4.208687600260E+01   -4.125022365346E-01   -4.152101487812E-01    3.078942179356E+03   -3.346384972080E+01   -3.177780930123E-01
    2.511887004750E-04    4.265902757041E+03    4.255185611462E+03   -3.925319567837E+01   -3.954037051438E+01   -4.011459792193E-01   -4.037209862504E-01    2.890460067433E+03   -3.143838438760E+01   -3.101690829247E-01
    2.660725662789E-04    4.005106205537E+03    3.994511974846E+03   -3.686895645860E+01   -3.714934371610E+01   -3.895175899162E-01   -3.919645584846E-01    2.713536308682E+03   -2.953580253126E+01   -3.022003487296E-01
    2.818383565518E-04    3.760298424943E+03    3.749825713311E+03   -3.463056163509E+01   -3.490426489080E+01   -3.776947724256E-01   -3.800184426952E-01    2.547461787155E+03   -2.774976656852E+01   -2.939460079664E-01
    2.985383286022E-04    3.530498536153E+03    3.520145964255E+03   -3.252906646078E+01   -3.279618719300E+01   -3.657468690319E-01   -3.679518567874E-01    2.391570895741E+03   -2.607274259048E+01   -2.854708104749E-01
    3.162278361789E-04    3.314785842725E+03    3.304552047576E+03   -3.055607506582E+01   -3.081671367986E+01   -3.537349626259E-01   -3.558257841765E-01    2.245238866557E+03   -2.449804855852E+01   -2.768390492213E-01
    3.349655129464E-04    3.112296138208E+03    3.102179773004E+03   -2.870370677820E+01   -2.895796260718E+01   -3.417152297319E-01   -3.436962284193E-01    2.107879265150E+03   -2.301941375703E+01   -2.680998268465E-01
    3.548134668321E-04    2.922218240053E+03    2.912217974012E+03   -2.696456451087E+01   -2.721253581674E+01   -3.297327120082E-01   -3.316081439092E-01    1.978941638441E+03   -2.163095043281E+01   -2.592991610337E-01
    3.758374858894E-04    2.743790736185E+03    2.733905254392E+03   -2.533206111878E+01   -2.557348906407E+01   -3.178348739944E-01   -3.196088822925E-01    1.857909306987E+03   -2.032713286889E+01   -2.187370243951E-01
    3.981072563587E-04    2.576298931205E+03    2.566526934461E+03   -2.379861139689E+01   -2.403430416738E+01   -3.060564449707E-01   -3.077330567915E-01    1.744297292712E+03   -1.910277438892E+01   -2.416884537488E-01
    4.216965936497E-04    2.419071979961E+03    2.409412184635E+03   -2.235916623630E+01   -2.258884193066E+01   -2.944298700295E-01   -2.960130004005E-01    1.637650373776E+03   -1.795298628182E+01   -2.329458298486E-01
    4.466836870101E-04    2.271480197006E+03    2.261931334887E+03   -2.100760666511E+01   -2.123140263621E+01   -2.829832170930E-01   -2.844766710518E-01    1.537541258808E+03   -1.687324060870E+01   -2.242845993445E-01
    4.731513586915E-04    2.132932531128E+03    2.123493349288E+03   -1.973858786682E+01   -1.995657345347E+01   -2.717405826323E-01   -2.731480572893E-01    1.443568873148E+03   -1.585922642358E+01   -2.157297544684E-01
    5.011873384724E-04    2.002874194850E+03    1.993543455499E+03   -1.854702662620E+01   -1.875929459293E+01   -2.607224646361E-01   -2.620475511963E-01    1.355356750254E+03   -1.490731313575E+01   -2.073029458803E-01
    5.308845544473E-04    1.880784439369E+03    1.871560919726E+03   -1.742817536586E+01   -1.763481944937E+01   -2.499461052850E-01   -2.511922910345E-01    1.272551521801E+03   -1.401253487039E+01   -1.990227915486E-01
    5.623414410462E-04    1.766174466026E+03    1.757056958183E+03   -1.637757716751E+01   -1.657868542524E+01   -2.394258056494E-01   -2.405964759021E-01    1.194821500431E+03   -1.317253108966E+01   -1.909051607685E-01
    5.956622653057E-04    1.658585465921E+03    1.649572776713E+03   -1.539104861103E+01   -1.558670960299E+01   -2.291732145228E-01   -2.302716545386E-01    1.121855349454E+03   -1.238357658630E+01   -1.829634351637E-01
    6.309574724727E-04    1.557586779808E+03    1.548677730693E+03   -1.446466299134E+01   -1.465496435774E+01   -2.191973027726E-01   -2.202267164309E-01    1.053360834180E+03   -1.164254760654E+01   -1.752085115421E-01
    6.683440520859E-04    1.462774170907E+03    1.453967597840E+03   -1.359473456539E+01   -1.377976302757E+01   -2.095058808512E-01   -2.104693366585E-01    9.890636498629E+02   -1.094648693073E+01   -1.676500622652E-01
    7.079459257502E-04    1.373768203676E+03    1.365062956991E+03   -1.277780376576E+01   -1.295762504925E+01   -2.001040163882E-01   -2.010045126900E-01    9.287063215610E+02   -1.029268491901E+01   -1.602953099213E-01
    7.498943578865E-04    1.290212722070E+03    1.281607666368E+03   -1.201095973093E+01   -1.218534363155E+01   -1.909945510499E-01   -1.918349923717E-01    8.720471714970E+02   -9.678534838663E+00   -1.531492764311E-01
    7.943283908219E-04    1.211773421163E+03    1.203267435200E+03   -1.129012446713E+01   -1.145984846492E+01   -1.821797740024E-01   -1.829629740099E-01    8.188593497804E+02   -9.101610620433E+00   -1.462164620614E-01
    8.413953056587E-04    1.138136506418E+03    1.129728482998E+03   -1.061348905546E+01   -1.077827768394E+01   -1.736567104683E-01   -1.743853878415E-01    7.689299246024E+02   -8.559635038531E+00   -1.394997245125E-01
    8.912511104532E-04    1.069007435213E+03    1.060696281086E+03   -9.978009561769E+00   -1.013851342579E+01   -1.654320932038E-01   -1.661088903851E-01    7.220590282531E+02   -8.050470576869E+00   -1.330007464602E-01
    9.440610573198E-04    1.004109735594E+03    9.958943713539E+02   -9.381168950263E+00   -9.536328887825E+00   -1.575004404135E-01   -1.581279083847E-01    6.780590555375E+02   -7.572110855802E+00   -1.267201660188E-01
    1.000000190176E-03    9.431838974902E+02    9.350632574840E+02   -8.820594266949E+00   -8.971062556753E+00   -1.498591351209E-01   -1.504397408324E-01    6.367539113753E+02   -7.122672584983E+00   -1.206576958428E-01
    1.059253924943E-03    8.859863319817E+02    8.779593642150E+02   -8.294068151302E+00   -8.439924377133E+00   -1.425047433563E-01   -1.430408714365E-01    5.979783045651E+02   -6.700688756119E+00   -1.148122317711E-01
    1.122018664127E-03    8.322883944062E+02    8.243540604584E+02   -7.799506156669E+00   -7.940820490218E+00   -1.354331216317E-01   -1.359270760680E-01    5.615770848819E+02   -6.303597822616E+00   -1.091819518264E-01
    1.188502447811E-03    7.818754674138E+02    7.740327423557E+02   -7.334951745738E+00   -7.471811733503E+00   -1.286395145466E-01   -1.290935203359E-01    5.274046208485E+02   -5.930744505728E+00   -1.037644063591E-01
    1.258925643231E-03    7.345461002814E+02    7.267939725972E+02   -6.898568440208E+00   -7.031050734833E+00   -1.221185276616E-01   -1.225347443372E-01    4.953242156854E+02   -5.580357504990E+00   -9.855649598754E-02
    1.333521675200E-03    6.901112010348E+02    6.824486725492E+02   -6.488612601152E+00   -6.616812933381E+00   -1.158647228010E-01   -1.162452064526E-01    4.652075590959E+02   -5.251082577629E+00   -9.355500571682E-02
    1.412537799822E-03    6.483932781416E+02    6.408193639511E+02   -6.103507152505E+00   -6.227479543999E+00   -1.098718207225E-01   -1.102185702094E-01    4.369342126887E+02   -4.941622027385E+00   -8.875590262474E-02
    1.496235924044E-03    6.092257287293E+02    6.017394571392E+02   -5.741712201545E+00   -5.861531066001E+00   -1.041339451333E-01   -1.044488877160E-01    4.103911269730E+02   -4.650766767847E+00   -8.415497898068E-02
    1.584893473776E-03    5.724521704782E+02    5.650525829435E+02   -5.402052481344E+00   -5.517541190718E+00   -9.864339296754E-02   -9.892838188947E-02    3.854721879898E+02   -4.377381875188E+00   -7.974651359320E-02
    1.678804313446E-03    5.379258145051E+02    5.306119655777E+02   -5.082439114221E+00   -5.194150907715E+00   -9.339388042467E-02   -9.365070051655E-02    3.620777917603E+02   -4.120382474158E+00   -7.552829867884E-02
    1.778279720043E-03    5.055088767259E+02    4.982798340071E+02   -4.782366943141E+00   -4.890145096936E+00   -8.837842754955E-02   -8.860879542768E-02    3.401144448450E+02   -3.878808931112E+00   -7.149410185731E-02
    1.883649414877E-03    4.750720253345E+02    4.679268694321E+02   -4.500396919027E+00   -4.604322587739E+00   -8.358995136298E-02   -8.379551694266E-02    3.194943894112E+02   -3.651701744339E+00   -6.763884521750E-02
    1.995262656475E-03    4.464938621821E+02    4.394316866744E+02   -4.235443133517E+00   -4.335576064050E+00   -7.902130429703E-02   -7.920365227531E-02    3.001352513047E+02   -3.438179834596E+00   -6.395733589112E-02
    2.113489398229E-03    4.196604359773E+02    4.126803473822E+02   -3.986455982391E+00   -4.082866109985E+00   -7.466530841714E-02   -7.482595972855E-02    2.819597097157E+02   -3.237416152752E+00   -6.044429891583E-02
    2.238721514648E-03    3.944647853536E+02    3.875659031048E+02   -3.752460526046E+00   -3.845216975584E+00   -7.051478580233E-02   -7.065519904804E-02    2.648951871115E+02   -3.048634363429E+00   -5.709440659647E-02
    2.371374100268E-03    3.708065099736E+02    3.639879664020E+02   -3.532541633648E+00   -3.621713584174E+00   -6.656258542174E-02   -6.668415827512E-02    2.488735581952E+02   -2.871105732119E+00   -5.390230466956E-02
    2.511886845517E-03    3.485913679466E+02    3.418523082699E+02   -3.325840310834E+00   -3.411495256155E+00   -6.280934443516E-02   -6.290564363165E-02    2.338308767207E+02   -2.704144987962E+00   -5.086260715373E-02
    2.660725494121E-03    3.277308979484E+02    3.210704802661E+02   -3.131550252906E+00   -3.213755053251E+00   -5.922480273244E-02   -5.931265637435E-02    2.197071190695E+02   -2.547112850591E+00   -4.797004910893E-02
    2.818383386855E-03    3.081420645244E+02    3.015594598214E+02   -2.948914609618E+00   -3.027735494627E+00   -5.582528491872E-02   -5.589813753158E-02    2.064459435609E+02   -2.399404854360E+00   -4.521927176529E-02
    2.985383096773E-03    2.897469251565E+02    2.832413173131E+02   -2.777222948502E+00   -2.852705071398E+00   -5.259617999923E-02   -5.265519971661E-02    1.939944645299E+02   -2.260435343888E+00   -4.260502377924E-02
    3.162278161326E-03    2.724723177559E+02    2.660429035664E+02   -2.616037778164E+00   -2.688038484760E+00   -4.953077433645E-02   -4.957707489802E-02    1.823030402663E+02   -2.129714156233E+00   -4.012211845629E-02
    3.349654917123E-03    2.562495673296E+02    2.498955565288E+02   -2.464026520137E+00   -2.533087325444E+00   -4.662248408076E-02   -4.665712615121E-02    1.713250739656E+02   -2.006721534010E+00   -3.776544601560E-02
    3.548134443398E-03    2.410142106449E+02    2.347348259431E+02   -2.321327845180E+00   -2.387263395611E+00   -4.386448228446E-02   -4.388847243677E-02    1.610168268921E+02   -1.890989454510E+00   -3.552998416429E-02
    3.758374620643E-03    2.267057377858E+02    2.205002149128E+02   -2.187140809567E+00   -2.250014528524E+00   -4.125126291918E-02   -4.126556185756E-02    1.513372430062E+02   -1.782078566950E+00   -3.341116952915E-02
    3.981072311218E-03    2.132673495663E+02    2.071349373249E+02   -2.060948494165E+00   -2.120822377092E+00   -3.877627608709E-02   -3.878179289712E-02    1.422477843508E+02   -1.679576431573E+00   -3.140343270850E-02
    4.216965669175E-03    2.006457298264E+02    1.945856901555E+02   -1.942264228027E+00   -1.999200337899E+00   -3.643354097873E-02   -3.643113668427E-02    1.337122765386E+02   -1.583095866781E+00   -2.950244946582E-02
    4.466836586940E-03    1.887908316991E+02    1.828024397470E+02   -1.830631789801E+00   -1.884692277729E+00   -3.421724135403E-02   -3.420773011013E-02    1.256967637186E+02   -1.492493528693E+00   -2.770362446051E-02
    4.731513286975E-03    1.776556769899E+02    1.717382211984E+02   -1.725622908907E+00   -1.776868566079E+00   -3.212172872188E-02   -3.210587898591E-02    1.181693724418E+02   -1.406767800046E+00   -2.600248239501E-02
    5.011873067012E-03    1.671961678647E+02    1.613489500645E+02   -1.626835547398E+00   -1.675326488187E+00   -3.014152455333E-02   -3.012006780067E-02    1.111001838794E+02   -1.326258733050E+00   -2.439416763450E-02
    5.308845207934E-03    1.573709100908E+02    1.515932456089E+02   -1.533892287376E+00   -1.579668371523E+00   -2.827133307190E-02   -2.824493810008E-02    1.044611138806E+02   -1.250426122986E+00   -2.287550083537E-02
    5.623414053982E-03    1.481410471227E+02    1.424322649019E+02   -1.446419104740E+00   -1.489580258246E+00   -2.650600133363E-02   -2.647530936951E-02    9.822580038995E+01   -1.179027788592E+00   -2.144183562717E-02
    5.956622275455E-03    1.394701043660E+02    1.338295470977E+02   -1.364124080234E+00   -1.404707927074E+00   -2.484155386005E-02   -2.480617794132E-02    9.236949777195E+01   -1.111777680426E+00   -2.008920332356E-02
    6.309574324750E-03    1.313238429960E+02    1.257508672666E+02   -1.286673868084E+00   -1.324738651105E+00   -2.327024624747E-02   -2.323271201624E-02    8.686897761933E+01   -1.048426940493E+00   -1.881376418708E-02
    6.683440097183E-03    1.236701227445E+02    1.181640991964E+02   -1.213948946089E+00   -1.249378812746E+00   -2.179040940552E-02   -2.175025049951E-02    8.170243564745E+01   -9.887419184314E-01   -1.761180749698E-02
    7.079458808720E-03    1.164787731042E+02    1.110390866121E+02   -1.145153136743E+00   -1.178352730232E+00   -2.039660511743E-02   -2.035430135516E-02    7.684940430121E+01   -9.325032362163E-01   -1.647975114176E-02
    7.498943103492E-03    1.097214724347E+02    1.043475222977E+02   -1.080549636176E+00   -1.111401556262E+00   -1.908454540677E-02   -1.904053954213E-02    7.229067072386E+01   -8.795049104167E-01   -1.541414079534E-02
    7.943283404678E-03    1.033716344856E+02    9.806283463652E+01   -1.019721014205E+00   -1.048282244124E+00   -1.785010583824E-02   -1.780480457705E-02    6.800819975973E+01   -8.295535283274E-01   -1.441164871845E-02
    8.413952523210E-03    9.740430187972E+01    9.216008111255E+01   -9.624398562958E-01   -9.887665773243E-01   -1.668932279083E-02   -1.664309778739E-02    6.398506168030E+01   -7.824674748206E-01   -1.346907224297E-02
    8.912510539550E-03    9.179604613240E+01    8.661584834790E+01   -9.084922663726E-01   -9.326238389989E-01   -1.559839046000E-02   -1.555157929494E-02    6.020536434554E+01   -7.380762066672E-01   -1.258333197564E-02
    9.440609974739E-03    8.652487380314E+01    8.140815827512E+01   -8.576773938823E-01   -8.796872903327E-01   -1.457365762946E-02   -1.452656477032E-02    5.665418952763E+01   -6.962195714329E-01   -1.175146976005E-02
    1.000000126784E-02    8.157013840530E+01    7.651638006770E+01   -8.098066300001E-01   -8.297496014256E-01   -1.361162425225E-02   -1.356454230843E-02    5.331753314211E+01   -6.567471682270E-01   -1.097064643299E-02
    1.059253857795E-02    7.691245771954E+01    7.192114747592E+01   -7.647028533661E-01   -7.826333683838E-01   -1.270895749841E-02   -1.266208899633E-02    5.018224914643E+01   -6.195177477118E-01   -1.023816068267E-02
    1.122018593000E-02    7.253363618018E+01    6.760428123679E+01   -7.221997223198E-01   -7.381719785352E-01   -1.186241045444E-02   -1.181598378171E-02    4.723599688153E+01   -5.843999212350E-01   -9.551361647518E-03
    1.188502372469E-02    6.841659202350E+01    6.354871624713E+01   -6.821410105358E-01   -6.962089467508E-01   -1.106893249901E-02   -1.102312914595E-02    4.446719164520E+01   -5.512666456857E-01   -8.907772439734E-03
    1.258925563425E-02    6.454528890419E+01    5.973843320670E+01   -6.443799837615E-01   -6.565972932249E-01   -1.032559167584E-02   -1.028056454412E-02    4.186495829822E+01   -5.200020066081E-01   -8.305004582939E-03
    1.333521590666E-02    6.090467170834E+01    5.615839445909E+01   -6.087788147523E-01   -6.191989598061E-01   -9.629588192283E-03   -9.585462486642E-03    3.941908771868E+01   -4.904960745413E-01   -7.740775192567E-03
    1.412537710278E-02    5.748060630425E+01    5.279448377209E+01   -5.752080342476E-01   -5.838842625112E-01   -8.978250472248E-03   -8.935124579780E-03    3.711999592914E+01   -4.626455805734E-01   -7.212904072221E-03
    1.496235829195E-02    5.425982299003E+01    4.963344981673E+01   -5.435460157172E-01   -5.505313778743E-01   -8.369031182667E-03   -8.326977541366E-03    3.495868573303E+01   -4.363535061662E-01   -6.719310760416E-03
    1.584893373306E-02    5.122986341096E+01    4.666285311788E+01   -5.136703015766E-01   -5.190258610740E-01   -7.799503251478E-03   -7.758569208676E-03    3.292671070635E+01   -4.115286984201E-01   -6.258011543835E-03
    1.678804207023E-02    4.837903073585E+01    4.387101626533E+01   -4.854906688242E-01   -4.892601936961E-01   -7.267355887137E-03   -7.227564550357E-03    3.101614140141E+01   -3.880855090886E-01   -5.827116448785E-03
    1.778279607314E-02    4.569634288957E+01    4.124697718375E+01   -4.588971954744E-01   -4.611333594559E-01   -6.770390604273E-03   -6.731741690931E-03    2.921953362544E+01   -3.659434559942E-01   -5.424826219213E-03
    1.883649295469E-02    4.317148865678E+01    3.878044527572E+01   -4.337950951193E-01   -4.345504461424E-01   -6.306517291402E-03   -6.268945447149E-03    2.752989866842E+01   -3.450269054569E-01   -5.049497893968E-03
    1.995262529991E-02    4.079478648105E+01    3.646176026233E+01   -4.100952849572E-01   -4.094267051760E-01   -5.873713145824E-03   -5.837256738473E-03    2.594067536057E+01   -3.252647743939E-01   -4.699361887566E-03
    2.113489264250E-02    3.855714579370E+01    3.428185355591E+01   -3.877140344787E-01   -3.856693626359E-01   -5.470170419252E-03   -5.434724968669E-03    2.444570384758E+01   -3.065902509198E-01   -4.372948937379E-03
    2.238721372731E-02    3.645003071815E+01    3.223221201063E+01   -3.665726361392E-01   -3.632041226060E-01   -5.094061552343E-03   -5.059592227795E-03    2.303920097859E+01   -2.889405323237E-01   -4.068791737700E-03
    2.371373949942E-02    3.446542600395E+01    3.030484390560E+01   -3.465970967964E-01   -3.419570114997E-01   -4.743690603072E-03   -4.710035896893E-03    2.171573720832E+01   -2.722565794381E-01   -3.785464791930E-03
    2.511886686283E-02    3.259580505723E+01    2.849224702564E+01   -3.277178480997E-01   -3.218585029826E-01   -4.417491228236E-03   -4.384488720243E-03    2.047021492222E+01   -2.564807747222E-01   -3.521720485560E-03
    2.660725325452E-02    3.083409993369E+01    2.678737870931E+01   -3.098694755754E-01   -3.028399189507E-01   -4.113858912257E-03   -4.081413221335E-03    1.929784809515E+01   -2.415654123446E-01   -3.276275416709E-03
    2.818383208192E-02    2.917367318081E+01    2.518362774737E+01   -2.929904645362E-01   -2.848467759175E-01   -3.831400397654E-03   -3.799354969956E-03    1.819414320538E+01   -2.274590042165E-01   -3.047949368605E-03
    2.985382907523E-02    2.760829141366E+01    2.367478801785E+01   -2.770229621226E-01   -2.678177160602E-01   -3.568756345741E-03   -3.536939122131E-03    1.715488132599E+01   -2.141154095994E-01   -2.835626650910E-03
    3.162277960863E-02    2.613210051974E+01    2.225503375280E+01   -2.619125545137E-01   -2.516984656911E-01   -3.324642639179E-03   -3.292867036426E-03    1.617610132278E+01   -2.014912342653E-01   -2.638253404459E-03
    3.349654704782E-02    2.473960239380E+01    2.091889633770E+01   -2.476055692432E-01   -2.364380131254E-01   -3.097847039036E-03   -3.065912969441E-03    1.525408409124E+01   -1.895456642433E-01   -2.454834959891E-03
    3.548134218475E-02    2.342563311177E+01    1.966124255157E+01   -2.340591551068E-01   -2.219884137602E-01   -2.887225923896E-03   -2.854920854361E-03    1.438533777071E+01   -1.782403102554E-01   -2.284433255231E-03
    3.758374382392E-02    2.218534245525E+01    1.847725416020E+01   -2.212251592966E-01   -2.083028869713E-01   -2.691647406349E-03   -2.658801155664E-03    1.356658387578E+01   -1.675390621341E-01   -2.126164300950E-03
    3.981072058850E-02    2.101417470533E+01    1.736240878136E+01   -2.090609802519E-01   -1.953426665262E-01   -2.510207986186E-03   -2.476527818004E-03    1.279474429001E+01   -1.574079528058E-01   -1.979195718201E-03
    4.216965401853E-02    1.990785063214E+01    1.631246194615E+01   -1.975265382025E-01   -1.830660975702E-01   -2.341891923991E-03   -2.307135295828E-03    1.206692907106E+01   -1.478150310530E-01   -1.842744330514E-03
    4.466836303778E-02    1.886235060765E+01    1.532343028477E+01   -1.865841270935E-01   -1.714357948523E-01   -2.185798879800E-03   -2.149715671725E-03    1.138042501828E+01   -1.387302426450E-01   -1.716073819537E-03
    4.731512987035E-02    1.787389877575E+01    1.439157576968E+01   -1.761982767261E-01   -1.604166399188E-01   -2.041081921900E-03   -2.003402269442E-03    1.073268495770E+01   -1.301253193291E-01   -1.598492443987E-03
    5.011872749299E-02    1.693894821725E+01    1.351339095372E+01   -1.663356246456E-01   -1.499756513348E-01   -1.906965449094E-03   -1.867422650745E-03    1.012131770180E+01   -1.219736752395E-01   -1.489338189829E-03
    5.308844871396E-02    1.605416705556E+01    1.268558514407E+01   -1.569647968419E-01   -1.400818635385E-01   -1.782657223631E-03   -1.741010374150E-03    9.544078645662E+00   -1.142482315344E-01   -1.388028361278E-03
    5.623413697503E-02    1.521642544273E+01    1.190507145744E+01   -1.480562974576E-01   -1.307062138074E-01   -1.667445565814E-03   -1.623461017166E-03    8.998860960421E+00   -1.069298461143E-01   -1.293977995777E-03
    5.956621897853E-02    1.442278338228E+01    1.116895470474E+01   -1.395824066066E-01   -1.218214368006E-01   -1.560737224301E-03   -1.514114731033E-03    8.483687351504E+00   -9.999412810381E-02   -1.206652167521E-03
    6.309573924774E-02    1.367047934010E+01    1.047452005714E+01   -1.315146829293E-01   -1.134019662219E-01   -1.461875866207E-03   -1.412353910928E-03    7.996702348613E+00   -9.342031912163E-02   -1.125550112939E-03
    6.683439673506E-02    1.295691960086E+01    9.819222448136E+00   -1.238338245298E-01   -1.054238431173E-01   -1.370278864562E-03   -1.317574966209E-03    7.536165097551E+00   -8.718892175627E-02   -1.050203353183E-03
    7.079458359939E-02    1.227966833069E+01    9.200676669469E+00   -1.165141400130E-01   -9.786463034344E-02   -1.285399029361E-03   -1.229293355111E-03    7.100442625979E+00   -8.128163211777E-02   -9.801738878447E-04
    7.498942628119E-02    1.163643831015E+01    8.616648120884E+00   -1.095341449058E-01   -9.070333269730E-02   -1.206722375735E-03   -1.146975774580E-03    6.688003557161E+00   -7.568127722064E-02   -9.150524595761E-04
    7.943282901137E-02    1.102508230475E+01    8.065044175440E+00   -1.028737308358E-01   -8.392032255412E-02   -1.133744236172E-03   -1.070152273411E-03    6.297412247192E+00   -7.037175695210E-02   -8.544568961083E-04
    8.413951989832E-02    1.044358504104E+01    7.543906128261E+00   -9.651410595625E-02   -7.749593088060E-02   -1.066058609826E-03   -9.983849806313E-04    5.927323323920E+00   -6.533799026761E-02   -7.980305255902E-04
    8.912509974568E-02    9.890055764093E+00    7.051401692181E+00   -9.043627241407E-02   -7.141596175744E-02   -1.003211948755E-03   -9.312663894772E-04    5.576476606261E+00   -6.056586537486E-02   -7.454263525532E-04
    9.440609376280E-02    9.362721350287E+00    6.585818010636E+00   -8.462726863239E-02   -6.566290786063E-02   -9.447858160096E-04   -8.684177486953E-04    5.243692384774E+00   -5.604219362554E-02   -6.963650090714E-04
    1.000000063392E-01    8.859919954457E+00    6.145555157614E+00   -7.906867756434E-02   -6.022195706393E-02   -8.904231623030E-04   -8.094723433148E-04    4.927867045558E+00   -5.175466683713E-02   -6.505410193931E-04
    1.059253790647E-01    8.380095172855E+00    5.729120097084E+00   -7.374990895574E-02   -5.507935533884E-02   -8.396146793559E-04   -7.541382136919E-04    4.627969021326E+00   -4.769102312770E-02   -6.076854786869E-04
    1.122018521873E-01    7.921790704173E+00    5.335121070264E+00   -6.865585588282E-02   -5.022155198579E-02   -7.925354237421E-04   -7.020956229277E-04    4.343035052147E+00   -4.384234683393E-02   -5.675482749702E-04
    1.188502297128E-01    7.483645496808E+00    4.962262390428E+00   -6.377804393881E-02   -4.563863760600E-02   -7.483007921325E-04   -6.530553403103E-04    4.072166744398E+00   -4.019777831293E-02   -5.298871031841E-04
    1.258925483619E-01    7.064389370797E+00    4.609339615359E+00   -5.909629935473E-02   -4.131806307860E-02   -7.068076189363E-04   -6.067767890358E-04    3.814527412904E+00   -3.674816407854E-02   -4.945085898427E-04
    1.333521506131E-01    6.662839104210E+00    4.275235070234E+00   -5.460863415072E-02   -3.725112201767E-02   -6.677879755736E-04   -5.630325427543E-04    3.569339192668E+00   -3.348456956119E-02   -4.611907674306E-04
    1.412537620735E-01    6.277894976553E+00    3.958913694857E+00   -5.030497605815E-02   -3.342880246748E-02   -6.309467183228E-04   -5.216276354866E-04    3.335880407847E+00   -3.040042126721E-02   -4.297716577185E-04
    1.496235734345E-01    5.908537770746E+00    3.659419193873E+00   -4.617836439992E-02   -2.983963821018E-02   -5.960604606149E-04   -4.823187241486E-04    3.113483190003E+00   -2.748732304290E-02   -3.997198943487E-04
    1.584893272837E-01    5.553826209275E+00    3.375870441931E+00   -4.222140899291E-02   -2.647877142959E-02   -5.628641609600E-04   -4.449516333989E-04    2.901531320161E+00   -2.474145466741E-02   -3.719247034247E-04
    1.678804100600E-01    5.212894849940E+00    3.107458140501E+00   -3.842777884463E-02   -2.333767017572E-02   -5.311546656161E-04   -4.093826342481E-04    2.699458300447E+00   -2.215231513242E-02   -3.451953767430E-04
    1.778279494585E-01    4.884952415404E+00    2.853441670187E+00   -3.479425499393E-02   -2.041094219805E-02   -5.007089209037E-04   -3.754617289543E-04    2.506745626430E+00   -1.971809685545E-02   -3.197447722412E-04
    1.883649176061E-01    4.569280561234E+00    2.613146110106E+00   -3.131661584837E-02   -1.769178585828E-02   -4.713282499844E-04   -3.430901184576E-04    2.322921250571E+00   -1.743260471009E-02   -2.954600829966E-04
    1.995262403507E-01    4.265233074792E+00    2.385959380716E+00   -2.799231301132E-02   -1.517550685017E-02   -4.428281732515E-04   -3.121553339342E-04    2.147558217960E+00   -1.529242862476E-02   -2.722434675295E-04
    2.113489130272E-01    3.972235494734E+00    2.171329462059E+00   -2.481982262188E-02   -1.285671099983E-02   -4.150391820832E-04   -2.825907897645E-04    1.980273453189E+00   -1.329315647431E-02   -2.499981752353E-04
    2.238721230814E-01    3.689785135645E+00    1.968761632807E+00   -2.179819017594E-02   -1.073045488849E-02   -3.877989612600E-04   -2.543291083731E-04    1.820726673294E+00   -1.143208985959E-02   -2.286392913584E-04
    2.371373799615E-01    3.417451493779E+00    1.777815667130E+00   -1.892882239900E-02   -8.792752758784E-03   -3.609894281650E-04   -2.273272573960E-04    1.668619396201E+00   -9.705892694136E-03   -2.081116590451E-04
    2.511886527050E-01    3.154876998573E+00    1.598102916994E+00   -1.621277788187E-02   -7.039075028489E-03   -3.344855399388E-04   -2.015603494848E-04    1.523694007444E+00   -8.112414901939E-03   -1.883573039517E-04
    2.660725156783E-01    2.901778059114E+00    1.429283196594E+00   -1.365251785740E-02   -5.465049375411E-03   -3.081928285295E-04   -1.770170449434E-04    1.385732839486E+00   -6.649298149751E-03   -1.693371610342E-04
    2.818383029529E-01    2.657946333851E+00    1.271061373298E+00   -1.125118976392E-02   -4.066601632627E-03   -2.820414145299E-04   -1.537166993237E-04    1.254557207533E+00   -5.314516804498E-03   -1.510227181195E-04
    2.985382718274E-01    2.423250125596E+00    1.123183556288E+00   -9.013457751484E-03   -2.839036499218E-03   -2.559891719947E-04   -1.316823227583E-04    1.130026333362E+00   -4.106528430651E-03   -1.334111336706E-04
    3.162277760400E-01    2.197635768471E+00    9.854327598838E-01   -6.944039603435E-03   -1.777616300228E-03   -2.300252776897E-04   -1.109571059251E-04    1.012036073397E+00   -3.023601968169E-03   -1.165037584676E-04
    3.349654492440E-01    1.981128830827E+00    8.576239045474E-01   -5.048374156577E-03   -8.769071786293E-04   -2.041740689002E-04   -9.159851532264E-05    9.005173499420E-01   -2.064064962510E-03   -1.003210549750E-04
    3.548133993551E-01    1.773834901818E+00    7.395980057397E-01   -3.332622222781E-03   -1.309339089015E-04   -1.784949887686E-04   -7.367420074131E-05    7.954341636338E-01   -1.226279066794E-03   -8.489917530725E-05
    3.758374144141E-01    1.575939662152E+00    6.312153905955E-01   -1.802749471583E-03    4.671194419816E-04   -1.531033340075E-04   -5.726694432658E-05    6.967810421869E-01   -5.081934346670E-04   -7.028816673436E-05
    3.981071806482E-01    1.387707854154E+00    5.323477782404E-01   -4.647945081867E-04    9.251351346327E-04   -1.281487303591E-04   -4.245871974402E-05    6.045797544589E-01    9.249773974443E-05   -5.655843723942E-05
    4.216965134532E-01    1.209480664123E+00    4.428690640793E-01    6.757712636481E-04    1.252146838583E-03   -1.038354145989E-04   -2.933304796153E-05    5.188750911140E-01    5.787247338681E-04   -4.378909246842E-05
    4.466836020616E-01    1.041670904980E+00    3.626446682497E-01    1.614556381818E-03    1.458571966946E-03   -8.041993729578E-05   -1.796985971333E-05    4.397294844095E-01    9.541986903935E-04   -3.207324480815E-05
    4.731512687095E-01    8.847552383088E-01    2.915193501523E-01    2.348728050180E-03    1.556242490958E-03   -5.820981671100E-05   -8.432457230366E-06    3.672162118993E-01    1.223595906699E-03   -2.151268736301E-05
    5.011872431586E-01    7.392624976824E-01    2.293034652819E-01    2.877810545736E-03    1.558677492978E-03   -3.756688323942E-05   -7.629346610819E-07    3.014109047692E-01    1.392734963756E-03   -1.221633583515E-05
    5.308844534858E-01    6.057569677755E-01    1.757577627129E-01    3.204319318372E-03    1.480911231312E-03   -1.889039302337E-05    5.030859581908E-06    2.423810661140E-01    1.468970777021E-03   -4.290031082839E-06
    5.623413341023E-01    4.848152310968E-01    1.305770078400E-01    3.335034023977E-03    1.339535804415E-03   -2.612936569009E-06    8.985952934051E-06    1.901733021884E-01    1.461251520507E-03    2.167697312369E-06
    5.956621520251E-01    3.769949194532E-01    9.337299630209E-02    3.281693447656E-03    1.152449125077E-03    1.082495317161E-05    1.119740126881E-05    1.447979928385E-01    1.380443503484E-03    7.077419075559E-06
    6.309573524797E-01    2.827933886192E-01    6.365792743273E-02    3.062290509247E-03    9.384278076540E-04    2.100485175486E-05    1.182881048568E-05    1.062111820774E-01    1.239446757534E-03    1.039233885352E-05
    6.683439249830E-01    2.025939883467E-01    4.082968327650E-02    2.702379307293E-03    7.165396615822E-04    2.757790184363E-05    1.112221179100E-05    7.429358091046E-02    1.053366273479E-03    1.211424684069E-05
    7.079457911159E-01    1.365972070054E-01    2.416135931981E-02    2.235717675608E-03    5.050717699010E-04    3.032876761927E-05    9.400726478081E-06    4.882675423860E-02    8.392964296447E-04    1.231341100624E-05
    7.498942152746E-01    8.473355053667E-02    1.279849722880E-02    1.705190007658E-03    3.203004201824E-04    2.926617746527E-05    7.063714019870E-06    2.946684842656E-02    6.161316256623E-04    1.115136376355E-05
    7.943282397597E-01    4.655456111479E-02    5.768965217210E-03    1.162639032123E-03    1.747871790364E-04    2.474308755536E-05    4.562757454806E-06    1.571663695256E-02    4.038883531318E-04    8.908238216148E-06
    8.413951456455E-01    2.109789706777E-02    2.012434756995E-03    6.672169365384E-04    7.538551573471E-05    1.761281843246E-05    2.354771699526E-06    6.897265058839E-03    2.224938348134E-04    6.009248097753E-06
    8.912509409587E-01    6.721879090594E-03    4.390517518620E-04    2.806489885019E-04    2.118868825232E-05    9.414987183207E-06    8.158487641480E-07    2.121914360112E-03    8.965904339430E-05    3.047053423361E-06
    9.440608777821E-01    9.043439974645E-04    3.036068027128E-05    5.524142489679E-05    2.084631842105E-06    2.549880587708E-06    1.072084083114E-07    2.747474985234E-04    1.686873936988E-05    7.827486639666E-07
