# Q1 =   100.0000 , Q2 =   500.0000
# x  F1Wp(LO) F1Wm(LO) F1Wp(NLO) F1Wm(NLO) F1Wp(NNLO) F1Wm(NNLO) F1Z(LO) F1Z(NLO) F1Z(NNLO)
    1.000000316960E-05    1.474856707757E+05    1.474651998245E+05   -3.028001903151E+02   -3.028125044324E+02    8.146988356529E-01    8.147080914363E-01    1.001138991031E+05   -2.555023220190E+02    6.982414391324E-01
    1.059254059240E-05    1.384382500351E+05    1.384180135073E+05   -2.842058870147E+02   -2.842178285787E+02    7.616658951832E-01    7.616753751303E-01    9.397205358547E+04   -2.398124978899E+02    6.528059884745E-01
    1.122018806381E-05    1.299459353161E+05    1.299259305291E+05   -2.667534052612E+02   -2.667649517301E+02    7.120586096598E-01    7.120682951650E-01    8.820704695390E+04   -2.250861125118E+02    6.103045691442E-01
    1.188502598494E-05    1.219746667132E+05    1.219548910150E+05   -2.503725507192E+02   -2.503837646106E+02    6.656571253315E-01    6.656669983333E-01    8.279575726189E+04   -2.112640079203E+02    5.705489247184E-01
    1.258925802843E-05    1.144924741662E+05    1.144729249356E+05   -2.349976039408E+02   -2.350084625845E+02    6.222556216362E-01    6.222656646068E-01    7.771648127879E+04   -1.982900853319E+02    5.333628126631E-01
    1.333521844269E-05    1.074693492317E+05    1.074500238772E+05   -2.205667723344E+02   -2.205773306095E+02    5.816614194644E-01    5.816716154009E-01    7.294884744023E+04   -1.861139475540E+02    4.985812410469E-01
    1.412537978909E-05    1.008771247218E+05    1.008580206817E+05   -2.070220838644E+02   -2.070322489843E+02    5.436941458972E-01    5.437044783122E-01    6.847373413964E+04   -1.746849570131E+02    4.660497535871E-01
    1.496236113743E-05    9.468936172849E+04    9.467047647052E+04   -1.943091245595E+02   -1.943189511280E+02    5.081849518528E-01    5.081954047650E-01    6.427319303337E+04   -1.639577775349E+02    4.356228794585E-01
    1.584893674715E-05    8.888124357990E+04    8.886257460078E+04   -1.823768263874E+02   -1.823863198639E+02    4.749757792950E-01    4.749863372209E-01    6.033037705152E+04   -1.538893132313E+02    4.071670822068E-01
    1.678804526291E-05    8.342947630297E+04    8.341102112814E+04   -1.711772517328E+02   -1.711864176210E+02    4.439187692167E-01    4.439294171936E-01    5.662947282598E+04   -1.444391161534E+02    3.805555545021E-01
    1.778279945500E-05    7.831219519379E+04    7.829395137706E+04   -1.606654081488E+02   -1.606742517297E+02    4.148752644518E-01    4.148859879065E-01    5.315563726450E+04   -1.355692218902E+02    3.556672628422E-01
    1.883649653694E-05    7.350887712044E+04    7.349084224369E+04   -1.507990657585E+02   -1.508075922795E+02    3.877156743911E-01    3.877264593080E-01    4.989493801648E+04   -1.272439970935E+02    3.323935653987E-01
    1.995262909442E-05    6.900025820682E+04    6.898242987967E+04   -1.415385876421E+02   -1.415468022950E+02    3.623184435159E-01    3.623292762306E-01    4.683429759166E+04   -1.194299963607E+02    3.106302264771E-01
    2.113489666185E-05    6.476825656724E+04    6.475063242674E+04   -1.328467706362E+02   -1.328546785573E+02    3.385705002549E-01    3.385813677532E-01    4.396144090757E+04   -1.120958278465E+02    2.902790548375E-01
    2.238721798482E-05    6.079589978183E+04    6.077847749212E+04   -1.246886959073E+02   -1.246963021777E+02    3.163653082942E-01    3.163761978929E-01    4.126484605533E+04   -1.052120272505E+02    2.712495117613E-01
    2.371374400920E-05    5.706725682192E+04    5.705003407398E+04   -1.170316101709E+02   -1.170388983447E+02    2.956033790984E-01    2.956142785558E-01    3.873369808648E+04   -9.875093944163E+01    2.534563921071E-01
    2.511887163984E-05    5.356737415237E+04    5.355034866367E+04   -1.098446866936E+02   -1.098517046830E+02    2.761916003944E-01    2.762024979020E-01    3.635784563518E+04   -9.268660557952E+01    2.368199503037E-01
    2.660725831458E-05    5.028221575454E+04    5.026538526875E+04   -1.030991164451E+02   -1.031058459442E+02    2.580428295794E-01    2.580537137533E-01    3.412776020217E+04   -8.699466616186E+01    2.212655522779E-01
    2.818383744181E-05    4.719860682927E+04    4.718196911597E+04   -9.676777576446E+01   -9.677422513681E+01    2.410755129543E-01    2.410863728281E-01    3.203449793687E+04   -8.165225203106E+01    2.067233494926E-01
    2.985383475271E-05    4.430418095421E+04    4.428773380861E+04   -9.082523158242E+01   -9.083140384967E+01    2.252133291533E-01    2.252241541695E-01    3.006966376449E+04   -7.663790006613E+01    1.931279736918E-01
    3.162278562252E-05    4.158733048343E+04    4.157107172604E+04   -8.524760749411E+01   -8.525350741344E+01    2.103849792669E-01    2.103957592779E-01    2.822537771424E+04   -7.193148880563E+01    1.804179831014E-01
    3.349655341806E-05    3.903715999041E+04    3.902108746680E+04   -8.001249486623E+01   -8.001812743295E+01    1.965231958856E-01    1.965339211482E-01    2.649424331355E+04   -6.751403876980E+01    1.685368620760E-01
    3.548134893245E-05    3.664344256770E+04    3.662755414819E+04   -7.509886103524E+01   -7.510423064474E+01    1.835660904621E-01    1.835767515467E-01    2.486931792158E+04   -6.336787402803E+01    1.574302168656E-01
    3.758375097145E-05    3.439657880794E+04    3.438087238731E+04   -7.048696482349E+01   -7.049207604716E+01    1.714546137174E-01    1.714652016548E-01    2.334408488302E+04   -5.947631356698E+01    1.470484549790E-01
    3.981072815955E-05    3.228755830167E+04    3.227203179894E+04   -6.615827724226E+01   -6.616302709657E+01    1.601339209581E-01    1.601444270530E-01    2.191242739043E+04   -5.582372061807E+01    1.373445422869E-01
    4.216966203819E-05    3.030792349767E+04    3.029257485577E+04   -6.209540706328E+01   -6.210001324849E+01    1.495532877131E-01    1.495637037937E-01    2.056860395039E+04   -5.239542457082E+01    1.282744686336E-01
    4.466837153263E-05    2.844973578065E+04    2.843456296618E+04   -5.828203096001E+01   -5.828639229615E+01    1.396645090167E-01    1.396748271769E-01    1.930722535497E+04   -4.917764999601E+01    1.197972320333E-01
    4.731513886856E-05    2.670554363041E+04    2.669054463336E+04   -5.470284820758E+01   -5.470694879763E+01    1.304227236042E-01    1.304329362904E-01    1.812323306617E+04   -4.615746918887E+01    1.118744041086E-01
    5.011873702437E-05    2.506835273465E+04    2.505352556814E+04   -5.134341605019E+01   -5.134730249875E+01    1.217859587551E-01    1.217960587588E-01    1.701187892672E+04   -4.332274827624E+01    1.044700301694E-01
    5.308845881011E-05    2.353159793564E+04    2.351694063567E+04   -4.819030170074E+01   -4.819395616812E+01    1.137149453721E-01    1.137249258229E-01    1.596870611566E+04   -4.066209847423E+01    9.755047088549E-02
    5.623414766941E-05    2.208911689813E+04    2.207462752333E+04   -4.523081499297E+01   -4.523424137858E+01    1.061729240147E-01    1.061827783746E-01    1.498953127259E+04   -3.816483033844E+01    9.108425405024E-02
    5.956623030659E-05    2.073512539304E+04    2.072080202440E+04   -4.245299377094E+01   -4.245626761746E+01    9.912570842861E-02    9.913543049550E-02    1.407042771865E+04   -3.582091082328E+01    8.504205140024E-02
    6.309575124703E-05    1.946419409757E+04    1.945003483820E+04   -3.984589110968E+01   -3.984887452134E+01    9.254083216171E-02    9.255041602562E-02    1.320770970703E+04   -3.362092297759E+01    7.939607915634E-02
    6.683440944536E-05    1.827122681891E+04    1.825722979380E+04   -3.739881894648E+01   -3.740158625929E+01    8.638833036391E-02    8.639777047990E-02    1.239791763991E+04   -3.155602811505E+01    7.412064889144E-02
    7.079459706283E-05    1.715144005407E+04    1.713760340982E+04   -3.510201654053E+01   -3.510457269553E+01    8.064017361000E-02    8.064946461743E-02    1.163780419235E+04   -2.961793030711E+01    6.919178318522E-02
    7.498944054238E-05    1.610034380385E+04    1.608666570846E+04   -3.294625586943E+01   -3.294860484672E+01    7.526993330717E-02    7.527907026465E-02    1.092432128771E+04   -2.779884232310E+01    6.458680385921E-02
    7.943284411759E-05    1.511372356403E+04    1.510020220667E+04   -3.092287379896E+01   -3.092502131802E+01    7.025294070526E-02    7.026191888016E-02    1.025460787212E+04   -2.609145735245E+01    6.028457821457E-02
    8.413953589964E-05    1.418762342163E+04    1.417425701237E+04   -2.902374451881E+01   -2.902569258782E+01    6.556633693249E-02    6.557515197468E-02    9.625978439168E+03   -2.448891502557E+01    5.626554142185E-02
    8.912511669514E-05    1.331833018822E+04    1.330511695782E+04   -2.723568106570E+01   -2.724298834890E+01    6.118849869014E-02    6.119714647376E-02    9.035912258664E+03   -2.298477701897E+01    5.251115659997E-02
    9.440611171657E-05    1.250235850686E+04    1.248929670655E+04   -2.556818613708E+01   -2.556974685495E+01    5.709927919430E-02    5.710775586840E-02    8.482043266283E+03   -2.157300037661E+01    4.900416190312E-02
    1.000000253568E-04    1.173643687286E+04    1.172352477410E+04   -2.399787341585E+01   -2.399924433861E+01    5.327991137599E-02    5.328821337779E-02    7.962150573591E+03   -2.024791148360E+01    4.572841251327E-02
    1.059253992091E-04    1.101749451218E+04    1.100473040646E+04   -2.252398761281E+01   -2.252509341487E+01    4.971261777336E-02    4.972074176191E-02    7.474149560345E+03   -1.900419038320E+01    4.266879015944E-02
    1.122018735254E-04    1.034264906511E+04    1.033003126370E+04   -2.114060904263E+01   -2.114161625708E+01    4.638099706059E-02    4.638893997393E-02    7.016083513348E+03   -1.783683856588E+01    3.981121215057E-02
    1.188502523153E-04    9.709195025454E+03    9.696721859226E+03   -1.984217860086E+01   -1.984300894286E+01    4.326963695553E-02    4.327739598247E-02    6.586115778335E+03   -1.674110626913E+01    3.714245143090E-02
    1.258925723037E-04    9.114592889260E+03    9.102262708443E+03   -1.862347956143E+01   -1.862413664942E+01    4.036412463679E-02    4.037169721124E-02    6.182522393397E+03   -1.571277156358E+01    3.465015772751E-02
    1.333521759735E-04    8.556458969208E+03    8.544270143197E+03   -1.747961555709E+01   -1.748010293619E+01    3.765093221619E-02    3.765831599885E-02    5.803685174414E+03   -1.474754122372E+01    3.232280165029E-02
    1.412537889366E-04    8.032555834054E+03    8.020506751198E+03   -1.640599090763E+01   -1.640630582199E+01    3.511756024322E-02    3.512475315458E-02    5.448085224736E+03   -1.384154301947E+01    3.014954244191E-02
    1.496236018893E-04    7.540783334662E+03    7.528872402063E+03   -1.539829215582E+01   -1.539844260648E+01    3.275217102607E-02    3.275917120203E-02    5.114296843114E+03   -1.299119164766E+01    2.812030271173E-02
    1.584893574245E-04    7.079170180659E+03    7.067395823969E+03   -1.445247073727E+01   -1.445246209233E+01    3.054374832849E-02    3.055055411399E-02    4.800981805420E+03   -1.219304678529E+01    2.622564123939E-02
    1.678804419868E-04    6.645866033939E+03    6.634226697166E+03   -1.356467206808E+01   -1.356457046042E+01    2.848202763600E-02    2.848863764037E-02    4.506883997224E+03   -1.144391456110E+01    2.445671430217E-02
    1.778279832772E-04    6.239134087288E+03    6.227628232597E+03   -1.273149350830E+01   -1.273118485702E+01    2.655728998876E-02    2.656370298596E-02    4.230824375719E+03   -1.074077923258E+01    2.280529159645E-02
    1.883649534286E-04    5.857344098366E+03    5.845970205893E+03   -1.194942177066E+01   -1.194896411633E+01    2.476057776005E-02    2.476679274598E-02    3.971696240763E+03   -1.008082051185E+01    2.126364463378E-02
    1.995262782958E-04    5.498965851120E+03    5.487722418779E+03   -1.121538860006E+01   -1.121476981805E+01    2.308343790456E-02    2.308945406777E-02    3.728460796079E+03   -9.461378593272E+00    1.982456906490E-02
    2.113489532207E-04    5.162563018383E+03    5.151448561684E+03   -1.052639695386E+01   -1.052565105998E+01    2.151807040699E-02    2.152388715249E-02    3.500142982819E+03   -8.879969452235E+00    1.848129645398E-02
    2.238721656565E-04    4.846787401054E+03    4.835800452918E+03   -9.879721190632E+00   -9.878839899335E+00    2.005708107092E-02    2.006269798716E-02    3.285827568766E+03   -8.334257567893E+00    1.722753227212E-02
    2.371374250594E-04    4.550373520751E+03    4.539512631331E+03   -9.272755747170E+00   -9.271761769545E+00    1.869359249267E-02    1.869900935532E-02    3.084655477494E+03   -7.822050850154E+00    1.605738175690E-02
    2.511887004750E-04    4.272133544248E+03    4.261397280753E+03   -8.699605946669E+00   -8.701908086139E+00    1.742117609471E-02    1.742639286177E-02    2.895820342771E+03   -7.341291831755E+00    1.496533470230E-02
    2.660725662789E-04    4.010952519334E+03    4.000339465855E+03   -8.168344443979E+00   -8.167060520180E+00    1.623382307348E-02    1.623883988049E-02    2.718565274366E+03   -6.890049401185E+00    1.394624057415E-02
    2.818383565518E-04    3.765783902996E+03    3.755292660338E+03   -7.666457905445E+00   -7.665045507630E+00    1.512591421691E-02    1.513073137064E-02    2.552179822311E+03   -6.466524358045E+00    1.299528236664E-02
    2.985383286022E-04    3.535645363981E+03    3.525274549490E+03   -7.195386581410E+00   -7.193850635322E+00    1.409220662751E-02    1.409682460595E-02    2.395997127417E+03   -6.068974062103E+00    1.210796640908E-02
    3.162278361789E-04    3.319614842902E+03    3.309363090306E+03   -6.753238140244E+00   -6.751581326010E+00    1.312779143001E-02    1.313221087299E-02    2.249391246645E+03   -5.695844828762E+00    1.128008434168E-02
    3.349655129464E-04    3.116826854090E+03    3.106692813335E+03   -6.338234626426E+00   -6.336462111241E+00    1.222808944398E-02    1.223231115214E-02    2.111774642569E+03   -5.345623069294E+00    1.050771086860E-02
    3.548134668321E-04    2.926469014357E+03    2.916451351449E+03   -5.948712798142E+00   -5.946825570209E+00    1.138880426716E-02    1.139282919175E-02    1.982595826894E+03   -5.016902161366E+00    9.787162277846E-03
    3.758374858894E-04    2.747778784742E+03    2.737876181593E+03   -5.583106039566E+00   -5.581107018194E+00    1.060593921490E-02    1.060976493666E-02    1.861337148556E+03   -4.708361591552E+00    9.115012438417E-03
    3.981072563587E-04    2.580040412187E+03    2.570251566462E+03   -5.239945789529E+00   -5.237832505305E+00    9.875750114330E-03    9.879384923925E-03    1.747512717541E+03   -4.418762786067E+00    8.488051153335E-03
    4.216965936497E-04    2.422582058854E+03    2.412905683821E+03   -4.917864329866E+00   -4.915634389219E+00    9.194747584278E-03    9.198189351329E-03    1.640666456096E+03   -4.146942391804E+00    7.903287208715E-03
    4.466836870101E-04    2.274773107585E+03    2.265207931972E+03   -4.615536306242E+00   -4.613213542166E+00    8.559661972347E-03    8.562912223444E-03    1.540370269514E+03   -3.891804892273E+00    7.357917051892E-03
    4.731513586915E-04    2.136021632698E+03    2.126566400549E+03   -4.331778776888E+00   -4.329360865364E+00    7.967441715668E-03    7.970502110095E-03    1.446222329150E+03   -3.652333543028E+00    6.849324254806E-03
    5.011873384724E-04    2.005772025961E+03    1.996425496497E+03   -4.065441720636E+00   -4.062942761547E+00    7.415235853966E-03    7.418108179551E-03    1.357845460794E+03   -3.427562762142E+00    6.375064312869E-03
    5.308845544473E-04    1.883502768238E+03    1.874263715721E+03   -3.815455276975E+00   -3.812844471560E+00    6.900380964579E-03    6.903067133577E-03    1.274885631928E+03   -3.216593685677E+00    5.932853451697E-03
    5.623414410462E-04    1.768724337858E+03    1.759591551460E+03   -3.580815808504E+00   -3.578112878780E+00    6.420388941707E-03    6.422890986785E-03    1.197010531802E+03   -3.018571617260E+00    5.520558156953E-03
    5.956622653057E-04    1.660977247323E+03    1.651949530994E+03   -3.360578987649E+00   -3.357788410308E+00    5.972935565583E-03    5.975255635834E-03    1.123908238631E+03   -2.832715277692E+00    5.136182890803E-03
    6.309574724727E-04    1.559830200478E+03    1.550906372825E+03   -3.153862305553E+00   -3.150986584296E+00    5.555847355658E-03    5.557987710217E-03    1.055285968575E+03   -2.658247775296E+00    4.777871040763E-03
    6.683440520859E-04    1.464878362758E+03    1.456057256918E+03   -2.959835372354E+00   -2.956875433230E+00    5.167106354784E-03    5.169069376032E-03    9.908689014707E+02   -2.494497961293E+00    4.443885413064E-03
    7.079459257502E-04    1.375741737559E+03    1.367022201085E+03   -2.777721091051E+00   -2.774679503759E+00    4.804804720033E-03    4.806592870698E-03    9.303990786252E+02   -2.340801467490E+00    4.132591318126E-03
    7.498943578865E-04    1.292063642241E+03    1.283444536983E+03   -2.606789760240E+00   -2.603665547009E+00    4.467178399640E-03    4.468794251629E-03    8.736343682270E+02   -2.196539368081E+00    3.842476194170E-03
    7.943283908219E-04    1.213509277632E+03    1.204989479630E+03   -2.446347841658E+00   -2.443147153317E+00    4.152580200892E-03    4.154026434723E-03    8.203474942447E+02   -2.061132496571E+00    3.572127638409E-03
    8.413953056587E-04    1.139764385312E+03    1.131342784685E+03   -2.295764541350E+00   -2.292480068671E+00    3.859464210657E-03    3.860743593665E-03    7.703251249072E+02   -1.934037256552E+00    3.320219526696E-03
    8.912511104532E-04    1.070533987270E+03    1.062209488117E+03   -2.154413271165E+00   -2.151059605688E+00    3.586389827164E-03    3.587505216889E-03    7.233670171137E+02   -1.814743437054E+00    3.085516231469E-03
    9.440610573198E-04    1.005541202911E+03    9.973127232070E+02   -2.021732859307E+00   -2.018318213582E+00    3.332011870550E-03    3.332966211216E-03    6.792852133398E+02   -1.702772162069E+00    2.866863928340E-03
    1.000000190176E-03    9.445261386266E+02    9.363926101308E+02   -1.897204423852E+00   -1.893722165105E+00    3.095074327666E-03    3.095870646725E-03    6.379032878201E+02   -1.597673965990E+00    2.663185235780E-03
    1.059253924943E-03    8.872448455191E+02    8.792052136814E+02   -1.780319956067E+00   -1.776786842833E+00    2.874404503126E-03    2.875045907866E-03    5.990556389836E+02   -1.499026987249E+00    2.473474202839E-03
    1.122018664127E-03    8.334683410623E+02    8.255215649374E+02   -1.670610205947E+00   -1.667003158745E+00    2.668907550595E-03    2.669397224783E-03    5.625868253026E+02   -1.406435272887E+00    2.296791622555E-03
    1.188502447811E-03    7.829816907971E+02    7.751267429624E+02   -1.567634742811E+00   -1.563968357202E+00    2.477561359595E-03    2.477902560211E-03    5.283509418929E+02   -1.319525356772E+00    2.132260649977E-03
    1.258925643231E-03    7.355831463710E+02    7.278190128478E+02   -1.470978401504E+00   -1.467255048405E+00    2.299411775052E-03    2.299607829062E-03    4.962110353640E+02   -1.237960403355E+00    1.979062705223E-03
    1.333521675200E-03    6.910833364637E+02    6.834090166443E+02   -1.380256866724E+00   -1.376478843928E+00    2.133569871201E-03    2.133624184361E-03    4.660385545729E+02   -1.161392893986E+00    1.836435244130E-03
    1.412537799822E-03    6.493045073560E+02    6.417190139347E+02   -1.295104071489E+00   -1.291273685288E+00    1.979199611617E-03    1.979115624529E-03    4.377128350775E+02   -1.089520916780E+00    1.703660658916E-03
    1.496235924044E-03    6.100798100945E+02    6.025821690042E+02   -1.215178215603E+00   -1.211297753077E+00    1.835530027335E-03    1.835311259180E-03    4.111206152232E+02   -1.022067049030E+00    1.580077866375E-03
    1.584893473776E-03    5.732526313945E+02    5.658418817476E+02   -1.140158469933E+00   -1.136230219016E+00    1.701833893457E-03    1.701483923913E-03    3.861555819208E+02   -9.587542008436E-01    1.465062513170E-03
    1.678804313446E-03    5.386759655951E+02    5.313511596305E+02   -1.069743795227E+00   -1.065769956627E+00    1.577436303197E-03    1.576958762810E-03    3.627179442944E+02   -8.993282961204E-01    1.358032864092E-03
    1.778279720043E-03    5.062118251503E+02    4.989720281852E+02   -1.003659009136E+00   -9.996343310915E-01    1.461706532931E-03    1.461105104109E-03    3.407140334883E+02   -8.435508615521E-01    1.258453329103E-03
    1.883649414877E-03    4.757306872896E+02    4.685749776768E+02   -9.416163846622E-01   -9.375580634338E-01    1.354056024736E-03    1.353334438921E-03    3.200559270297E+02   -7.911980681814E-01    1.165815905972E-03
    1.995262656475E-03    4.471109746295E+02    4.400384437210E+02   -8.833894188350E-01   -8.792921644560E-01    1.253935599436E-03    1.253097634347E-03    3.006610962383E+02   -7.420598318299E-01    1.079649286566E-03
    2.113489398229E-03    4.202385676529E+02    4.132483197689E+02   -8.287369410319E-01   -8.246029341399E-01    1.160832851881E-03    1.159882328807E-03    2.824520752705E+02   -6.959389687730E-01    9.995137017479E-04
    2.238721514648E-03    3.950063471006E+02    3.880974995051E+02   -7.774396192119E-01   -7.732710151744E-01    1.074269716716E-03    1.073210497871E-03    2.653561504690E+02   -6.526504032715E-01    9.249988346519E-04
    2.371374100268E-03    3.713137644397E+02    3.644854473224E+02   -7.292915892726E-01   -7.250905711588E-01    9.938001935149E-04    9.926361794436E-04    2.493050687742E+02   -6.120204237737E-01    8.557218705464E-04
    2.511886845517E-03    3.490664386863E+02    3.423177951512E+02   -6.840996276542E-01   -6.798683131673E-01    9.190082209844E-04    9.177433480295E-04    2.342347640250E+02   -5.738859847959E-01    7.913256744052E-04
    2.660725494121E-03    3.281757779656E+02    3.215059640263E+02   -6.416823747659E-01   -6.374228682421E-01    8.495043945623E-04    8.481426380481E-04    2.200851000542E+02   -5.380940297202E-01    7.314774517792E-04
    2.818383386855E-03    3.085586242901E+02    3.019668088732E+02   -6.018696061105E-01   -5.975839988007E-01    7.849292768965E-04    7.834746279579E-04    2.067996295453E+02   -5.045058281122E-01    6.758655931255E-04
    2.985383096773E-03    2.901369201339E+02    2.836222850886E+02   -5.645015481750E-01   -5.601919185264E-01    7.249450539980E-04    7.234015427469E-04    1.943253676862E+02   -4.729719690293E-01    6.242004405537E-04
    3.162278161326E-03    2.728373954633E+02    2.663991355799E+02   -5.294282363374E-01   -5.250966502983E-01    6.692346201607E-04    6.676063047135E-04    1.826125797090E+02   -4.433804608910E-01    5.762122574135E-04
    3.349654917123E-03    2.565912739691E+02    2.502285970054E+02   -4.965089122067E-01   -4.921574235735E-01    6.175053786529E-04    6.157963383106E-04    1.716145814674E+02   -4.156076786146E-01    5.316485174362E-04
    3.548134443398E-03    2.413339973238E+02    2.350461240397E+02   -4.656114579782E-01   -4.612421087936E-01    5.694834639274E-04    5.676966464540E-04    1.612875522482E+02   -3.895421385367E-01    4.902740655632E-04
    3.758374620643E-03    2.270049663559E+02    2.207911305578E+02   -4.366162770041E-01   -4.322266865251E-01    5.249124288454E-04    5.230542558720E-04    1.515903590691E+02   -3.650791999846E-01    4.518696126612E-04
    3.981072311218E-03    2.135472981042E+02    2.074067466975E+02   -4.093937316263E-01   -4.049947492203E-01    4.835563770620E-04    4.816298391552E-04    1.424843917555E+02   -3.421206448206E-01    4.162306772868E-04
    4.216965669175E-03    2.009075977773E+02    1.948395908299E+02   -3.838478250314E-01   -3.794370335703E-01    4.451921533925E-04    4.432014041762E-04    1.339334081378E+02   -3.205742828110E-01    3.831665971930E-04
    4.466836586940E-03    1.890357447043E+02    1.830395555196E+02   -3.598715792344E-01   -3.554509815816E-01    4.096127796386E-04    4.075619861813E-04    1.259033887451E+02   -3.003535812386E-01    3.524996060532E-04
    4.731513286975E-03    1.778846914177E+02    1.719596066187E+02   -3.373687391657E-01   -3.329403286081E-01    3.766253014189E-04    3.745186422722E-04    1.183624004154E+02   -2.813773172668E-01    3.240639710983E-04
    5.011873067012E-03    1.674102750628E+02    1.615555946874E+02   -3.162489556309E-01   -3.118147492552E-01    3.460498490725E-04    3.438915123532E-04    1.112804682731E+02   -2.635692516600E-01    2.977051877401E-04
    5.308845207934E-03    1.575710403781E+02    1.517860779859E+02   -2.964274223592E-01   -2.919893752454E-01    3.177189835723E-04    3.155131775507E-04    1.046294555626E+02   -2.468578225450E-01    2.732794305191E-04
    5.623414053982E-03    1.483280735349E+02    1.426121563271E+02   -2.778245353523E-01   -2.733846114976E-01    2.914757630079E-04    2.892268332685E-04    9.838295085308E+01   -2.311758579834E-01    2.506518351682E-04
    5.956622275455E-03    1.396448461715E+02    1.339973151231E+02   -2.603655731691E-01   -2.559257320106E-01    2.671756446873E-04    2.648870341273E-04    9.251616216532E+01   -2.164603062052E-01    2.296977746030E-04
    6.309574324750E-03    1.314870689959E+02    1.259072790024E+02   -2.439803968495E-01   -2.395425938233E-01    2.446812579834E-04    2.423582176787E-04    8.700581759344E+01   -2.026519924333E-01    2.103006188920E-04
    6.683440097183E-03    1.238225543695E+02    1.183098744076E+02   -2.286031682761E-01   -2.241693554159E-01    2.238676190643E-04    2.215139207956E-04    8.183007202457E+01   -1.896953461106E-01    1.923515638332E-04
    7.079458808720E-03    1.166210873217E+02    1.111749006255E+02   -2.141720858409E-01   -2.097442124274E-01    2.046163135931E-04    2.022361646386E-04    7.696841958165E+01   -1.775382214346E-01    1.757493110765E-04
    7.498943103492E-03    1.098543044769E+02    1.044740087297E+02   -2.006291363596E-01   -1.962091496252E-01    1.868175081239E-04    1.844151128505E-04    7.240161143833E+01   -1.661316665769E-01    1.603994637309E-04
    7.943283404678E-03    1.034955804102E+02    9.818058795414E+01   -1.879198622165E-01   -1.835097081108E-01    1.703688674872E-04    1.679484256482E-04    6.811157867710E+01   -1.554297301390E-01    1.462140612281E-04
    8.413952523210E-03    9.751992097360E+01    9.226965903631E+01   -1.759931460596E-01   -1.715947668498E-01    1.551750486956E-04    1.527407537346E-04    6.408135987979E+01   -1.453892767630E-01    1.331111451149E-04
    8.912510539550E-03    9.190386316702E+01    8.671777410774E+01   -1.648009979625E-01   -1.604163376256E-01    1.411472286444E-04    1.387032659985E-04    6.029503316159E+01   -1.359698140760E-01    1.210143538110E-04
    9.440609974739E-03    8.662538115207E+01    8.150292272748E+01   -1.542983650087E-01   -1.499293725991E-01    1.282026633751E-04    1.257532087635E-04    5.673765237537E+01   -1.271333302778E-01    1.098525444266E-04
    1.000000126784E-02    8.166379803145E+01    7.660444368268E+01   -1.444429572801E-01   -1.400915837014E-01    1.162642768235E-04    1.138134945151E-04    5.339518723065E+01   -1.188441417170E-01    9.955943984699E-05
    1.059253857795E-02    7.699970304042E+01    7.200294220244E+01   -1.351950740283E-01   -1.308632731347E-01    1.052604079807E-04    1.028123181488E-04    5.025446708700E+01   -1.110687498428E-01    9.007342320534E-05
    1.122018593000E-02    7.261487381873E+01    6.768021225324E+01   -1.265174445786E-01   -1.222071743018E-01    9.512379847245E-05    9.268279891899E-05    4.730312819686E+01   -1.037757069597E-01    8.133661172140E-05
    1.188502372469E-02    6.849220345144E+01    6.361916360458E+01   -1.183750790145E-01   -1.140881396509E-01    8.579256752566E-05    8.336264652077E-05    4.452956418625E+01   -9.693549023341E-02    7.329580791588E-05
    1.258925563425E-02    6.461563198461E+01    5.980375337129E+01   -1.107351280803E-01   -1.064736658154E-01    7.720859162109E-05    7.479384948937E-05    4.192287957396E+01   -9.052038346586E-02    6.590099439512E-05
    1.333521590666E-02    6.097008214358E+01    5.621892175979E+01   -1.035667516990E-01   -9.933274123665E-02    6.931792902993E-05    6.692238462980E-05    3.947284614428E+01   -8.450436614038E-02    5.910562843964E-05
    1.412537710278E-02    5.754139899514E+01    5.285053175971E+01   -9.684099559663E-02   -9.263642110786E-02    6.207017131507E-05    5.969787362723E-05    3.716986199759E+01   -7.886300930389E-02    5.286659041833E-05
    1.496235829195E-02    5.431629331174E+01    4.968531253955E+01   -9.053067553238E-02   -8.635753165849E-02    5.541856752071E-05    5.307362496121E-05    3.500491311488E+01   -7.357339581299E-02    4.714350168756E-05
    1.584893373306E-02    5.128228841076E+01    4.671080631919E+01   -8.461026867601E-02   -8.047056157527E-02    4.931942298100E-05    4.700594845239E-05    3.296953728212E+01   -6.861395752817E-02    4.189883801981E-05
    1.678804207023E-02    4.842767025751E+01    4.391531850754E+01   -7.905581167735E-02   -7.495166485563E-02    4.373239235009E-05    4.145424093384E-05    3.105579023061E+01   -6.396449435108E-02    3.709766065569E-05
    1.778279607314E-02    4.574144062893E+01    4.128787090368E+01   -7.384480504275E-02   -6.977813954658E-02    3.861959164131E-05    3.638070371987E-05    2.925621385636E+01   -5.960602517078E-02    3.270744054016E-05
    1.883649295469E-02    4.321327315291E+01    3.881815777536E+01   -6.895602225716E-02   -6.492898696840E-02    3.394587173687E-05    3.175015167576E-05    2.756380639211E+01   -5.552072854982E-02    2.869789442952E-05
    1.995262529991E-02    4.083347204666E+01    3.649650463895E+01   -6.436984005881E-02   -6.038430226942E-02    2.967852243702E-05    2.752983530896E-05    2.597199441266E+01   -5.169187168266E-02    2.504083217982E-05
    2.113489264250E-02    3.859293338895E+01    3.431382957536E+01   -6.006752191216E-02   -5.612565524204E-02    2.578710695082E-05    2.368927495919E-05    2.447460656101E+01   -4.810374375062E-02    2.171003144397E-05
    2.238721372731E-02    3.648310877105E+01    3.226160692726E+01   -5.603158079438E-02   -5.213548536468E-02    2.224330774557E-05    2.020010629756E-05    2.306584889038E+01   -4.474159340350E-02    1.868101996107E-05
    2.371373949942E-02    3.449597118084E+01    3.033183323219E+01   -5.224559719749E-02   -4.839739246861E-02    1.902078284637E-05    1.703593630726E-05    2.174028172317E+01   -4.159157012074E-02    1.593112215622E-05
    2.511886686283E-02    3.262398298638E+01    2.851699525633E+01   -4.869415399456E-02   -4.489597994829E-02    1.609503235513E-05    1.417220924875E-05    2.049279793563E+01   -3.864066919313E-02    1.343914222400E-05
    2.660725325452E-02    3.086006588496E+01    2.681003999852E+01   -4.536277541946E-02   -4.161684752836E-02    1.344327380390E-05    1.158605159856E-05    1.931860257858E+01   -3.587668014434E-02    1.118547113347E-05
    2.818383208192E-02    2.919757270408E+01    2.520434654741E+01   -4.223786983155E-02   -3.854631465913E-02    1.104429984192E-05    9.256278055606E-06    1.821319375574E+01   -3.328813834655E-02    9.151772224075E-06
    2.985382907523E-02    2.763026093863E+01    2.369369967774E+01   -3.930667607176E-02   -3.567170123990E-02    8.878478483791E-06    7.163095816210E-06    1.717234468182E+01   -3.086427965160E-02    7.321022491586E-06
    3.162277960863E-02    2.615226791948E+01    2.227226508073E+01   -3.655721318835E-02   -3.298100941673E-02    6.927487186784E-06    5.288130931345E-06    1.619208684895E+01   -2.859499785133E-02    5.677391710527E-06
    3.349654704782E-02    2.475808751434E+01    2.093456612940E+01   -3.397823333419E-02   -3.046310401044E-02    5.174332201122E-06    3.614290231529E-06    1.526869423437E+01   -2.647078560128E-02    4.206161763083E-06
    3.548134218475E-02    2.344254826989E+01    1.967546208666E+01   -3.155917763640E-02   -2.810740604323E-02    3.603231536615E-06    2.125720234294E-06    1.439866848694E+01   -2.448277606553E-02    2.893641166291E-06
    3.758374382392E-02    2.220079290637E+01    1.849012766852E+01   -2.929013485567E-02   -2.590403036509E-02    2.199531124187E-06    8.076489507529E-07    1.357872503272E+01   -2.262258553340E-02    1.727137355783E-06
    3.981072058850E-02    2.102825908350E+01    1.737403388106E+01   -2.716177483699E-02   -2.384370091015E-02    9.496518536871E-07   -3.536233997934E-07    1.280578004441E+01   -2.088236503099E-02    6.948463699301E-07
    4.216965401853E-02    1.992066136383E+01    1.632293005548E+01   -2.516542746016E-02   -2.191771421103E-02   -1.590129587276E-07   -1.370831100626E-06    1.207693822376E+01   -1.925474755266E-02   -2.142677679583E-07
    4.466836303778E-02    1.887397430094E+01    1.533282700888E+01   -2.329286985347E-02   -2.011790519869E-02   -1.138147263977E-06   -2.255793684293E-06    1.138948134778E+01   -1.773281922479E-02   -1.010321653905E-06
    4.731512987035E-02    1.788441658661E+01    1.439998126428E+01   -2.153641863283E-02   -1.843661514269E-02   -1.998568301660E-06   -3.019491638567E-06    1.074085753372E+01   -1.631009228725E-02   -1.702789999501E-06
    5.011872749299E-02    1.694843619425E+01    1.352088026679E+01   -1.988886792146E-02   -1.686666159359E-02   -2.750295436659E-06   -3.672108651731E-06    1.012867118012E+01   -1.498047978445E-02   -2.300448991114E-06
    5.308844871396E-02    1.606269646447E+01    1.269222853703E+01   -1.834346165659E-02   -1.540131020159E-02   -3.402589298781E-06   -4.223102888868E-06    9.550673545270E+00   -1.373827184559E-02   -2.811431829562E-06
    5.623413697503E-02    1.522406307218E+01    1.191093470702E+01   -1.689388026854E-02   -1.403426220482E-02   -3.964014742471E-06   -4.681232831799E-06    9.004753924170E+00   -1.257811347662E-02   -3.243278147503E-06
    5.956621897853E-02    1.442959183180E+01    1.117409938674E+01   -1.553416495988E-02   -1.275957238636E-02   -4.442459879012E-06   -5.054617321936E-06    8.488931391246E+00   -1.149498375219E-02   -3.602980615723E-06
    6.309573924774E-02    1.367651729162E+01    1.047900381305E+01   -1.425877517059E-02   -1.157171417177E-02   -4.845222512112E-06   -5.350805131909E-06    8.001347075773E+00   -1.048417632308E-02   -3.897003027996E-06
    6.683439673506E-02    1.296224207474E+01    9.823099235738E+00   -1.306250440238E-02   -1.046549709834E-02   -5.178995387709E-06   -5.576759729469E-06    7.540256940012E+00   -9.541281155055E-03   -4.131327586478E-06
    7.079458359939E-02    1.228432692722E+01    9.203996998279E+00   -1.194050860382E-02   -9.436045273217E-03   -5.449960829624E-06   -5.738965494766E-06    7.104025032120E+00   -8.662167418354E-03   -4.311501124792E-06
    7.498942628119E-02    1.164048143751E+01    8.619459273292E+00   -1.088823562625E-02   -8.478846863151E-03   -5.663773766228E-06   -5.843403513895E-06    6.691117187801E+00   -7.842967448705E-03   -4.442636992711E-06
    7.943282901137E-02    1.102855539429E+01    8.067390414359E+00   -9.901444621143E-03   -7.589629156413E-03   -5.825615070614E-06   -5.895622380849E-06    6.300095156167E+00   -7.080061712311E-03   -4.529456417214E-06
    8.413951989832E-02    1.044653075061E+01    7.545828892003E+00   -8.976166001185E-03   -6.764415026772E-03   -5.940254343526E-06   -5.900750758413E-06    5.929611127944E+00   -6.370064696609E-03   -4.576340087949E-06
    8.912509974568E-02    9.892514170218E+00    7.052939777221E+00   -8.108750168744E-03   -5.999487639683E-03   -6.012016189739E-06   -5.863573585378E-06    5.578402644687E+00   -5.709811662885E-03   -4.587307954861E-06
    9.440609376280E-02    9.364730129899E+00    6.587007742862E+00   -7.295753528181E-03   -5.291375071834E-03   -6.044842181547E-06   -5.788491476262E-06    5.245287869815E+00   -5.096337174779E-03   -4.566074882970E-06
    1.000000063392E-01    8.861514556731E+00    6.146430552621E+00   -6.533986469050E-03   -4.636835692541E-03   -6.042344522781E-06   -5.679597373800E-06    4.929161203478E+00   -4.526900931171E-03   -4.516057906997E-06
    1.059253790647E-01    8.381308981786E+00    5.729713009984E+00   -5.820520079801E-03   -4.032844210637E-03   -6.007760547618E-06   -5.540680781215E-06    4.628989225078E+00   -3.998918032963E-03   -4.440429209765E-06
    1.122018521873E-01    7.922655192363E+00    5.335461335448E+00   -5.152643984287E-03   -3.476572116196E-03   -5.944044390700E-06   -5.375290289022E-06    4.343806945873E+00   -3.509989303826E-03   -4.342084749633E-06
    1.188502297128E-01    7.484190370935E+00    4.962377951665E+00   -4.527827259297E-03   -2.965401882524E-03   -5.853869019066E-06   -5.186713566388E-06    4.072714360172E+00   -3.057880757026E-03   -4.223712024777E-06
    1.258925483619E-01    7.064642709160E+00    4.609256646544E+00   -3.943759705128E-03   -2.496866262226E-03   -5.739657392308E-06   -4.978013259946E-06    3.814873280058E+00   -2.640514154682E-03   -4.087778232130E-06
    1.333521506131E-01    6.662827486479E+00    4.274978087066E+00   -3.398348194086E-03   -2.068683879691E-03   -5.603486468434E-06   -4.752054559579E-06    3.569504439933E+00   -2.255954207147E-03   -3.936557926045E-06
    1.412537620735E-01    6.277643606653E+00    3.958505657663E+00   -2.889659409769E-03   -1.678724734026E-03   -5.447355857514E-06   -4.511544784691E-06    3.335884858753E+00   -1.902416704090E-03   -3.772172846768E-06
    1.496235734345E-01    5.908070591957E+00    3.658881601750E+00   -2.415960719086E-03   -1.324974859438E-03   -5.272984681997E-06   -4.259026388661E-06    3.113345451419E+00   -1.578228227769E-03   -3.596561879124E-06
    1.584893272837E-01    5.553166012453E+00    3.375223418339E+00   -1.975684924321E-03   -1.005585639301E-03   -5.081971124503E-06   -3.996927250828E-06    2.901268864369E+00   -1.281859808512E-03   -3.411546406629E-06
    1.678804100600E-01    5.212063374654E+00    3.106720510382E+00   -1.567423662745E-03   -7.188123662575E-04   -4.875735291174E-06   -3.727496869712E-06    2.699087540804E+00   -1.011866740929E-03   -3.218764953028E-06
    1.778279494585E-01    4.883970443804E+00    2.852631028652E+00   -1.189927131250E-03   -4.630146822543E-04   -4.655576365475E-06   -3.452946587593E-06    2.506281986646E+00   -7.669292405587E-04   -3.019963219097E-06
    1.883649176061E-01    4.568168004454E+00    2.612278882703E+00   -8.421032724359E-04   -2.366512443638E-04   -4.422729616990E-06   -3.175397156695E-06    2.322379227632E+00   -5.458269626789E-04   -2.816455280823E-06
    1.995262403507E-01    4.264009051531E+00    2.385050875241E+00   -5.229988123792E-04   -3.826055333441E-05   -4.178336431851E-06   -2.896904712939E-06    2.146951438653E+00   -3.474191983684E-04   -2.609726244384E-06
    2.113489130272E-01    3.970918401514E+00    2.170393911892E+00   -2.317917213804E-04    1.335481568037E-04   -3.923512296553E-06   -2.619461556629E-06    1.979614724147E+00   -1.706511130686E-04   -2.401121244063E-06
    2.238721230814E-01    3.688392708082E+00    1.967812231702E+00    3.220988318012E-05    2.801117367441E-04   -3.659369686194E-06   -2.345019992157E-06    1.820028024411E+00   -1.453804916003E-05   -2.191961286085E-06
    2.371373799615E-01    3.416000858028E+00    1.776864595431E+00    2.695850221625E-04    4.027248170625E-04   -3.387052177571E-06   -2.075517850558E-06    1.667892117248E+00    1.218405997228E-04   -1.983512535684E-06
    2.511886527050E-01    3.153384711912E+00    1.597161359270E+00    4.808124945452E-04    5.026535510445E-04   -3.107763812823E-06   -1.812851862684E-06    1.522948677639E+00    2.393543730030E-04   -1.777040056278E-06
    2.660725156783E-01    2.900260138435E+00    1.428361350731E+00    6.662788356553E-04    5.811513031085E-04   -2.822834616581E-06   -1.558898352791E-06    1.384979349764E+00    3.388301116016E-04   -1.573788602014E-06
    2.818383029529E-01    2.656418270587E+00    1.270168451204E+00    8.263022865070E-04    6.394777235025E-04   -2.533719360317E-06   -1.315519469840E-06    1.253804775213E+00    4.210629166965E-04   -1.375010407235E-06
    2.985382718274E-01    2.421726885412E+00    1.122327776481E+00    9.611446946679E-04    6.789092226646E-04   -2.242065646236E-06   -1.084536523677E-06    1.129283508906E+00    4.868288923954E-04   -1.181967463668E-06
    3.162277760400E-01    2.196131773814E+00    9.846213324400E-01    1.071045589162E-03    7.007593048177E-04   -1.949748032755E-06   -8.677300758632E-07    1.011310738964E+00    5.369012683271E-04   -9.959495140919E-07
    3.349654492440E-01    1.979657924227E+00    8.568630091593E-01    1.156238852655E-03    7.063941471849E-04   -1.658907556428E-06   -6.668148895419E-07    8.998167094733E-01    5.720603747113E-04   -8.182611138471E-07
    3.548133993551E-01    1.772410287670E+00    7.388927639672E-01    1.216992881290E-03    6.972487268731E-04   -1.371984689881E-06   -4.834177861445E-07    7.947647242904E-01    5.931124908954E-04   -6.502325567819E-07
    3.758374144141E-01    1.574573824628E+00    6.305698338637E-01    1.253647871491E-03    6.748419266276E-04   -1.091761921071E-06   -3.190299486299E-07    6.961485871062E-01    6.009060376563E-04   -4.932104636048E-07
    3.981071806482E-01    1.386412448893E+00    5.317648137073E-01    1.266661421808E-03    6.407897740988E-04   -8.213639026143E-07   -1.749643374505E-07    6.039893069976E-01    5.963496010165E-04   -3.485512170385E-07
    4.216965134532E-01    1.208266381538E+00    4.423504412206E-01    1.256661266931E-03    5.968156794009E-04   -5.642733500040E-07   -5.229667304227E-08    5.183308710657E-01    5.804307723233E-04   -2.175921507412E-07
    4.466836020616E-01    1.040547303453E+00    3.621909498770E-01    1.224505494047E-03    5.447561841372E-04   -3.243153270605E-07    4.820908805661E-08    4.392348571202E-01    5.542353672225E-04   -1.016288922775E-07
    4.731512687095E-01    8.837305463361E-01    2.911298926277E-01    1.171348178865E-03    4.865594822454E-04   -1.055991902768E-07    1.261811055226E-07    3.667736318029E-01    5.189654399536E-04   -1.868498368816E-09
    5.011872431586E-01    7.383433853143E-01    2.289764138887E-01    1.098722244242E-03    4.242795220341E-04    8.756441965294E-08    1.817333003847E-07    3.010218556665E-01    4.759605240211E-04    8.062636796835E-08
    5.308844534858E-01    6.049482896897E-01    1.754900694760E-01    1.008606260856E-03    3.600494894620E-04    2.508124415966E-07    2.155610285021E-07    2.420460015652E-01    4.267066535273E-04    1.450129393401E-07
    5.623413341023E-01    4.841197466260E-01    1.303644804809E-01    9.035152069288E-04    2.960494934457E-04    3.799503611213E-07    2.290386873896E-07    1.898915907446E-01    3.728500714674E-04    1.907626286280E-07
    5.956621520251E-01    3.764129992422E-01    9.321038832429E-02    7.865771667032E-04    2.344506290270E-04    4.712591255383E-07    2.243023827938E-07    1.445678745565E-01    3.161982538801E-04    2.177767092077E-07
    6.309573524797E-01    2.823227238815E-01    6.353908031709E-02    6.616008668149E-04    1.773371562290E-04    5.219225313732E-07    2.043085246758E-07    1.060297449260E-01    2.587102990244E-04    2.265229980560E-07
    6.683439249830E-01    2.022293278307E-01    4.074773199183E-02    5.331184134500E-04    1.266021752636E-04    5.305937819695E-07    1.728340691843E-07    7.415676838546E-02    2.024705233506E-04    2.181967074658E-07
    7.079457911159E-01    1.363301599210E-01    2.410901111748E-02    4.063820206949E-04    8.381446345789E-05    4.981202700763E-07    1.343938054361E-07    4.872941884243E-02    1.496383130432E-04    1.948906931929E-07
    7.498942152746E-01    8.455251342033E-02    1.276838980775E-02    2.872808865825E-04    5.005732099731E-05    4.284605955167E-07    9.402244373377E-08    2.940286995629E-02    1.023647707905E-04    1.597750794947E-07
    7.943282397597E-01    4.644485661304E-02    5.754101848043E-03    1.821224022015E-04    2.574681678387E-05    3.297571799881E-07    5.685992546656E-08    1.567913012204E-02    6.266270144456E-05    1.172493330220E-07
    8.413951456455E-01    2.104226163327E-02    2.006677413142E-03    9.718002501685E-05    1.044976899967E-05    2.155097319407E-07    2.747422175043E-08    6.878909141374E-03    3.220904342074E-05    7.302817543746E-08
    8.912509409587E-01    6.701524681291E-03    4.376223519507E-04    3.782053423224E-05    2.747660994988E-06    1.055349661212E-07    8.850064086792E-09    2.115451752537E-03    1.204236362073E-05    3.404476189768E-08
    9.440608777821E-01    9.010079816301E-04    3.024166999043E-05    6.771199855604E-06    2.486041249567E-07    2.563106959834E-08    1.056088001258E-09    2.737313688488E-04    2.065096498193E-06    7.860020063884E-09
