# Q1 =   100.0000 , Q2 =   500.0000
# x  F2Wp(LO) F2Wm(LO) F2Wp(NLO) F2Wm(NLO) F2Wp(NNLO) F2Wm(NNLO) F2Z(LO) F2Z(NLO) F2Z(NNLO)
    1.000000316960E-05    2.945353148009E+00    2.944944578034E+00    3.792153998429E-03    3.778017817713E-03   -1.021027046183E-04   -1.023378232810E-04    1.998518815106E+00    3.310256758584E-03   -8.512655764394E-05
    1.059254059240E-05    2.928489762614E+00    2.928061937710E+00    3.765260040652E-03    3.755301927240E-03   -1.031471325459E-04   -1.033904694525E-04    1.987067705534E+00    3.290630518802E-03   -8.603218516544E-05
    1.122018806381E-05    2.911725116955E+00    2.911277129707E+00    3.743042450087E-03    3.732667524172E-03   -1.041801348051E-04   -1.044319570560E-04    1.975683232385E+00    3.270755114924E-03   -8.692833444710E-05
    1.188502598494E-05    2.895058732302E+00    2.894589632534E+00    3.720922993061E-03    3.710089153503E-03   -1.052018440890E-04   -1.054624275448E-04    1.964365053506E+00    3.251114095657E-03   -8.781461868446E-05
    1.258925802843E-05    2.878490136627E+00    2.877998929387E+00    3.698897937117E-03    3.687616682483E-03   -1.062118902462E-04   -1.064815184993E-04    1.953112830482E+00    3.231550826550E-03   -8.869124374534E-05
    1.333521844269E-05    2.862018864742E+00    2.861504508195E+00    3.676966221776E-03    3.665219520666E-03   -1.072102022937E-04   -1.074891671738E-04    1.941926228684E+00    3.212047118115E-03   -8.955797736635E-05
    1.412537978909E-05    2.845644458442E+00    2.845105861656E+00    3.655125759102E-03    3.642910750812E-03   -1.081966456414E-04   -1.084852474097E-04    1.930804917331E+00    3.192625720455E-03   -9.041470987996E-05
    1.496236113743E-05    2.829366466656E+00    2.828802487294E+00    3.633374407186E-03    3.620653184365E-03   -1.091710805866E-04   -1.094696281353E-04    1.919748569549E+00    3.173271041602E-03   -9.126132736087E-05
    1.584893674715E-05    2.813184445608E+00    2.812593887505E+00    3.611713849753E-03    3.598462561214E-03   -1.101333622224E-04   -1.104421732772E-04    1.908756862437E+00    3.153980752845E-03   -9.209771154699E-05
    1.678804526291E-05    2.797097958985E+00    2.796479569607E+00    3.590133502566E-03    3.576335882300E-03   -1.110833403492E-04   -1.114027416735E-04    1.897829477132E+00    3.134758258791E-03   -9.292373976797E-05
    1.778279945500E-05    2.781106578107E+00    2.780459045903E+00    3.568635556222E-03    3.554270060631E-03   -1.120208593836E-04   -1.123511869858E-04    1.886966098882E+00    3.115588307949E-03   -9.373928486465E-05
    1.883649653694E-05    2.765209882116E+00    2.764531833733E+00    3.547217629637E-03    3.532261918072E-03   -1.129457582725E-04   -1.132873576144E-04    1.876166417117E+00    3.096475507276E-03   -9.454421511852E-05
    1.995262909442E-05    2.749407458167E+00    2.748697455537E+00    3.525856703177E-03    3.510308182029E-03   -1.138578704046E-04   -1.142110966146E-04    1.865430125531E+00    3.077417271875E-03   -9.533839417506E-05
    2.113489666185E-05    2.733698901627E+00    2.732955438924E+00    3.504593159530E-03    3.488405482026E-03   -1.147569219442E-04   -1.151221405351E-04    1.854756922160E+00    3.058410941991E-03   -9.612158825241E-05
    2.238721798482E-05    2.718083816291E+00    2.717305316733E+00    3.483402043855E-03    3.466549403527E-03   -1.156430396616E-04   -1.160206247254E-04    1.844146509469E+00    3.039458145599E-03   -9.689392967797E-05
    2.371374400920E-05    2.702561814600E+00    2.701746627111E+00    3.462290713669E-03    3.444738106766E-03   -1.165156530543E-04   -1.169059905061E-04    1.833598594444E+00    3.020547288881E-03   -9.765509284282E-05
    2.511887163984E-05    2.687132517873E+00    2.686278913582E+00    3.441236612130E-03    3.422938511573E-03   -1.173748384730E-04   -1.177783242639E-04    1.823112888681E+00    3.001679876775E-03   -9.840462620777E-05
    2.660725831458E-05    2.671795556553E+00    2.670901725128E+00    3.420248075097E-03    3.401209523354E-03   -1.182117709211E-04   -1.186373586537E-04    1.812689108489E+00    2.982852923910E-03   -9.913558550282E-05
    2.818383744181E-05    2.656550570458E+00    2.655614616271E+00    3.399317443898E-03    3.379530810858E-03   -1.190518894659E-04   -1.194829030032E-04    1.802326974989E+00    2.964039263310E-03   -9.986937779637E-05
    2.985383475271E-05    2.641397209048E+00    2.640417147155E+00    3.378445046068E-03    3.357857525881E-03   -1.198693456504E-04   -1.203147607650E-04    1.792026214227E+00    2.945286798176E-03   -1.005840770539E-04
    3.162278562252E-05    2.626335131703E+00    2.625308883642E+00    3.357627768303E-03    3.336208648999E-03   -1.206724724751E-04   -1.211327294544E-04    1.781786557282E+00    2.926583602499E-03   -1.012867592010E-04
    3.349655341806E-05    2.611364008017E+00    2.610289397396E+00    3.336861312619E-03    3.314579888638E-03   -1.214610498175E-04   -1.219366005929E-04    1.771607740383E+00    2.907886791440E-03   -1.019772431803E-04
    3.548134893245E-05    2.596483518098E+00    2.595358265991E+00    3.316144500737E-03    3.292966819177E-03   -1.222348512817E-04   -1.227261596526E-04    1.761489505039E+00    2.889214103747E-03   -1.026553426854E-04
    3.758375097145E-05    2.581693352888E+00    2.580515073001E+00    3.295472856195E-03    3.271364876628E-03   -1.229936441496E-04   -1.235011860075E-04    1.751431598161E+00    2.870561967642E-03   -1.033208661155E-04
    3.981072815955E-05    2.566993214499E+00    2.565759408115E+00    3.275312435963E-03    3.249769354179E-03   -1.237371893380E-04   -1.242614528899E-04    1.741433772199E+00    2.851926701822E-03   -1.039736165362E-04
    4.216966203819E-05    2.552382816558E+00    2.551090867244E+00    3.254226978507E-03    3.228175397620E-03   -1.244652716257E-04   -1.250067584828E-04    1.731495785281E+00    2.833304511873E-03   -1.046134269071E-04
    4.466837153263E-05    2.537861884571E+00    2.536509052635E+00    3.233672452911E-03    3.206578000631E-03   -1.251775740627E-04   -1.257367960077E-04    1.721617401363E+00    2.814691486595E-03   -1.052400087225E-04
    4.731513886856E-05    2.523430156303E+00    2.522013572989E+00    3.213148198695E-03    3.184971999952E-03   -1.258738774253E-04   -1.264513618070E-04    1.711798390378E+00    2.796083594241E-03   -1.058532045852E-04
    5.011873702437E-05    2.509087382178E+00    2.507604043590E+00    3.192664629670E-03    3.163352070414E-03   -1.265539124702E-04   -1.271501989781E-04    1.702038528398E+00    2.777476678682E-03   -1.064527857647E-04
    5.308845881011E-05    2.494833325690E+00    2.493280086430E+00    3.172185771913E-03    3.141712719875E-03   -1.272174078776E-04   -1.278330496177E-04    1.692337597800E+00    2.758866455477E-03   -1.070385282700E-04
    5.623414766941E-05    2.480667763839E+00    2.479041330346E+00    3.151724831593E-03    3.120048685794E-03   -1.278640858478E-04   -1.284996495559E-04    1.682695387440E+00    2.740248507877E-03   -1.076102026610E-04
    5.956623030659E-05    2.466590487582E+00    2.464887411156E+00    3.131277383154E-03    3.098353152330E-03   -1.284936621132E-04   -1.291497283648E-04    1.673111692830E+00    2.721581457472E-03   -1.081675740517E-04
    6.309575124703E-05    2.452601302307E+00    2.450817971808E+00    3.110838853199E-03    3.076620699702E-03   -1.291058459602E-04   -1.297830093763E-04    1.663586316336E+00    2.702971341004E-03   -1.087104021265E-04
    6.683440944536E-05    2.438700028324E+00    2.436832662525E+00    3.090404515217E-03    3.054845112433E-03   -1.297003402614E-04   -1.303992097107E-04    1.654119067364E+00    2.684302280701E-03   -1.092384411602E-04
    7.079459706283E-05    2.424886501384E+00    2.422931140966E+00    3.069969484152E-03    3.033019980371E-03   -1.302768415196E-04   -1.309980403139E-04    1.644709762571E+00    2.665606427052E-03   -1.097514400506E-04
    7.498944054238E-05    2.411160573209E+00    2.409113072384E+00    3.049528710789E-03    3.011138693378E-03   -1.308350399238E-04   -1.315792060085E-04    1.635358226078E+00    2.646878639631E-03   -1.102491423589E-04
    7.943284411759E-05    2.397522112063E+00    2.395378129793E+00    3.029076975978E-03    2.989194435888E-03   -1.313746194178E-04   -1.321424055557E-04    1.626064289690E+00    2.628113619800E-03   -1.107312863605E-04
    8.413953589964E-05    2.383971003325E+00    2.381725994141E+00    3.008608884664E-03    2.967180181351E-03   -1.318951861009E-04   -1.326872614682E-04    1.616827793128E+00    2.609305906253E-03   -1.111975419004E-04
    8.912511669514E-05    2.370507150111E+00    2.368156354493E+00    2.988076828842E-03    2.945088686547E-03   -1.323965709089E-04   -1.332136165796E-04    1.607648584270E+00    2.590449870503E-03   -1.116477766126E-04
    9.440611171657E-05    2.357130473902E+00    2.354668908208E+00    2.967601135802E-03    2.922912485799E-03   -1.328781952987E-04   -1.337209088907E-04    1.598526519401E+00    2.571539712300E-03   -1.120817192452E-04
    1.000000253568E-04    2.343840915210E+00    2.341263361137E+00    2.947050038565E-03    2.900643885075E-03   -1.333400180472E-04   -1.342091143044E-04    1.589461463472E+00    2.552569454987E-03   -1.124989092598E-04
    1.059253992091E-04    2.330638434270E+00    2.327939427817E+00    2.926458752670E-03    2.878274956007E-03   -1.337815513289E-04   -1.346777595612E-04    1.580453290375E+00    2.533532940806E-03   -1.128991556739E-04
    1.122018735254E-04    2.317523011764E+00    2.314696831678E+00    2.905821286431E-03    2.855797529836E-03   -1.342024438923E-04   -1.351265091396E-04    1.571501883218E+00    2.514423826148E-03   -1.132821668009E-04
    1.188502523153E-04    2.304494649569E+00    2.301535305247E+00    2.885131053948E-03    2.833203191306E-03   -1.346023391530E-04   -1.355550222954E-04    1.562607134621E+00    2.495172276785E-03   -1.136476463748E-04
    1.258925723037E-04    2.291553371541E+00    2.288454590370E+00    2.864381246155E-03    2.810480520956E-03   -1.349808753964E-04   -1.359629532518E-04    1.553768947021E+00    2.475958798947E-03   -1.139952937102E-04
    1.333521759735E-04    2.278699224333E+00    2.275454438432E+00    2.843564823556E-03    2.787626200265E-03   -1.353376860030E-04   -1.363499514063E-04    1.544987232984E+00    2.456591906379E-03   -1.143248038793E-04
    1.412537889366E-04    2.265932278244E+00    2.262534610590E+00    2.822674508747E-03    2.764628103368E-03   -1.356723996942E-04   -1.367156615606E-04    1.536261915534E+00    2.437125083986E-03   -1.146358679064E-04
    1.496236018893E-04    2.253252628106E+00    2.249694878003E+00    2.801702778710E-03    2.741476719698E-03   -1.359846408014E-04   -1.370597241691E-04    1.527592928494E+00    2.417551283717E-03   -1.149281729788E-04
    1.584893574245E-04    2.240660394205E+00    2.236935022079E+00    2.780641856892E-03    2.718162470690E-03   -1.362740295598E-04   -1.373817756133E-04    1.518980216837E+00    2.397862271886E-03   -1.152014026807E-04
    1.678804419868E-04    2.228155723242E+00    2.224254834723E+00    2.759483705056E-03    2.694675325738E-03   -1.365403203638E-04   -1.376815888531E-04    1.510423737053E+00    2.378050814665E-03   -1.154551545840E-04
    1.778279832772E-04    2.215738789331E+00    2.211654118591E+00    2.738220014894E-03    2.671004965250E-03   -1.367828649946E-04   -1.379585262614E-04    1.501923457526E+00    2.358108583445E-03   -1.156892844600E-04
    1.883649534286E-04    2.203409795042E+00    2.199132687352E+00    2.716842199437E-03    2.647140774911E-03   -1.370013904676E-04   -1.382123330728E-04    1.493479358931E+00    2.338027504839E-03   -1.159033623078E-04
    1.995262782958E-04    2.191168972482E+00    2.186690365955E+00    2.695338759637E-03    2.623071839930E-03   -1.371955010356E-04   -1.384426321522E-04    1.485091434635E+00    2.317799108626E-03   -1.160970639463E-04
    2.113489532207E-04    2.179016584421E+00    2.174326990903E+00    2.673705789489E-03    2.598786939323E-03   -1.373648110821E-04   -1.386490521087E-04    1.476759691127E+00    2.297414685031E-03   -1.162700636457E-04
    2.238721656565E-04    2.166952925462E+00    2.162042410531E+00    2.651931171770E-03    2.574274540234E-03   -1.375089239261E-04   -1.388312120000E-04    1.468484148446E+00    2.276865280018E-03   -1.164220294343E-04
    2.371374250594E-04    2.154978323261E+00    2.149836485292E+00    2.630005511277E-03    2.549522792371E-03   -1.376274416157E-04   -1.389887294344E-04    1.460264840640E+00    2.256141690635E-03   -1.165526279766E-04
    2.511887004750E-04    2.143093139790E+00    2.137709088048E+00    2.607917803333E-03    2.524519522541E-03   -1.377199654584E-04   -1.391212210625E-04    1.452101816229E+00    2.235234460421E-03   -1.166615249920E-04
    2.660725662789E-04    2.131297772656E+00    2.125660104361E+00    2.585658104394E-03    2.499252229368E-03   -1.377860965865E-04   -1.392283031006E-04    1.443995138686E+00    2.214133874899E-03   -1.167483857055E-04
    2.818383565518E-04    2.119592656462E+00    2.113689432793E+00    2.563215615280E-03    2.473708138068E-03   -1.378254365567E-04   -1.393095918867E-04    1.435944886943E+00    2.192829957170E-03   -1.168128753211E-04
    2.985383286022E-04    2.107978264233E+00    2.101796985211E+00    2.540579181248E-03    2.447873737279E-03   -1.378375879887E-04   -1.393647044704E-04    1.427951155898E+00    2.171312463611E-03   -1.168546595290E-04
    3.162278361789E-04    2.096455108885E+00    2.089982687093E+00    2.517737281543E-03    2.421735859208E-03   -1.378221552428E-04   -1.393932592401E-04    1.420014056954E+00    2.149570879713E-03   -1.168734050430E-04
    3.349655129464E-04    2.085023744754E+00    2.078246477835E+00    2.494678018685E-03    2.395280628343E-03   -1.377785158844E-04   -1.393946812426E-04    1.412133718562E+00    2.127594416066E-03   -1.168685945272E-04
    3.548134668321E-04    2.073684769189E+00    2.066588311062E+00    2.471389107486E-03    2.368494272303E-03   -1.377067851523E-04   -1.393689996058E-04    1.404310286789E+00    2.105372328468E-03   -1.168402833457E-04
    3.758374858894E-04    2.062438824191E+00    2.055008154943E+00    2.447857863783E-03    2.341361323313E-03   -1.376062105760E-04   -1.393155681853E-04    1.396543925899E+00    2.082892519860E-03   -1.167881241608E-04
    3.981072563587E-04    2.051286598125E+00    2.043505992499E+00    2.424071192938E-03    2.313867258699E-03   -1.374765468917E-04   -1.392341276869E-04    1.388834818952E+00    2.060143792078E-03   -1.167114229651E-04
    4.216965936497E-04    2.040228827488E+00    2.032081821919E+00    2.400015578078E-03    2.285996792450E-03   -1.373173735068E-04   -1.391242658884E-04    1.381183168423E+00    2.037114218252E-03   -1.166100530283E-04
    4.466836870101E-04    2.029266298740E+00    2.020735656864E+00    2.375677068094E-03    2.257734275879E-03   -1.371283217881E-04   -1.389856244664E-04    1.373589196831E+00    2.013791579385E-03   -1.164837003093E-04
    4.731513586915E-04    2.018399850203E+00    2.009467526778E+00    2.351041265405E-03    2.229063695901E-03   -1.369090307790E-04   -1.388178518940E-04    1.366053147391E+00    1.990163361799E-03   -1.163320564819E-04
    5.011873384724E-04    2.007630374025E+00    1.998277477183E+00    2.326093313496E-03    2.199968673860E-03   -1.366591482341E-04   -1.386206043857E-04    1.358575284682E+00    1.966019408393E-03   -1.161548197505E-04
    5.308845544473E-04    1.996958818213E+00    1.987165569981E+00    2.300818159932E-03    2.170434825003E-03   -1.363783317038E-04   -1.383935468881E-04    1.351155895326E+00    1.941938649106E-03   -1.159516957036E-04
    5.623414410462E-04    1.986386188730E+00    1.976131883731E+00    2.275199326733E-03    2.140440303594E-03   -1.360662496713E-04   -1.381363541134E-04    1.343795288692E+00    1.917315634532E-03   -1.157223982073E-04
    5.956622653057E-04    1.975913551668E+00    1.965176513928E+00    2.249220918223E-03    2.109967181959E-03   -1.357225827389E-04   -1.378487116190E-04    1.336493797603E+00    1.892333999541E-03   -1.154666503359E-04
    6.309574724727E-04    1.965542035491E+00    1.954299573267E+00    2.222866109008E-03    2.079003019485E-03   -1.353470248704E-04   -1.375303890575E-04    1.329251779073E+00    1.866979730118E-03   -1.151841853467E-04
    6.683440520859E-04    1.955272833343E+00    1.943501191885E+00    2.196117549536E-03    2.047527851375E-03   -1.349393563360E-04   -1.371809524903E-04    1.322069615042E+00    1.841238509556E-03   -1.148745916078E-04
    7.079459257502E-04    1.945107205437E+00    1.932781517590E+00    2.168957352550E-03    2.015521784067E-03   -1.344990193719E-04   -1.368000648318E-04    1.314947713136E+00    1.815095718679E-03   -1.145380507619E-04
    7.498943578865E-04    1.935046481508E+00    1.922140716068E+00    2.141367079313E-03    1.982966428554E-03   -1.340261165992E-04   -1.363877457154E-04    1.307886507434E+00    1.788536436625E-03   -1.141739596688E-04
    7.943283908219E-04    1.925092063347E+00    1.911578971063E+00    2.113327725624E-03    1.949842524940E-03   -1.335203753938E-04   -1.359437231838E-04    1.300886459242E+00    1.761545728857E-03   -1.137820804934E-04
    8.413953056587E-04    1.915245427398E+00    1.901096484528E+00    2.084819707664E-03    1.916130471657E-03   -1.329810583541E-04   -1.354675335519E-04    1.293948057883E+00    1.734107372780E-03   -1.133624472012E-04
    8.912511104532E-04    1.905508127435E+00    1.890693476745E+00    2.055822847728E-03    1.881810333178E-03   -1.324089208233E-04   -1.349590971001E-04    1.287071821488E+00    1.706205994219E-03   -1.129147941021E-04
    9.440610573198E-04    1.895881797300E+00    1.880370186400E+00    2.026316359859E-03    1.846861849072E-03   -1.318029650893E-04   -1.344182305430E-04    1.280258297793E+00    1.677825483155E-03   -1.124389199690E-04
    1.000000190176E-03    1.886368153723E+00    1.870126870622E+00    1.996278835427E-03    1.811264444505E-03   -1.311633181466E-04   -1.338447732332E-04    1.273508064942E+00    1.648949441997E-03   -1.119346916316E-04
    1.059253924943E-03    1.876968999196E+00    1.859963804972E+00    1.965688228710E-03    1.774997242283E-03   -1.304898591616E-04   -1.332385886995E-04    1.266821732284E+00    1.619561190955E-03   -1.114019845614E-04
    1.122018664127E-03    1.867686224920E+00    1.849881283367E+00    1.934521842521E-03    1.738039076555E-03   -1.297824961329E-04   -1.325995662311E-04    1.260199941167E+00    1.589643774348E-03   -1.108406964079E-04
    1.188502447811E-03    1.858521813810E+00    1.839879617952E+00    1.902756468142E-03    1.700368508347E-03   -1.290411677481E-04   -1.319276224988E-04    1.253643365731E+00    1.559180188501E-03   -1.102507484210E-04
    1.258925643231E-03    1.849477843560E+00    1.829959138898E+00    1.870367627729E-03    1.661962539370E-03   -1.282730689245E-04   -1.312226303925E-04    1.247152713680E+00    1.528152529226E-03   -1.096322288622E-04
    1.333521675200E-03    1.840556489758E+00    1.820120194113E+00    1.837330897265E-03    1.622803149542E-03   -1.274564624555E-04   -1.304847126773E-04    1.240728727044E+00    1.496543254760E-03   -1.089848259261E-04
    1.412537799822E-03    1.831760029052E+00    1.810363148879E+00    1.803620826341E-03    1.582864282737E-03   -1.266131819280E-04   -1.297137866901E-04    1.234372182917E+00    1.464334392195E-03   -1.083086643072E-04
    1.496235924044E-03    1.823090842354E+00    1.800688385374E+00    1.769211431673E-03    1.542124906951E-03   -1.257360714232E-04   -1.289099397385E-04    1.228083894172E+00    1.431507741214E-03   -1.076038199956E-04
    1.584893473776E-03    1.814551418080E+00    1.791096302095E+00    1.734075472606E-03    1.500562523060E-03   -1.248252150061E-04   -1.280732225705E-04    1.221864710135E+00    1.398044609705E-03   -1.068703260628E-04
    1.678804313446E-03    1.806144355411E+00    1.781587313156E+00    1.698185443141E-03    1.458154177726E-03   -1.238807542454E-04   -1.272037531731E-04    1.215715517221E+00    1.363926940533E-03   -1.061082779939E-04
    1.778279720043E-03    1.797872367567E+00    1.772161847443E+00    1.661512944074E-03    1.414877786465E-03   -1.229029456036E-04   -1.263016605444E-04    1.209637239524E+00    1.329135779751E-03   -1.053177924552E-04
    1.883649414877E-03    1.789738285093E+00    1.762820347623E+00    1.624028809415E-03    1.370710217571E-03   -1.218920266707E-04   -1.253671995148E-04    1.203630839343E+00    1.293651789568E-03   -1.044990603553E-04
    1.995262656475E-03    1.781745059115E+00    1.753563268987E+00    1.585703097172E-03    1.325628645704E-03   -1.208483046717E-04   -1.244005857142E-04    1.197697317641E+00    1.257456356164E-03   -1.036522740375E-04
    2.113489398229E-03    1.773895764588E+00    1.744391078100E+00    1.546505081441E-03    1.279610262562E-03   -1.197721388999E-04   -1.234021374299E-04    1.191837714424E+00    1.220530019068E-03   -1.027776765322E-04
    2.238721514648E-03    1.766193603485E+00    1.735304251250E+00    1.506403246043E-03    1.232632324225E-03   -1.186638991642E-04   -1.223721281447E-04    1.186053109027E+00    1.182853529129E-03   -1.018755522134E-04
    2.371374100268E-03    1.758641907925E+00    1.726303272670E+00    1.465365279966E-03    1.184672202935E-03   -1.175241877775E-04   -1.213109724933E-04    1.180344620292E+00    1.144407530968E-03   -1.009462445017E-04
    2.511886845517E-03    1.751244143212E+00    1.717388632506E+00    1.423357859563E-03    1.135707192910E-03   -1.163534332737E-04   -1.202191058069E-04    1.174713406621E+00    1.105172642135E-03   -9.999009372559E-05
    2.660725494121E-03    1.744003910765E+00    1.708560824508E+00    1.380347725360E-03    1.085715826375E-03   -1.151522099276E-04   -1.190970164340E-04    1.169160665896E+00    1.065129488691E-03   -9.900753461482E-05
    2.818383386855E-03    1.736924950894E+00    1.699820343419E+00    1.336299253344E-03    1.034675432551E-03   -1.139212039169E-04   -1.179452476169E-04    1.163687635232E+00    1.024258744367E-03   -9.799903427282E-05
    2.985383096773E-03    1.730011145409E+00    1.691167682029E+00    1.291177728114E-03    9.825647196104E-04   -1.126611789786E-04   -1.167644484990E-04    1.158295590551E+00    9.825411736380E-04   -9.696496589951E-05
    3.162278161326E-03    1.723266520011E+00    1.682603327848E+00    1.244946602910E-03    9.293608798669E-04   -1.113728489642E-04   -1.155551827512E-04    1.152985845956E+00    9.399576790545E-04   -9.590619118887E-05
    3.349654917123E-03    1.716695246433E+00    1.674127759388E+00    1.197568845911E-03    8.750468239682E-04   -1.100571101431E-04   -1.143182134510E-04    1.147759752871E+00    8.964876946755E-04   -9.482318172254E-05
    3.548134443398E-03    1.710301644275E+00    1.665741441987E+00    1.149006679400E-03    8.196009118087E-04   -1.087148995859E-04   -1.130543218228E-04    1.142618698925E+00    8.521158898571E-04   -9.371661497368E-05
    3.758374620643E-03    1.704090182497E+00    1.657444823150E+00    1.099221604233E-03    7.630039784340E-04   -1.073472303986E-04   -1.117643525399E-04    1.137564106545E+00    8.068222429135E-04   -9.258722481249E-05
    3.981072311218E-03    1.698065480491E+00    1.649238327341E+00    1.048174430260E-03    7.052377123420E-04   -1.059551900823E-04   -1.104492152975E-04    1.132597431223E+00    7.605887814705E-04   -9.143580306146E-05
    4.216965669175E-03    1.692232308689E+00    1.641122350197E+00    9.958253139090E-04    6.462845111307E-04   -1.045399583528E-04   -1.091098862730E-04    1.127720159421E+00    7.133979865762E-04   -9.026320097225E-05
    4.466836586940E-03    1.686595588625E+00    1.633097252087E+00    9.421338037066E-04    5.861286850217E-04   -1.031027921340E-04   -1.077474094655E-04    1.122933806076E+00    6.652328750597E-04   -8.907033062126E-05
    4.731513286975E-03    1.681160392369E+00    1.625163350964E+00    8.870572766486E-04    5.247549860067E-04   -1.016450219977E-04   -1.063628979018E-04    1.118239911644E+00    6.160770896984E-04   -8.785816620649E-05
    5.011873067012E-03    1.675931941257E+00    1.617320914438E+00    8.305587602332E-04    4.621498475987E-04   -1.001680800199E-04   -1.049575346931E-04    1.113640038651E+00    5.659149978770E-04   -8.662774524306E-05
    5.308845207934E-03    1.670915603807E+00    1.609570151012E+00    7.725909028605E-04    3.983012815649E-04   -9.867348277856E-05   -1.035325739243E-04    1.109135767681E+00    5.147317995986E-04   -8.538016963218E-05
    5.623414053982E-03    1.666116892723E+00    1.601911200380E+00    7.131152849634E-04    3.331983946693E-04   -9.716283772068E-05   -1.020893413395E-04    1.104728692753E+00    4.625136456794E-04   -8.411660658961E-05
    5.956622275455E-03    1.661541460853E+00    1.594344122713E+00    6.520881818361E-04    2.668342646323E-04   -9.563784480764E-05   -1.006292348410E-04    1.100420416002E+00    4.092475278016E-04   -8.283828943164E-05
    6.309574324750E-03    1.657195095991E+00    1.586868886841E+00    5.894670354356E-04    1.992018659676E-04   -9.410029796429E-05   -9.915372474169E-05    1.096212541609E+00    3.549223775638E-04   -8.154651818440E-05
    6.683440097183E-03    1.653083714348E+00    1.579485357234E+00    5.252093194892E-04    1.302980620442E-04   -9.255218324925E-05   -9.766435376308E-05    1.092106668888E+00    2.995271479365E-04   -8.024266000375E-05
    7.079458808720E-03    1.649213352564E+00    1.572193279656E+00    4.592726946109E-04    6.012135012849E-05   -9.099529350484E-05   -9.616265417027E-05    1.088104384450E+00    2.430544798051E-04   -7.892824855008E-05
    7.498943103492E-03    1.645590158039E+00    1.564992265401E+00    3.916144365869E-04   -1.132600980206E-05   -8.943180585888E-05   -9.465066215563E-05    1.084207253343E+00    1.854968309399E-04   -7.760458707563E-05
    7.943283404678E-03    1.642220377447E+00    1.557881773968E+00    3.221946385994E-04   -8.403867789037E-05   -8.786390043747E-05   -9.312968186824E-05    1.080416809067E+00    1.268489173505E-04   -7.627334350698E-05
    8.413952523210E-03    1.639110343145E+00    1.550861094032E+00    2.509719244528E-04   -1.580081583623E-04   -8.629385488904E-05   -9.160172489597E-05    1.076734542345E+00    6.710840028641E-05   -7.493615324472E-05
    8.912510539550E-03    1.636266457288E+00    1.543929322586E+00    1.779066117228E-04   -2.332217046736E-04   -8.472404418990E-05   -9.006868494490E-05    1.073161888534E+00    6.274607343591E-06   -7.359471722459E-05
    9.440609974739E-03    1.633695173378E+00    1.537085342074E+00    1.029604362652E-04   -3.096628854384E-04   -8.315694002472E-05   -8.853252098042E-05    1.069700213531E+00   -5.564994405439E-05   -7.225080068891E-05
    1.000000126784E-02    1.631402974942E+00    1.530327795375E+00    2.609692801201E-05   -3.873095543630E-04   -8.159510970872E-05   -8.699525451814E-05    1.066350798038E+00   -1.186604236246E-04   -7.090623157304E-05
    1.059253857795E-02    1.629396351038E+00    1.523655058418E+00   -5.271808301781E-05   -4.661346643254E-04   -8.004121459435E-05   -8.545896635938E-05    1.063114820024E+00   -1.827483711596E-04   -6.956289846619E-05
    1.122018593000E-02    1.627681768241E+00    1.517065210281E+00   -1.335170017606E-04   -5.461072878600E-04   -7.849800795084E-05   -8.392579274955E-05    1.059993335199E+00   -2.479023368463E-04   -6.822274812968E-05
    1.188502372469E-02    1.626265638724E+00    1.510556000542E+00   -2.163290299369E-04   -6.271883022034E-04   -7.696833209271E-05   -8.239792079646E-05    1.056987255348E+00   -3.141062289161E-04   -6.688778244195E-05
    1.258925563425E-02    1.625154284003E+00    1.504124813658E+00   -3.011804652454E-04   -7.093327542911E-04   -7.545511494487E-05   -8.087758326266E-05    1.054097324267E+00   -3.813397729735E-04   -6.556005486004E-05
    1.333521590666E-02    1.624353893909E+00    1.497768630166E+00   -3.880924037875E-04   -7.924885140187E-04   -7.396136576015E-05   -7.936705252697E-05    1.051324091144E+00   -4.495778266383E-04   -6.424175295635E-05
    1.412537710278E-02    1.623870480288E+00    1.491483984455E+00   -4.770833579901E-04   -8.765942324004E-04   -7.249016998945E-05   -7.786863370164E-05    1.048667881106E+00   -5.187916399513E-04   -6.293475995450E-05
    1.496235829195E-02    1.623709824869E+00    1.485266918846E+00   -5.681649276303E-04   -9.615844442622E-04   -7.104468319992E-05   -7.638465682552E-05    1.046128762706E+00   -5.889448886638E-04   -6.164151638944E-05
    1.584893373306E-02    1.623877420708E+00    1.479112933722E+00   -6.613422400611E-04   -1.047380219656E-03   -6.962813326289E-05   -7.491746807018E-05    1.043706512065E+00   -6.599957888902E-04   -6.036414652196E-05
    1.678804207023E-02    1.624378406621E+00    1.473016933452E+00   -7.566162104830E-04   -1.133894226128E-03   -6.824377520124E-05   -7.346941984759E-05    1.041400573406E+00   -7.318958336035E-04   -5.910488472670E-05
    1.778279607314E-02    1.625217493787E+00    1.466973167784E+00   -8.539786568409E-04   -1.221028696551E-03   -6.689493621074E-05   -7.204284091157E-05    1.039210015627E+00   -8.045878690278E-04   -5.786598057311E-05
    1.883649295469E-02    1.626398883854E+00    1.460975168432E+00   -9.534119421872E-04   -1.308673828637E-03   -6.558496896152E-05   -7.064011805361E-05    1.037133484622E+00   -8.780107927803E-04   -5.664968967844E-05
    1.995262529991E-02    1.627926177692E+00    1.455015680579E+00   -1.054886375713E-03   -1.396705708626E-03   -6.431724775944E-05   -6.926349443696E-05    1.035169150992E+00   -9.520908462578E-04   -5.545826341257E-05
    2.113489264250E-02    1.629802273902E+00    1.449086588980E+00   -1.158372855536E-03   -1.485001267207E-03   -6.309515433896E-05   -6.791524241874E-05    1.033314652778E+00   -1.026746272660E-03   -5.429393742503E-05
    2.238721372731E-02    1.632029256109E+00    1.443178838372E+00   -1.263812708234E-03   -1.573388197603E-03   -6.192206176531E-05   -6.659755284782E-05    1.031567032828E+00   -1.101885209423E-03   -5.315892848704E-05
    2.371373949942E-02    1.634608267988E+00    1.437282347896E+00   -1.371142803597E-03   -1.661723227757E-03   -6.080131650636E-05   -6.531253557569E-05    1.029922670392E+00   -1.177404890392E-03   -5.205538178246E-05
    2.511886686283E-02    1.637539375039E+00    1.431385919320E+00   -1.480289142016E-03   -1.749819236371E-03   -5.973621776957E-05   -6.406220845188E-05    1.028377206570E+00   -1.253188742212E-03   -5.098541338794E-05
    2.660725325452E-02    1.640821411622E+00    1.425477138687E+00   -1.591153724026E-03   -1.837478954016E-03   -5.872999496844E-05   -6.284843810430E-05    1.026925463070E+00   -1.329113802079E-03   -4.995105415634E-05
    2.818383208192E-02    1.644451812282E+00    1.419542271291E+00   -1.703622448481E-03   -1.924486991352E-03   -5.778578225577E-05   -6.167297228061E-05    1.025561353949E+00   -1.405037303883E-03   -4.895424059392E-05
    2.985382907523E-02    1.648426425845E+00    1.413566149755E+00   -1.817560804770E-03   -2.010608805956E-03   -5.690648123846E-05   -6.053726003961E-05    1.024277789824E+00   -1.480804113377E-03   -4.799679417565E-05
    3.162277960863E-02    1.652739310893E+00    1.407532055095E+00   -1.932812135269E-03   -2.095589676813E-03   -5.609516916250E-05   -5.944290043049E-05    1.023066574114E+00   -1.556243656307E-03   -4.708039877813E-05
    3.349654704782E-02    1.657382511057E+00    1.401421590728E+00   -2.049194382267E-03   -2.179149807499E-03   -5.535439968643E-05   -5.839090654595E-05    1.021918290867E+00   -1.631168932874E-03   -4.620657613694E-05
    3.548134218475E-02    1.662345808666E+00    1.395214549499E+00   -2.166495891136E-03   -2.261000158638E-03   -5.468663815270E-05   -5.738214652001E-05    1.020822183772E+00   -1.705375521820E-03   -4.537670334084E-05
    3.758374382392E-02    1.667616454968E+00    1.388888773853E+00   -2.284486381986E-03   -2.340813369820E-03   -5.409399753527E-05   -5.641718955551E-05    1.019766025906E+00   -1.778640582948E-03   -4.459176374907E-05
    3.981072058850E-02    1.673178875184E+00    1.382420009476E+00   -2.402886483098E-03   -2.418245623160E-03   -5.357835745532E-05   -5.549626906127E-05    1.018735979862E+00   -1.850721876625E-03   -4.385275662096E-05
    4.216965401853E-02    1.679014346820E+00    1.375781752920E+00   -2.521411098185E-03   -2.492927374340E-03   -5.314120270380E-05   -5.461924356659E-05    1.017716447985E+00   -1.921356809440E-03   -4.316022355851E-05
    4.466836303778E-02    1.685100649377E+00    1.368945093889E+00   -2.639700402647E-03   -2.564463945989E-03   -5.278359591105E-05   -5.378555567008E-05    1.016689912482E+00   -1.990258158511E-03   -4.251443341373E-05
    4.731512987035E-02    1.691411683729E+00    1.361878553163E+00   -2.757379487503E-03   -2.632435153441E-03   -5.250611751988E-05   -5.299418921004E-05    1.015636765262E+00   -2.057127758945E-03   -4.191530079195E-05
    5.011872749299E-02    1.697917059436E+00    1.354547917431E+00   -2.874024167845E-03   -2.696395159009E-03   -5.230880102517E-05   -5.224362493507E-05    1.014535127533E+00   -2.121631435007E-03   -4.136234661358E-05
    5.308844871396E-02    1.704581648749E+00    1.346916072655E+00   -2.989159104198E-03   -2.755867755278E-03   -5.219106254428E-05   -5.153179505251E-05    1.013360659404E+00   -2.183417886408E-03   -4.085459638655E-05
    5.623413697503E-02    1.711365105234E+00    1.338942838070E+00   -3.102275635269E-03   -2.810366489884E-03   -5.215152237615E-05   -5.085603723387E-05    1.012086359735E+00   -2.242110922149E-03   -4.039078087015E-05
    5.956621897853E-02    1.718221346458E+00    1.330584803408E+00   -3.212798313063E-03   -2.859365668833E-03   -5.218834487432E-05   -5.021306856582E-05    1.010682357050E+00   -2.297310155558E-03   -3.996892211646E-05
    6.309573924774E-02    1.725097999668E+00    1.321795172541E+00   -3.320098282141E-03   -2.902321850590E-03   -5.229851046120E-05   -4.959885945471E-05    1.009115692460E+00   -2.348590978161E-03   -3.958653713183E-05
    6.683439673506E-02    1.731935810137E+00    1.312523617457E+00   -3.423492977689E-03   -2.938670630749E-03   -5.247811030175E-05   -4.900871366271E-05    1.007350095981E+00   -2.395500673741E-03   -3.924052923087E-05
    7.079458359939E-02    1.738668012420E+00    1.302716147295E+00   -3.522232409622E-03   -2.967826863362E-03   -5.272234647390E-05   -4.843705073924E-05    1.005345758155E+00   -2.437575899537E-03   -3.892714258275E-05
    7.498942628119E-02    1.745219665669E+00    1.292314998104E+00   -3.615521976512E-03   -2.989197281067E-03   -5.302511474123E-05   -4.787777498612E-05    1.003059099436E+00   -2.474318039620E-03   -3.864191780397E-05
    7.943282901137E-02    1.751506955099E+00    1.281258549914E+00   -3.702484068403E-03   -3.002170268112E-03   -5.337911841136E-05   -4.732365988030E-05    1.000442540491E+00   -2.505212089330E-03   -3.837964983767E-05
    8.413951989832E-02    1.757436462742E+00    1.269481279580E+00   -3.782181758063E-03   -3.006130590472E-03   -5.377560524679E-05   -4.676672517870E-05    9.974442775134E-01   -2.529724337219E-03   -3.813434910935E-05
    8.912509974568E-02    1.762904412930E+00    1.256913758325E+00   -3.853605736690E-03   -3.000463019156E-03   -5.420469342663E-05   -4.619812526094E-05    9.940080675248E-01   -2.547305107043E-03   -3.789913309759E-05
    9.440609376280E-02    1.767795899340E+00    1.243482705233E+00   -3.915700261909E-03   -2.984554285327E-03   -5.465448061045E-05   -4.560815226966E-05    9.900730298804E-01   -2.557392254990E-03   -3.766650437507E-05
    1.000000063392E-01    1.771984103221E+00    1.229111109438E+00   -3.967317670541E-03   -2.957823756674E-03   -5.511176796076E-05   -4.498616912078E-05    9.855734715889E-01   -2.559414035044E-03   -3.742786287300E-05
    1.059253790647E-01    1.775329515565E+00    1.213718435981E+00   -4.007271178325E-03   -2.919699042890E-03   -5.556145549632E-05   -4.432101141443E-05    9.804387457670E-01   -2.552800606160E-03   -3.717378525297E-05
    1.122018521873E-01    1.777679179296E+00    1.197220931454E+00   -4.034312739735E-03   -2.869651333243E-03   -5.598682350369E-05   -4.360048501755E-05    9.745931539301E-01   -2.536976517092E-03   -3.689408534879E-05
    1.188502297128E-01    1.778865972770E+00    1.179532049995E+00   -4.047134996477E-03   -2.807198680976E-03   -5.636842449802E-05   -4.281182666921E-05    9.679559060009E-01   -2.511393390761E-03   -3.657762622085E-05
    1.258925483619E-01    1.778707961021E+00    1.160563020886E+00   -4.044373352045E-03   -2.731933813161E-03   -5.668561105585E-05   -4.194177995683E-05    9.604411536138E-01   -2.475508437143E-03   -3.621244103883E-05
    1.333521506131E-01    1.777007847471E+00    1.140223581984E+00   -4.024667555496E-03   -2.643528306437E-03   -5.691564521128E-05   -4.097526952955E-05    9.519581152197E-01   -2.428811027186E-03   -3.578605411766E-05
    1.412537620735E-01    1.773552566680E+00    1.118422906245E+00   -3.986612710315E-03   -2.541760688444E-03   -5.703357857467E-05   -3.990326191967E-05    9.424113148712E-01   -2.370847447241E-03   -3.528505877485E-05
    1.496235734345E-01    1.768113070064E+00    1.095070752964E+00   -3.928834560940E-03   -2.426503755966E-03   -5.701243977544E-05   -3.870712657353E-05    9.317009614331E-01   -2.301201026570E-03   -3.469572921148E-05
    1.584893272837E-01    1.760444359517E+00    1.070078870677E+00   -3.849965341711E-03   -2.297804370805E-03   -5.682379097199E-05   -3.737537016136E-05    9.197234940496E-01   -2.219558255292E-03   -3.400425184787E-05
    1.678804100600E-01    1.750285850015E+00    1.043362693743E+00   -3.748692425428E-03   -2.155874222635E-03   -5.643714780914E-05   -3.589561746888E-05    9.063723328378E-01   -2.125649044302E-03   -3.319587442448E-05
    1.778279494585E-01    1.737362142468E+00    1.014843362218E+00   -3.623815866828E-03   -2.001107361491E-03   -5.582070659161E-05   -3.425654859490E-05    8.915388691243E-01   -2.019358181057E-03   -3.225676803569E-05
    1.883649176061E-01    1.721384312872E+00    9.844501034457E-01   -3.474248976757E-03   -1.834132561529E-03   -5.494146179499E-05   -3.244885930247E-05    8.751137399384E-01   -1.900691042469E-03   -3.117337381468E-05
    1.995262403507E-01    1.702051839266E+00    9.521230097276E-01   -3.299094539480E-03   -1.655816347177E-03   -5.376617398695E-05   -3.046536300424E-05    8.569884343278E-01   -1.769803953757E-03   -2.993281623064E-05
    2.113489130272E-01    1.679055308200E+00    9.178162432602E-01   -3.097690841265E-03   -1.467299922146E-03   -5.226128019833E-05   -2.830183865392E-05    8.370572836563E-01   -1.627049891096E-03   -2.852378501501E-05
    2.238721230814E-01    1.652080064062E+00    8.815016931557E-01   -2.869701656920E-03   -1.270032981609E-03   -5.039415879005E-05   -2.595795062448E-05    8.152198918026E-01   -1.472986134550E-03   -2.693655736022E-05
    2.371373799615E-01    1.620810986761E+00    8.431730987155E-01   -2.615160045239E-03   -1.065779176565E-03   -4.813402225028E-05   -2.343763167738E-05    7.913840635362E-01   -1.308412686255E-03   -2.516407889881E-05
    2.511886527050E-01    1.584938605443E+00    8.028506372074E-01   -2.334576929509E-03   -8.566431344677E-04   -4.545316050609E-05   -2.075010108899E-05    7.654692897288E-01   -1.134410349381E-03   -2.320227412566E-05
    2.660725156783E-01    1.544166776257E+00    7.605859514688E-01   -2.029028648406E-03   -6.450864443023E-04   -4.232835318576E-05   -1.791082432853E-05    7.374108453200E-01   -9.523556815580E-04   -2.105101823389E-05
    2.818383029529E-01    1.498222168145E+00    7.164675607985E-01   -1.700277104943E-03   -4.339172886408E-04   -3.874309179817E-05   -1.494205481278E-05    7.071645486569E-01   -7.639577096516E-04   -1.871488570605E-05
    2.985382718274E-01    1.446865809402E+00    6.706265556785E-01   -1.350859982159E-03   -2.262903133320E-04   -3.468913349057E-05   -1.187374226601E-05    6.747122173625E-01   -5.712876468823E-04   -1.620422981238E-05
    3.162277760400E-01    1.389906943219E+00    6.232424201900E-01   -9.842189226153E-04   -2.567294381774E-05   -3.016940291819E-05   -8.744233656117E-06    6.400678335249E-01   -3.767877530626E-04   -1.353587221769E-05
    3.349654492440E-01    1.327219417657E+00    5.745487529383E-01   -6.048186999603E-04    1.641996581471E-04   -2.520070384351E-05   -5.600511272073E-06    6.032843973508E-01   -1.832922096815E-04   -1.073420568326E-05
    3.548133993551E-01    1.258760782818E+00    5.248385651456E-01   -2.182389280669E-04    3.394015973199E-04   -1.981717733815E-05   -2.498480265587E-06    5.644613991243E-01    5.979913952535E-06   -7.832185516095E-06
    3.758374144141E-01    1.184594175792E+00    4.744687206797E-01    1.687248994510E-04    4.959188878428E-04   -1.407344410546E-05    4.974957081727E-07    5.237527706166E-01    1.874401090632E-04   -4.871984671079E-06
    3.981071806482E-01    1.104912922761E+00    4.238629462393E-01    5.480197354854E-04    6.297880912730E-04   -8.048498969245E-06    3.315395079439E-06    4.813750830493E-01    3.571754964922E-04   -1.905787871105E-06
    4.216965134532E-01    1.020067558299E+00    3.735126804771E-01    9.103297748355E-04    7.372827409626E-04   -1.849437469648E-06    5.877340323413E-06    4.376156336809E-01    5.110183375379E-04    1.003969493294E-06
    4.466836020616E-01    9.305946239984E-01    3.239748533645E-01    1.245155154850E-03    8.151305828967E-04    4.385333548303E-06    8.102232570743E-06    3.928399000575E-01    6.446547284699E-04    3.784696830944E-06
    4.731512687095E-01    8.372461270065E-01    2.758655007560E-01    1.541004094445E-03    8.607848230092E-04    1.048342446902E-05    9.909615012946E-06    3.474976331017E-01    7.537869668215E-04    6.354518458489E-06
    5.011872431586E-01    7.410178663681E-01    2.298479432228E-01    1.785722271605E-03    8.727274866533E-04    1.623747958042E-05    1.122484392660E-05    3.021266008385E-01    8.343415155473E-04    8.623988176007E-06
    5.308844534858E-01    6.431739135655E-01    1.866141276075E-01    1.967032146018E-03    8.508078065139E-04    2.140644510353E-05    1.198593685095E-05    2.573526796385E-01    8.827509078431E-04    1.049915828098E-05
    5.623413341023E-01    5.452632876963E-01    1.468576975837E-01    2.073331750847E-03    7.965698798399E-04    2.572082025083E-05    1.215166241719E-05    2.138846169266E-01    8.963109004091E-04    1.188618766171E-05
    5.956621520251E-01    4.491232100481E-01    1.112375198367E-01    2.094772459784E-03    7.135616536160E-04    2.889362845096E-05    1.171110735428E-05    1.725013680462E-01    8.735995108387E-04    1.269822763530E-05
    6.309573524797E-01    3.568611355640E-01    8.033087471462E-02    2.024737736624E-03    6.075437999477E-04    3.063929240157E-05    1.069390224261E-05    1.340294524946E-01    8.149807287033E-04    1.286462039518E-05
    6.683439249830E-01    2.708049226993E-01    5.457654155367E-02    1.861708949373E-03    4.865231830598E-04    3.070455964431E-05    9.179658112291E-06    9.930732693349E-02    7.231502905119E-04    1.234345148297E-05
    7.079457911159E-01    1.934068355554E-01    3.420986527621E-02    1.611528653629E-03    3.604931957471E-04    2.891405535774E-05    7.304885474727E-06    6.913339031415E-02    6.036868594488E-04    1.113714616016E-05
    7.498942152746E-01    1.270823987743E-01    1.919503807218E-02    1.289963835345E-03    2.407384164534E-04    2.523652381045E-05    5.263475783683E-06    4.419403835492E-02    4.655276643184E-04    9.311733305958E-06
    7.943282397597E-01    7.395920516621E-02    9.164903972445E-03    9.252005875830E-04    1.385282620162E-04    1.987545985587E-05    3.295543443257E-06    2.496833713094E-02    3.211974856899E-04    7.018765419135E-06
    8.413951456455E-01    3.550333635232E-02    3.386505670929E-03    5.595401119977E-04    6.307300574046E-05    1.338524572166E-05    1.656735990621E-06    1.160665067748E-02    1.865329946910E-04    4.517375197041E-06
    8.912509409587E-01    1.198176212901E-02    7.826105739534E-04    2.483812387331E-04    1.873144802973E-05    6.803058966896E-06    5.584730419979E-07    3.782316340168E-03    7.934260025551E-05    2.190137826994E-06
    9.440608777821E-01    1.707511576127E-03    5.732466093395E-05    5.165839591507E-05    1.948713550112E-06    1.734495427943E-06    7.048749408494E-08    5.187567292490E-04    1.577434783112E-05    5.315346253842E-07
