# Q1 =   100.0000 , Q2 =   500.0000
# x  F2Wp(LO) F2Wm(LO) F2Wp(NLO) F2Wm(NLO) F2Wp(NNLO) F2Wm(NNLO) F2Z(LO) F2Z(NLO) F2Z(NNLO)
    1.000000316960E-05    4.911280666228E+00    4.911280666228E+00    1.759552193235E-03    1.759552193235E-03   -1.819082237183E-05   -1.819082237183E-05    4.182775644562E+00    1.498552528225E-03   -1.464893654937E-05
    1.059254059240E-05    4.883286035828E+00    4.883286035828E+00    1.750633842043E-03    1.750633842043E-03   -1.853348463948E-05   -1.853348463948E-05    4.158933541825E+00    1.490957062869E-03   -1.497261803745E-05
    1.122018806381E-05    4.855461195126E+00    4.855461195126E+00    1.741810126818E-03    1.741810126818E-03   -1.887501156275E-05   -1.887501156275E-05    4.135236043369E+00    1.483442195842E-03   -1.529574761637E-05
    1.188502598494E-05    4.827805591941E+00    4.827805591941E+00    1.733081953251E-03    1.733081953251E-03   -1.921541755183E-05   -1.921541755183E-05    4.111682678922E+00    1.476008698492E-03   -1.561835004486E-05
    1.258925802843E-05    4.800318696817E+00    4.800318696817E+00    1.724450263427E-03    1.724450263427E-03   -1.955471635050E-05   -1.955471635050E-05    4.088272997561E+00    1.468657373162E-03   -1.594044966201E-05
    1.333521844269E-05    4.773000003789E+00    4.773000003789E+00    1.715916030840E-03    1.715916030840E-03   -1.989292097952E-05   -1.989292097952E-05    4.065006568374E+00    1.461389048942E-03   -1.626207035095E-05
    1.412537978909E-05    4.745849031192E+00    4.745849031192E+00    1.707480266946E-03    1.707480266946E-03   -2.023004369398E-05   -2.023004369398E-05    4.041882981142E+00    1.454204587260E-03   -1.658323547056E-05
    1.496236113743E-05    4.718865322514E+00    4.718865322514E+00    1.699144017147E-03    1.699144017147E-03   -2.056609599751E-05   -2.056609599751E-05    4.018901847070E+00    1.447104878448E-03   -1.690396782383E-05
    1.584893674715E-05    4.692048447277E+00    4.692048447277E+00    1.690908362000E-03    1.690908362000E-03   -2.090108847679E-05   -2.090108847679E-05    3.996062799532E+00    1.440090842781E-03   -1.722428965088E-05
    1.678804526291E-05    4.665398001969E+00    4.665398001969E+00    1.682774417291E-03    1.682774417291E-03   -2.123503082837E-05   -2.123503082837E-05    3.973365494873E+00    1.433163430536E-03   -1.754422248372E-05
    1.778279945500E-05    4.638913611022E+00    4.638913611022E+00    1.674743334071E-03    1.674743334071E-03   -2.156793178243E-05   -2.156793178243E-05    3.950809613232E+00    1.426323622027E-03   -1.786378715330E-05
    1.883649653694E-05    4.612594927827E+00    4.612594927827E+00    1.666816298597E-03    1.666816298597E-03   -2.189979904765E-05   -2.189979904765E-05    3.928394859413E+00    1.419572427549E-03   -1.818300372061E-05
    1.995262909442E-05    4.586441635804E+00    4.586441635804E+00    1.658994532214E-03    1.658994532214E-03   -2.223063925006E-05   -2.223063925006E-05    3.906120963798E+00    1.412910887281E-03   -1.850189141302E-05
    2.113489666185E-05    4.560453449524E+00    4.560453449524E+00    1.651279291153E-03    1.651279291153E-03   -2.256045787212E-05   -2.256045787212E-05    3.883987683294E+00    1.406340071114E-03   -1.882046855939E-05
    2.238721798482E-05    4.534630115876E+00    4.534630115876E+00    1.643671866221E-03    1.643671866221E-03   -2.288925918877E-05   -2.288925918877E-05    3.861994802336E+00    1.399861078386E-03   -1.913875252644E-05
    2.371374400920E-05    4.508971415299E+00    4.508971415299E+00    1.636173582420E-03    1.636173582420E-03   -2.321704620031E-05   -2.321704620031E-05    3.840142133931E+00    1.393475037556E-03   -1.945675965141E-05
    2.511887163984E-05    4.483477163062E+00    4.483477163062E+00    1.628785797454E-03    1.628785797454E-03   -2.354382056435E-05   -2.354382056435E-05    3.818429520748E+00    1.387183104938E-03   -1.977450516357E-05
    2.660725831458E-05    4.458147210609E+00    4.458147210609E+00    1.621509905025E-03    1.621509905025E-03   -2.386958252339E-05   -2.386958252339E-05    3.796856836270E+00    1.380986467500E-03   -2.009200311696E-05
    2.818383744181E-05    4.432981446970E+00    4.432981446970E+00    1.614347328200E-03    1.614347328200E-03   -2.419433083279E-05   -2.419433083279E-05    3.775423985985E+00    1.374886337222E-03   -2.040926630880E-05
    2.985383475271E-05    4.407979800230E+00    4.407979800230E+00    1.607299522464E-03    1.607299522464E-03   -2.451806268327E-05   -2.451806268327E-05    3.754130908646E+00    1.368883953692E-03   -2.072630620051E-05
    3.162278562252E-05    4.383142239073E+00    4.383142239073E+00    1.600367974656E-03    1.600367974656E-03   -2.484077362093E-05   -2.484077362093E-05    3.732977577583E+00    1.362980583203E-03   -2.104313282757E-05
    3.349655341806E-05    4.358468774395E+00    4.358468774395E+00    1.593554197009E-03    1.593554197009E-03   -2.516245746901E-05   -2.516245746901E-05    3.711964002075E+00    1.357177513672E-03   -2.135975472385E-05
    3.548134893245E-05    4.333959460993E+00    4.333959460993E+00    1.586859735320E-03    1.586859735320E-03   -2.548310624243E-05   -2.548310624243E-05    3.691090228790E+00    1.351476061606E-03   -2.167617882012E-05
    3.758375097145E-05    4.309614399330E+00    4.309614399330E+00    1.580286157882E-03    1.580286157882E-03   -2.580271005971E-05   -2.580271005971E-05    3.670356343291E+00    1.345877562665E-03   -2.199241035737E-05
    3.981072815955E-05    4.285433737385E+00    4.285433737385E+00    1.573835058488E-03    1.573835058488E-03   -2.612125705699E-05   -2.612125705699E-05    3.649762471606E+00    1.340383374233E-03   -2.230845278655E-05
    4.216966203819E-05    4.261417672589E+00    4.261417672589E+00    1.567508053531E-03    1.567508053531E-03   -2.643873329501E-05   -2.643873329501E-05    3.629308781879E+00    1.334994872936E-03   -2.262430767031E-05
    4.466837153263E-05    4.237566453844E+00    4.237566453844E+00    1.561306779806E-03    1.561306779806E-03   -2.675512266609E-05   -2.675512266609E-05    3.608995486093E+00    1.329713452780E-03   -2.293997457841E-05
    4.731513886856E-05    4.213880383642E+00    4.213880383642E+00    1.555232892091E-03    1.555232892091E-03   -2.707040679529E-05   -2.707040679529E-05    3.588822841871E+00    1.324540523085E-03   -2.325545098081E-05
    5.011873702437E-05    4.190359820281E+00    4.190359820281E+00    1.549288060426E-03    1.549288060426E-03   -2.738456493865E-05   -2.738456493865E-05    3.568791154362E+00    1.319477506167E-03   -2.357073213237E-05
    5.308845881011E-05    4.167005180178E+00    4.167005180178E+00    1.543473968062E-03    1.543473968062E-03   -2.769757390534E-05   -2.769757390534E-05    3.548900778216E+00    1.314525835597E-03   -2.388581098257E-05
    5.623414766941E-05    4.143816940292E+00    4.143816940292E+00    1.537792304526E-03    1.537792304526E-03   -2.800940791489E-05   -2.800940791489E-05    3.529152119642E+00    1.309686950290E-03   -2.420067802318E-05
    5.956623030659E-05    4.120795640656E+00    4.120795640656E+00    1.532244766570E-03    1.532244766570E-03   -2.832003851848E-05   -2.832003851848E-05    3.509545638570E+00    1.304962295311E-03   -2.451532119272E-05
    6.309575124703E-05    4.097941887030E+00    4.097941887030E+00    1.526833054165E-03    1.526833054165E-03   -2.862943448402E-05   -2.862943448402E-05    3.490081850905E+00    1.300353318472E-03   -2.482972574307E-05
    6.683440944536E-05    4.075256353666E+00    4.075256353666E+00    1.521558861701E-03    1.521558861701E-03   -2.893756168579E-05   -2.893756168579E-05    3.470761330884E+00    1.295861462827E-03   -2.514387411934E-05
    7.079459706283E-05    4.052739786208E+00    4.052739786208E+00    1.516423876853E-03    1.516423876853E-03   -2.924438299053E-05   -2.924438299053E-05    3.451584713549E+00    1.291488165714E-03   -2.545774582449E-05
    7.498944054238E-05    4.030393004718E+00    4.030393004718E+00    1.511429774537E-03    1.511429774537E-03   -2.954985814586E-05   -2.954985814586E-05    3.432552697319E+00    1.287234853604E-03   -2.577131728809E-05
    7.943284411759E-05    4.008216906843E+00    4.008216906843E+00    1.506578212673E-03    1.506578212673E-03   -2.985394366257E-05   -2.985394366257E-05    3.413666046690E+00    1.283102938492E-03   -2.608456173089E-05
    8.413953589964E-05    3.986212471123E+00    3.986212471123E+00    1.501870820182E-03    1.501870820182E-03   -3.015659269781E-05   -3.015659269781E-05    3.394925595052E+00    1.279093807677E-03   -2.639744902682E-05
    8.912511669514E-05    3.964380760453E+00    3.964380760453E+00    1.497309200471E-03    1.497309200471E-03   -3.045775493437E-05   -3.045775493437E-05    3.376332247639E+00    1.275208826727E-03   -2.670994555503E-05
    9.440611171657E-05    3.942722925696E+00    3.942722925696E+00    1.492894915981E-03    1.492894915981E-03   -3.075737646378E-05   -3.075737646378E-05    3.357886984603E+00    1.271449326323E-03   -2.702201406538E-05
    1.000000253568E-04    3.921240209465E+00    3.921240209465E+00    1.488629484217E-03    1.488629484217E-03   -3.105539966105E-05   -3.105539966105E-05    3.339590864235E+00    1.267816598872E-03   -2.733361352341E-05
    1.059253992091E-04    3.899933950070E+00    3.899933950070E+00    1.484514367046E-03    1.484514367046E-03   -3.135176306478E-05   -3.135176306478E-05    3.321445026330E+00    1.264311889398E-03   -2.764469896273E-05
    1.122018735254E-04    3.878805585644E+00    3.878805585644E+00    1.480550964528E-03    1.480550964528E-03   -3.164640125446E-05   -3.164640125446E-05    3.303450695699E+00    1.260936390288E-03   -2.795522133577E-05
    1.188502523153E-04    3.857856658461E+00    3.857856658461E+00    1.476740602871E-03    1.476740602871E-03   -3.193924472582E-05   -3.193924472582E-05    3.285609185845E+00    1.257691231027E-03   -2.826512735727E-05
    1.258925723037E-04    3.837088819432E+00    3.837088819432E+00    1.473084526312E-03    1.473084526312E-03   -3.223021976907E-05   -3.223021976907E-05    3.267921902795E+00    1.254577471291E-03   -2.857435935126E-05
    1.333521759735E-04    3.816503832818E+00    3.816503832818E+00    1.469583883111E-03    1.469583883111E-03   -3.251924834629E-05   -3.251924834629E-05    3.250390349113E+00    1.251596089017E-03   -2.888285509334E-05
    1.412537889366E-04    3.796103581147E+00    3.796103581147E+00    1.466239715341E-03    1.466239715341E-03   -3.280624796929E-05   -3.280624796929E-05    3.233016128083E+00    1.248747971704E-03   -2.919054765229E-05
    1.496236018893E-04    3.775890070342E+00    3.775890070342E+00    1.463052945478E-03    1.463052945478E-03   -3.309113157729E-05   -3.309113157729E-05    3.215800948086E+00    1.246033904992E-03   -2.949736523245E-05
    1.584893574245E-04    3.755865435093E+00    3.755865435093E+00    1.460024362493E-03    1.460024362493E-03   -3.337380741965E-05   -3.337380741965E-05    3.198746627166E+00    1.243454560823E-03   -2.980323101436E-05
    1.678804419868E-04    3.736031944449E+00    3.736031944449E+00    1.457154606988E-03    1.457154606988E-03   -3.365417893653E-05   -3.365417893653E-05    3.181855097797E+00    1.241010484777E-03   -3.010806299337E-05
    1.778279832772E-04    3.716392007669E+00    3.716392007669E+00    1.454444155189E-03    1.454444155189E-03   -3.393214464643E-05   -3.393214464643E-05    3.165128411865E+00    1.238702082439E-03   -3.041177379445E-05
    1.883649534286E-04    3.696948180325E+00    3.696948180325E+00    1.451893302376E-03    1.451893302376E-03   -3.420759800961E-05   -3.420759800961E-05    3.148568745868E+00    1.236529605290E-03   -3.071427063092E-05
    1.995262782958E-04    3.677703170674E+00    3.677703170674E+00    1.449502142335E-03    1.449502142335E-03   -3.448042740909E-05   -3.448042740909E-05    3.132178406338E+00    1.234493133204E-03   -3.101545498041E-05
    2.113489532207E-04    3.658659846311E+00    3.658659846311E+00    1.447270552405E-03    1.447270552405E-03   -3.475051591407E-05   -3.475051591407E-05    3.115959835511E+00    1.232592561716E-03   -3.131522250631E-05
    2.238721656565E-04    3.639821241107E+00    3.639821241107E+00    1.445198168093E-03    1.445198168093E-03   -3.501774126926E-05   -3.501774126926E-05    3.099915617235E+00    1.230827580397E-03   -3.161346293990E-05
    2.371374250594E-04    3.621190562452E+00    3.621190562452E+00    1.443284363545E-03    1.443284363545E-03   -3.528197577779E-05   -3.528197577779E-05    3.084048483138E+00    1.229197656229E-03   -3.191005988652E-05
    2.511887004750E-04    3.602771198809E+00    3.602771198809E+00    1.441528225660E-03    1.441528225660E-03   -3.554308621480E-05   -3.554308621480E-05    3.068361319062E+00    1.227702011555E-03   -3.220489069384E-05
    2.660725662789E-04    3.584566727595E+00    3.584566727595E+00    1.439928531394E-03    1.439928531394E-03   -3.580093374653E-05   -3.580093374653E-05    3.052857171775E+00    1.226339604747E-03   -3.249782630702E-05
    2.818383565518E-04    3.566580923401E+00    3.566580923401E+00    1.438483719117E-03    1.438483719117E-03   -3.605537385893E-05   -3.605537385893E-05    3.037539255971E+00    1.225109105817E-03   -3.278873113696E-05
    2.985383286022E-04    3.548817766560E+00    3.548817766560E+00    1.437191860414E-03    1.437191860414E-03   -3.630625629180E-05   -3.630625629180E-05    3.022410961571E+00    1.224008872398E-03   -3.307746292774E-05
    3.162278361789E-04    3.531281452085E+00    3.531281452085E+00    1.436050629582E-03    1.436050629582E-03   -3.655342498811E-05   -3.655342498811E-05    3.007475861325E+00    1.223036923766E-03   -3.336387263426E-05
    3.349655129464E-04    3.513976398974E+00    3.513976398974E+00    1.435057271239E-03    1.435057271239E-03   -3.679671804849E-05   -3.679671804849E-05    2.992737718752E+00    1.222190913251E-03   -3.364780430915E-05
    3.548134668321E-04    3.496907259923E+00    3.496907259923E+00    1.434208565918E-03    1.434208565918E-03   -3.703596770218E-05   -3.703596770218E-05    2.978200496396E+00    1.221468098941E-03   -3.392909499665E-05
    3.758374858894E-04    3.480078931425E+00    3.480078931425E+00    1.433500793464E-03    1.433500793464E-03   -3.727100027647E-05   -3.727100027647E-05    2.963868364440E+00    1.220865312502E-03   -3.420757462454E-05
    3.981072563587E-04    3.463496564309E+00    3.463496564309E+00    1.432929693867E-03    1.432929693867E-03   -3.750163624016E-05   -3.750163624016E-05    2.949745709676E+00    1.220378925825E-03   -3.448306596581E-05
    4.216965936497E-04    3.447165574700E+00    3.447165574700E+00    1.432490428084E-03    1.432490428084E-03   -3.772769014757E-05   -3.772769014757E-05    2.935837144836E+00    1.220004817656E-03   -3.475538450151E-05
    4.466836870101E-04    3.431091655432E+00    3.431091655432E+00    1.432177530527E-03    1.432177530527E-03   -3.794897071254E-05   -3.794897071254E-05    2.922147518322E+00    1.219738333133E-03   -3.502433840633E-05
    4.731513586915E-04    3.415280787933E+00    3.415280787933E+00    1.431984866757E-03    1.431984866757E-03   -3.816528085610E-05   -3.816528085610E-05    2.908681924317E+00    1.219574247759E-03   -3.528972849533E-05
    5.011873384724E-04    3.399739254575E+00    3.399739254575E+00    1.431905582668E-03    1.431905582668E-03   -3.837641773298E-05   -3.837641773298E-05    2.895445713312E+00    1.219506724118E-03   -3.555134819862E-05
    5.308845544473E-04    3.384473651536E+00    3.384473651536E+00    1.431932052767E-03    1.431932052767E-03   -3.858217288181E-05   -3.858217288181E-05    2.882444503051E+00    1.219529267828E-03   -3.580898355321E-05
    5.623414410462E-04    3.369490902153E+00    3.369490902153E+00    1.432055826980E-03    1.432055826980E-03   -3.878233229958E-05   -3.878233229958E-05    2.869684189913E+00    1.219634682240E-03   -3.606241322556E-05
    5.956622653057E-04    3.354798270815E+00    3.354798270815E+00    1.432267570591E-03    1.432267570591E-03   -3.897667658777E-05   -3.897667658777E-05    2.857170960739E+00    1.219815017284E-03   -3.631140851061E-05
    6.309574724727E-04    3.340403377389E+00    3.340403377389E+00    1.432557004781E-03    1.432557004781E-03   -3.916498111840E-05   -3.916498111840E-05    2.844911305117E+00    1.220061518832E-03   -3.655573344392E-05
    6.683440520859E-04    3.326314212197E+00    3.326314212197E+00    1.432912841878E-03    1.432912841878E-03   -3.934701622777E-05   -3.934701622777E-05    2.832912028142E+00    1.220364573542E-03   -3.679514484693E-05
    7.079459257502E-04    3.312539151567E+00    3.312539151567E+00    1.433322717494E-03    1.433322717494E-03   -3.952254744359E-05   -3.952254744359E-05    2.821180263655E+00    1.220713651076E-03   -3.702939245044E-05
    7.498943578865E-04    3.299086973956E+00    3.299086973956E+00    1.433773119033E-03    1.433773119033E-03   -3.969133572741E-05   -3.969133572741E-05    2.809723487979E+00    1.221097243201E-03   -3.725821902569E-05
    7.943283908219E-04    3.285966876678E+00    3.285966876678E+00    1.434249310414E-03    1.434249310414E-03   -3.985313781891E-05   -3.985313781891E-05    2.798549534162E+00    1.221502799684E-03   -3.748136059103E-05
    8.413953056587E-04    3.273188493225E+00    3.273188493225E+00    1.434735252835E-03    1.434735252835E-03   -4.000770649900E-05   -4.000770649900E-05    2.787666606730E+00    1.221916660805E-03   -3.769854657000E-05
    8.912511104532E-04    3.260761911213E+00    3.260761911213E+00    1.435213521612E-03    1.435213521612E-03   -4.015479100497E-05   -4.015479100497E-05    2.777083296975E+00    1.222323986537E-03   -3.790950006659E-05
    9.440610573198E-04    3.248697690953E+00    3.248697690953E+00    1.435665218712E-03    1.435665218712E-03   -4.029413743684E-05   -4.029413743684E-05    2.766808598764E+00    1.222708682049E-03   -3.811393814508E-05
    1.000000190176E-03    3.237006884651E+00    3.237006884651E+00    1.436069881097E-03    1.436069881097E-03   -4.042548921608E-05   -4.042548921608E-05    2.756851924897E+00    1.223053319646E-03   -3.831157215097E-05
    1.059253924943E-03    3.225701056254E+00    3.225701056254E+00    1.436405384510E-03    1.436405384510E-03   -4.054858759700E-05   -4.054858759700E-05    2.747223124004E+00    1.223339056829E-03   -3.850210808718E-05
    1.122018664127E-03    3.214792301931E+00    3.214792301931E+00    1.436647843231E-03    1.436647843231E-03   -4.066317222486E-05   -4.066317222486E-05    2.737932497996E+00    1.223545550919E-03   -3.868524702800E-05
    1.188502447811E-03    3.204293271209E+00    3.204293271209E+00    1.436771503154E-03    1.436771503154E-03   -4.076898175242E-05   -4.076898175242E-05    2.728990820055E+00    1.223650867995E-03   -3.886068559239E-05
    1.258925643231E-03    3.194217188746E+00    3.194217188746E+00    1.436748633964E-03    1.436748633964E-03   -4.086575451265E-05   -4.086575451265E-05    2.720409353186E+00    1.223631391060E-03   -3.902811646876E-05
    1.333521675200E-03    3.184577876749E+00    3.184577876749E+00    1.436549412749E-03    1.436549412749E-03   -4.095322925748E-05   -4.095322925748E-05    2.712199869308E+00    1.223461720927E-03   -3.918722899355E-05
    1.412537799822E-03    3.175389778017E+00    3.175389778017E+00    1.436141804569E-03    1.436141804569E-03   -4.103114592243E-05   -4.103114592243E-05    2.704374668875E+00    1.223114574493E-03   -3.933770979826E-05
    1.496235924044E-03    3.166667979612E+00    3.166667979612E+00    1.435491437704E-03    1.435491437704E-03   -4.109924654120E-05   -4.109924654120E-05    2.696946601040E+00    1.222560678500E-03   -3.947924348343E-05
    1.584893473776E-03    3.158428237119E+00    3.158428237119E+00    1.434561473977E-03    1.434561473977E-03   -4.115727614637E-05   -4.115727614637E-05    2.689929084315E+00    1.221768659087E-03   -3.961151351173E-05
    1.678804313446E-03    3.150686999495E+00    3.150686999495E+00    1.433312474121E-03    1.433312474121E-03   -4.120498374332E-05   -4.120498374332E-05    2.683336127733E+00    1.220704927134E-03   -3.973420288314E-05
    1.778279720043E-03    3.143461434456E+00    3.143461434456E+00    1.431702258190E-03    1.431702258190E-03   -4.124212356482E-05   -4.124212356482E-05    2.677182352472E+00    1.219333559371E-03   -3.984699516844E-05
    1.883649414877E-03    3.136769454388E+00    3.136769454388E+00    1.429685761225E-03    1.429685761225E-03   -4.126845602060E-05   -4.126845602060E-05    2.671483013920E+00    1.217616175462E-03   -3.994957548923E-05
    1.995262656475E-03    3.130629742717E+00    3.130629742717E+00    1.427214884216E-03    1.427214884216E-03   -4.128374899728E-05   -4.128374899728E-05    2.666254024134E+00    1.215511811065E-03   -4.004163159958E-05
    2.113489398229E-03    3.125061780695E+00    3.125061780695E+00    1.424238340394E-03    1.424238340394E-03   -4.128777933701E-05   -4.128777933701E-05    2.661511974652E+00    1.212976786934E-03   -4.012285506040E-05
    2.238721514648E-03    3.120085874532E+00    3.120085874532E+00    1.420701497328E-03    1.420701497328E-03   -4.128033415431E-05   -4.128033415431E-05    2.657274159605E+00    1.209964574429E-03   -4.019294252825E-05
    2.371374100268E-03    3.115723182810E+00    3.115723182810E+00    1.416546214921E-03    1.416546214921E-03   -4.126121239737E-05   -4.126121239737E-05    2.653558599058E+00    1.206425657550E-03   -4.025159698001E-05
    2.511886845517E-03    3.111995744074E+00    3.111995744074E+00    1.411710679796E-03    1.411710679796E-03   -4.123022648030E-05   -4.123022648030E-05    2.650384062512E+00    1.202307391884E-03   -4.029852947860E-05
    2.660725494121E-03    3.108926504511E+00    3.108926504511E+00    1.406129236307E-03    1.406129236307E-03   -4.118720401765E-05   -4.118720401765E-05    2.647770092478E+00    1.197553860681E-03   -4.033346040023E-05
    2.818383386855E-03    3.106539345592E+00    3.106539345592E+00    1.399732215024E-03    1.399732215024E-03   -4.113198966732E-05   -4.113198966732E-05    2.645737028016E+00    1.192105728791E-03   -4.035612128973E-05
    2.985383096773E-03    3.104859111537E+00    3.104859111537E+00    1.392445758975E-03    1.392445758975E-03   -4.106444705515E-05   -4.106444705515E-05    2.644306028128E+00    1.185900094667E-03   -4.036625661962E-05
    3.162278161326E-03    3.103911636452E+00    3.103911636452E+00    1.384191648370E-03    1.384191648370E-03   -4.098446095597E-05   -4.098446095597E-05    2.643499094870E+00    1.178870341095E-03   -4.036362563576E-05
    3.349654917123E-03    3.103723770957E+00    3.103723770957E+00    1.374887126239E-03    1.374887126239E-03   -4.089193930326E-05   -4.089193930326E-05    2.643339096028E+00    1.170945986695E-03   -4.034800445291E-05
    3.548134443398E-03    3.104323408090E+00    3.104323408090E+00    1.364444721775E-03    1.364444721775E-03   -4.078681561041E-05   -4.078681561041E-05    2.643849787183E+00    1.162052535469E-03   -4.031918814668E-05
    3.758374620643E-03    3.105739508281E+00    3.105739508281E+00    1.352772078423E-03    1.352772078423E-03   -4.066905135773E-05   -4.066905135773E-05    2.645055832977E+00    1.152111330387E-03   -4.027699302699E-05
    3.981072311218E-03    3.108002123093E+00    3.108002123093E+00    1.339771783530E-03    1.339771783530E-03   -4.053863854262E-05   -4.053863854262E-05    2.646982827334E+00    1.141039408307E-03   -4.022125903339E-05
    4.216965669175E-03    3.111142417469E+00    3.111142417469E+00    1.325341202822E-03    1.325341202822E-03   -4.039560234774E-05   -4.039560234774E-05    2.649657312407E+00    1.128749359005E-03   -4.015185225821E-05
    4.466836586940E-03    3.115192690125E+00    3.115192690125E+00    1.309372321589E-03    1.309372321589E-03   -4.024000393210E-05   -4.024000393210E-05    2.653106795947E+00    1.115149189918E-03   -4.006866759876E-05
    4.731513286975E-03    3.120186391726E+00    3.120186391726E+00    1.291751594177E-03    1.291751594177E-03   -4.007194334848E-05   -4.007194334848E-05    2.657359766782E+00    1.100142197961E-03   -3.997163154345E-05
    5.011873067012E-03    3.126158140406E+00    3.126158140406E+00    1.272359804157E-03    1.272359804157E-03   -3.989156256601E-05   -3.989156256601E-05    2.662445708032E+00    1.083626850435E-03   -3.986070508938E-05
    5.308845207934E-03    3.133143734178E+00    3.133143734178E+00    1.251071938110E-03    1.251071938110E-03   -3.969904870931E-05   -3.969904870931E-05    2.668395107685E+00    1.065496677538E-03   -3.973588679616E-05
    5.623414053982E-03    3.141180159680E+00    3.141180159680E+00    1.227757075610E-03    1.227757075610E-03   -3.949463715134E-05   -3.949463715134E-05    2.675239466040E+00    1.045640178663E-03   -3.959721593607E-05
    5.956622275455E-03    3.150305596662E+00    3.150305596662E+00    1.202278298711E-03    1.202278298711E-03   -3.927861511079E-05   -3.927861511079E-05    2.683011299528E+00    1.023940745316E-03   -3.944477585174E-05
    6.309574324750E-03    3.160559417554E+00    3.160559417554E+00    1.174492624412E-03    1.174492624412E-03   -3.905132497883E-05   -3.905132497883E-05    2.691744140351E+00    1.000276603594E-03   -3.927869730509E-05
    6.683440097183E-03    3.171982181388E+00    3.171982181388E+00    1.144250964879E-03    1.144250964879E-03   -3.881316796453E-05   -3.881316796453E-05    2.701472531295E+00    9.745207803080E-04   -3.909916205723E-05
    7.079458808720E-03    3.184615621216E+00    3.184615621216E+00    1.111398119411E-03    1.111398119411E-03   -3.856460773838E-05   -3.856460773838E-05    2.712232015025E+00    9.465410961440E-04   -3.890640649108E-05
    7.498943103492E-03    3.198502624119E+00    3.198502624119E+00    1.075772802448E-03    1.075772802448E-03   -3.830617417790E-05   -3.830617417790E-05    2.724059117051E+00    9.162001895156E-04   -3.870072535645E-05
    7.943283404678E-03    3.213687202861E+00    3.213687202861E+00    1.037207716813E-03    1.037207716813E-03   -3.803846711846E-05   -3.803846711846E-05    2.736991321592E+00    8.833555789368E-04   -3.848247555943E-05
    8.413952523210E-03    3.230214457886E+00    3.230214457886E+00    9.955296731574E-04    9.955296731574E-04   -3.776216016797E-05   -3.776216016797E-05    2.751067039208E+00    8.478597647566E-04   -3.825208003473E-05
    8.912510539550E-03    3.248130528571E+00    3.248130528571E+00    9.505597661288E-04    9.505597661288E-04   -3.747800452762E-05   -3.747800452762E-05    2.766325565282E+00    8.095603791908E-04   -3.801003166942E-05
    9.440609974739E-03    3.267482532271E+00    3.267482532271E+00    9.021136145430E-04    9.021136145430E-04   -3.718683277540E-05   -3.718683277540E-05    2.782807028114E+00    7.683003908706E-04   -3.775689722431E-05
    1.000000126784E-02    3.288318489653E+00    3.288318489653E+00    8.500016713728E-04    8.500016713728E-04   -3.688956259921E-05   -3.688956259921E-05    2.800552325316E+00    7.239183688491E-04   -3.749332125473E-05
    1.059253857795E-02    3.310687234590E+00    3.310687234590E+00    7.940296187527E-04    7.940296187527E-04   -3.658720043898E-05   -3.658720043898E-05    2.819603047089E+00    6.762488190134E-04   -3.722002998372E-05
    1.122018593000E-02    3.334638306818E+00    3.334638306818E+00    7.339988472434E-04    7.339988472434E-04   -3.628084499620E-05   -3.628084499620E-05    2.840001384790E+00    6.251225922595E-04   -3.693783512839E-05
    1.188502372469E-02    3.360221825317E+00    3.360221825317E+00    6.697070463334E-04    6.697070463334E-04   -3.597169049210E-05   -3.597169049210E-05    2.861790023101E+00    5.703673874023E-04   -3.664763748912E-05
    1.258925563425E-02    3.387488339978E+00    3.387488339978E+00    6.009489000269E-04    6.009489000269E-04   -3.566102972003E-05   -3.566102972003E-05    2.885012013696E+00    5.118083435841E-04   -3.635043045531E-05
    1.333521590666E-02    3.416488659329E+00    3.416488659329E+00    5.275169145487E-04    5.275169145487E-04   -3.535025690821E-05   -3.535025690821E-05    2.909710628519E+00    4.492687452056E-04   -3.604730338429E-05
    1.412537710278E-02    3.447273651473E+00    3.447273651473E+00    4.492023849051E-04    4.492023849051E-04   -3.504086983346E-05   -3.504086983346E-05    2.935929190256E+00    3.825708451118E-04   -3.573944429078E-05
    1.496235829195E-02    3.479894015303E+00    3.479894015303E+00    3.657965190864E-04    3.657965190864E-04   -3.473447180585E-05   -3.473447180585E-05    2.963710877482E+00    3.115368220394E-04   -3.542814259354E-05
    1.584893373306E-02    3.514400018680E+00    3.514400018680E+00    2.770917312218E-04    2.770917312218E-04   -3.443277292378E-05   -3.443277292378E-05    2.993098501673E+00    2.359898819536E-04   -3.511479115441E-05
    1.678804207023E-02    3.550841200340E+00    3.550841200340E+00    1.828831314473E-04    1.828831314473E-04   -3.413759063378E-05   -3.413759063378E-05    3.024134253336E+00    1.557555269196E-04   -3.480088780078E-05
    1.778279607314E-02    3.589266031176E+00    3.589266031176E+00    8.297021965312E-05    8.297021965312E-05   -3.385084938093E-05   -3.385084938093E-05    3.056859413532E+00    7.066299761197E-05   -3.448803605281E-05
    1.883649295469E-02    3.629721531038E+00    3.629721531038E+00   -2.284119233801E-05   -2.284119233801E-05   -3.357457946597E-05   -3.357457946597E-05    3.091314027514E+00   -1.945308963107E-05   -3.417794536423E-05
    1.995262529991E-02    3.672252836497E+00    3.672252836497E+00   -1.347368072848E-04   -1.347368072848E-04   -3.331091464219E-05   -3.331091464219E-05    3.127536536610E+00   -1.147508917199E-04   -3.387242997614E-05
    2.113489264250E-02    3.716902714580E+00    3.716902714580E+00   -2.528913976842E-04   -2.528913976842E-04   -3.306208858247E-05   -3.306208858247E-05    3.165563364086E+00   -2.153792566216E-04   -3.357340704261E-05
    2.238721372731E-02    3.763711017179E+00    3.763711017179E+00   -3.774660652212E-04   -3.774660652212E-04   -3.283042950318E-05   -3.283042950318E-05    3.205428450481E+00   -3.214753893241E-04   -3.328289325069E-05
    2.371373949942E-02    3.812714070339E+00    3.812714070339E+00   -5.086051877496E-04   -5.086051877496E-04   -3.261835364919E-05   -3.261835364919E-05    3.247162733491E+00   -4.331622516802E-04   -3.300300040822E-05
    2.511886686283E-02    3.863943992959E+00    3.863943992959E+00   -6.464330020258E-04   -6.464330020258E-04   -3.242835615011E-05   -3.242835615011E-05    3.290793567722E+00   -5.505456520348E-04   -3.273592841202E-05
    2.660725325452E-02    3.917427936902E+00    3.917427936902E+00   -7.910498435270E-04   -7.910498435270E-04   -3.226300020091E-05   -3.226300020091E-05    3.336344077518E+00   -6.737110428025E-04   -3.248395749273E-05
    2.818383208192E-02    3.973187243001E+00    3.973187243001E+00   -9.425279743628E-04   -9.425279743628E-04   -3.212490337041E-05   -3.212490337041E-05    3.383832438164E+00   -8.027199672365E-04   -3.224943732874E-05
    2.985382907523E-02    4.031236504849E+00    4.031236504849E+00   -1.100907001057E-03   -1.100907001057E-03   -3.201672144213E-05   -3.201672144213E-05    3.433271078540E+00   -9.376061569058E-04   -3.203477434569E-05
    3.162277960863E-02    4.091582532691E+00    4.091582532691E+00   -1.266188841461E-03   -1.266188841461E-03   -3.194112895332E-05   -3.194112895332E-05    3.484665798707E+00   -1.078371245182E-03   -3.184241606302E-05
    3.349654704782E-02    4.154223209089E+00    4.154223209089E+00   -1.438332233685E-03   -1.438332233685E-03   -3.190079615243E-05   -3.190079615243E-05    3.538014795314E+00   -1.224980090675E-03   -3.167483236008E-05
    3.548134218475E-02    4.219146228385E+00    4.219146228385E+00   -1.617246742212E-03   -1.617246742212E-03   -3.189836233420E-05   -3.189836233420E-05    3.593307588036E+00   -1.377355672440E-03   -3.153449340925E-05
    3.758374382392E-02    4.286327710524E+00    4.286327710524E+00   -1.802786274490E-03   -1.802786274490E-03   -3.193640406416E-05   -3.193640406416E-05    3.650523839021E+00   -1.535373568271E-03   -3.142384358112E-05
    3.981072058850E-02    4.355730680034E+00    4.355730680034E+00   -1.994742076892E-03   -1.994742076892E-03   -3.201739964233E-05   -3.201739964233E-05    3.709632057480E+00   -1.698855989595E-03   -3.134527150592E-05
    4.216965401853E-02    4.427303401926E+00    4.427303401926E+00   -2.192835199131E-03   -2.192835199131E-03   -3.214368787873E-05   -3.214368787873E-05    3.770588182427E+00   -1.867565363661E-03   -3.130107541398E-05
    4.466836303778E-02    4.500977564851E+00    4.500977564851E+00   -2.396708440818E-03   -2.396708440818E-03   -3.231742098675E-05   -3.231742098675E-05    3.833334035345E+00   -2.041197474685E-03   -3.129342356234E-05
    4.731512987035E-02    4.576666302875E+00    4.576666302875E+00   -2.605917776121E-03   -2.605917776121E-03   -3.254051149879E-05   -3.254051149879E-05    3.897795635381E+00   -2.219374160520E-03   -3.132430889593E-05
    5.011872749299E-02    4.654262047141E+00    4.654262047141E+00   -2.819923313754E-03   -2.819923313754E-03   -3.281457269232E-05   -3.281457269232E-05    3.963881369692E+00   -2.401635613580E-03   -3.139549839123E-05
    5.308844871396E-02    4.733634201642E+00    4.733634201642E+00   -3.038079724173E-03   -3.038079724173E-03   -3.314085115666E-05   -3.314085115666E-05    4.031480013970E+00   -2.587432227992E-03   -3.150847531143E-05
    5.623413697503E-02    4.814626633262E+00    4.814626633262E+00   -3.259626361146E-03   -3.259626361146E-03   -3.352015207942E-05   -3.352015207942E-05    4.100458594792E+00   -2.776116186462E-03   -3.166437515009E-05
    5.956621897853E-02    4.897054974295E+00    4.897054974295E+00   -3.483676985103E-03   -3.483676985103E-03   -3.395275659043E-05   -3.395275659043E-05    4.170660092268E+00   -2.966932708002E-03   -3.186391445101E-05
    6.309573924774E-02    4.980703733497E+00    4.980703733497E+00   -3.709209296465E-03   -3.709209296465E-03   -3.443833049848E-05   -3.443833049848E-05    4.241900979618E+00   -3.159011133801E-03   -3.210731194540E-05
    6.683439673506E-02    5.065323215801E+00    5.065323215801E+00   -3.935054365402E-03   -3.935054365402E-03   -3.497582401209E-05   -3.497582401209E-05    4.313968599795E+00   -3.351355924904E-03   -3.239420210145E-05
    7.079458359939E-02    5.150626254349E+00    5.150626254349E+00   -4.159886144835E-03   -4.159886144835E-03   -3.556336283426E-05   -3.556336283426E-05    4.386618382264E+00   -3.542837730781E-03   -3.272354041851E-05
    7.498942628119E-02    5.236284763325E+00    5.236284763325E+00   -4.382211283811E-03   -4.382211283811E-03   -3.619813053641E-05   -3.619813053641E-05    4.459570907164E+00   -3.732184713713E-03   -3.309350138914E-05
    7.943282901137E-02    5.321926125656E+00    5.321926125656E+00   -4.600359471146E-03   -4.600359471146E-03   -3.687624116599E-05   -3.687624116599E-05    4.532508828833E+00   -3.917974324794E-03   -3.350136757096E-05
    8.413951989832E-02    5.407129435336E+00    5.407129435336E+00   -4.812474710840E-03   -4.812474710840E-03   -3.759260505726E-05   -3.759260505726E-05    4.605073675517E+00   -4.098625873490E-03   -3.394341250079E-05
    8.912509974568E-02    5.491421626195E+00    5.491421626195E+00   -5.016507862635E-03   -5.016507862635E-03   -3.834078643768E-05   -3.834078643768E-05    4.676862552372E+00   -4.272394174675E-03   -3.441477628771E-05
    9.440609376280E-02    5.574273526465E+00    5.574273526465E+00   -5.210210920884E-03   -5.210210920884E-03   -3.911285553942E-05   -3.911285553942E-05    4.747424781270E+00   -4.437364676135E-03   -3.490933571108E-05
    1.000000063392E-01    5.655095892848E+00    5.655095892848E+00   -5.391133640470E-03   -5.391133640470E-03   -3.989923615092E-05   -3.989923615092E-05    4.816258523143E+00   -4.591450584976E-03   -3.541957070130E-05
    1.059253790647E-01    5.733235493640E+00    5.733235493640E+00   -5.556623127216E-03   -5.556623127216E-03   -4.068855193036E-05   -4.068855193036E-05    4.882807442107E+00   -4.732392518788E-03   -3.593642844885E-05
    1.122018521873E-01    5.807971326598E+00    5.807971326598E+00   -5.703827212156E-03   -5.703827212156E-03   -4.146747422856E-05   -4.146747422856E-05    4.946457484351E+00   -4.857761379400E-03   -3.644918888161E-05
    1.188502297128E-01    5.878511083544E+00    5.878511083544E+00   -5.829702522673E-03   -5.829702522673E-03   -4.222057775470E-05   -4.222057775470E-05    5.006533867147E+00   -4.964965226801E-03   -3.694533611962E-05
    1.258925483619E-01    5.943987997315E+00    5.943987997315E+00   -5.931028223243E-03   -5.931028223243E-03   -4.293020671822E-05   -4.293020671822E-05    5.062298393514E+00   -5.051260981679E-03   -3.741043839693E-05
    1.333521506131E-01    6.003458236350E+00    6.003458236350E+00   -6.004426683296E-03   -6.004426683296E-03   -4.357636115072E-05   -4.357636115072E-05    5.112947233260E+00   -5.113772027559E-03   -3.782804470470E-05
    1.412537620735E-01    6.055899048481E+00    6.055899048481E+00   -6.046392460645E-03   -6.046392460645E-03   -4.413661283001E-05   -4.413661283001E-05    5.157609342121E+00   -5.149512895030E-03   -3.817960619384E-05
    1.496235734345E-01    6.100207907406E+00    6.100207907406E+00   -6.053330726349E-03   -6.053330726349E-03   -4.458605514469E-05   -4.458605514469E-05    5.195345734835E+00   -5.155421986930E-03   -3.844442607281E-05
    1.584893272837E-01    6.135202923917E+00    6.135202923917E+00   -6.021607575086E-03   -6.021607575086E-03   -4.489731489192E-05   -4.489731489192E-05    5.225149835372E+00   -5.128404426034E-03   -3.859966190294E-05
    1.678804100600E-01    6.159624906523E+00    6.159624906523E+00   -5.947613038435E-03   -5.947613038435E-03   -4.504062486103E-05   -4.504062486103E-05    5.245949231899E+00   -5.065385721389E-03   -3.862037933866E-05
    1.778279494585E-01    6.172141444902E+00    6.172141444902E+00   -5.827839308983E-03   -5.827839308983E-03   -4.498398762638E-05   -4.498398762638E-05    5.256609154524E+00   -4.963378389197E-03   -3.847968346769E-05
    1.883649176061E-01    6.171353499523E+00    6.171353499523E+00   -5.658975896284E-03   -5.658975896284E-03   -4.469344909350E-05   -4.469344909350E-05    5.255938087451E+00   -4.819562994008E-03   -3.814894339113E-05
    1.995262403507E-01    6.155805039305E+00    6.155805039305E+00   -5.438023624572E-03   -5.438023624572E-03   -4.413350812015E-05   -4.413350812015E-05    5.242695977067E+00   -4.631385236813E-03   -3.759813288614E-05
    2.113489130272E-01    6.123996347727E+00    6.123996347727E+00   -5.162429290884E-03   -5.162429290884E-03   -4.326769190093E-05   -4.326769190093E-05    5.215605564309E+00   -4.396670638917E-03   -3.679631244022E-05
    2.238721230814E-01    6.074401698269E+00    6.074401698269E+00   -4.830242398218E-03   -4.830242398218E-03   -4.205933051255E-05   -4.205933051255E-05    5.173367438257E+00   -4.113758026400E-03   -3.571228137364E-05
    2.371373799615E-01    6.005492178557E+00    6.005492178557E+00   -4.440295056362E-03   -4.440295056362E-03   -4.047256684889E-05   -4.047256684889E-05    5.114679474706E+00   -3.781652745716E-03   -3.431543113626E-05
    2.511886527050E-01    5.915764515945E+00    5.915764515945E+00   -3.992405210498E-03   -3.992405210498E-03   -3.847364172432E-05   -3.847364172432E-05    5.038261385958E+00   -3.400199746784E-03   -3.257683394847E-05
    2.660725156783E-01    5.803776817215E+00    5.803776817215E+00   -3.487602284550E-03   -3.487602284550E-03   -3.603249305515E-05   -3.603249305515E-05    4.942885159151E+00   -2.970275755985E-03   -3.047060025540E-05
    2.818383029529E-01    5.668192170243E+00    5.668192170243E+00   -2.928372705776E-03   -2.928372705776E-03   -3.312470979388E-05   -3.312470979388E-05    4.827412190352E+00   -2.493998381348E-03   -2.797553999265E-05
    2.985382718274E-01    5.507831053915E+00    5.507831053915E+00   -2.318920494768E-03   -2.318920494768E-03   -2.973387310700E-05   -2.973387310700E-05    4.690837920361E+00   -1.974948048457E-03   -2.507715583248E-05
    3.162277760400E-01    5.321733438773E+00    5.321733438773E+00   -1.665435103380E-03   -1.665435103380E-03   -2.585431106319E-05   -2.585431106319E-05    4.532344723774E+00   -1.418396109169E-03   -2.176999095374E-05
    3.349654492440E-01    5.109231315352E+00    5.109231315352E+00   -9.763547231788E-04   -9.763547231788E-04   -2.149427172368E-05   -2.149427172368E-05    4.351363678977E+00   -8.315290927370E-04   -1.806033642725E-05
    3.548133993551E-01    4.870032113094E+00    4.870032113094E+00   -2.626081240371E-04   -2.626081240371E-04   -1.667949555608E-05   -1.667949555608E-05    4.147645613283E+00   -2.236546717520E-04   -1.396928197285E-05
    3.758374144141E-01    4.604313033433E+00    4.604313033433E+00    4.621884329831E-04    4.621884329831E-04   -1.145712274504E-05   -1.145712274504E-05    3.921341443306E+00    3.936306336496E-04   -9.536055968197E-06
    3.981071806482E-01    4.312825641072E+00    4.312825641072E+00    1.181610752322E-03    1.181610752322E-03   -5.899809913244E-06   -5.899809913244E-06    3.673091251895E+00    1.006338878198E-03   -4.821548141307E-06
    4.216965134532E-01    3.997009065536E+00    3.997009065536E+00    1.876424155437E-03    1.876424155437E-03   -1.098426153674E-07   -1.098426153674E-07    3.404120698168E+00    1.598088521025E-03    8.816667698124E-08
    4.466836020616E-01    3.659108747135E+00    3.659108747135E+00    2.524751923637E-03    2.524751923637E-03    5.777094682942E-06    5.777094682942E-06    3.116342149526E+00    2.150247882873E-03    5.078591680706E-06
    4.731512687095E-01    3.302295687070E+00    3.302295687070E+00    3.102481270417E-03    3.102481270417E-03    1.158899781629E-05    1.158899781629E-05    2.812456243033E+00    2.642280899327E-03    1.000428971195E-05
    5.011872431586E-01    2.930778455332E+00    2.930778455332E+00    3.583987839560E-03    3.583987839560E-03    1.711620475041E-05    1.711620475041E-05    2.496047278843E+00    3.052364151942E-03    1.468770842368E-05
    5.308844534858E-01    2.549896560184E+00    2.549896560184E+00    3.943274524105E-03    3.943274524105E-03    2.211267750655E-05    2.211267750655E-05    2.171662739910E+00    3.358356762762E-03    1.892023343525E-05
    5.623413341023E-01    2.166178907950E+00    2.166178907950E+00    4.155632414014E-03    4.155632414014E-03    2.630132598671E-05    2.630132598671E-05    1.844863080264E+00    3.539214968637E-03    2.246668187256E-05
    5.956621520251E-01    1.787344667923E+00    1.787344667923E+00    4.199937709433E-03    4.199937709433E-03    2.938530413266E-05    2.938530413266E-05    1.522222461615E+00    3.576948326430E-03    2.507488260831E-05
    6.309573524797E-01    1.422215438867E+00    1.422215438867E+00    4.061688885828E-03    4.061688885828E-03    3.106780416459E-05    3.106780416459E-05    1.211253948470E+00    3.459206366326E-03    2.649249745483E-05
    6.683439249830E-01    1.080496746321E+00    1.080496746321E+00    3.736850639374E-03    3.736850639374E-03    3.108360765021E-05    3.108360765021E-05    9.202234165966E-01    3.182552353243E-03    2.649386291493E-05
    7.079457911159E-01    7.723728528096E-01    7.723728528096E-01    3.236475301084E-03    3.236475301084E-03    2.924638896828E-05    2.924638896828E-05    6.578044662502E-01    2.756399192718E-03    2.492026074686E-05
    7.498942152746E-01    5.078409162772E-01    5.078409162772E-01    2.591866078691E-03    2.591866078691E-03    2.551633958964E-05    2.551633958964E-05    4.325113468923E-01    2.207406793601E-03    2.173751454787E-05
    7.943282397597E-01    2.956876338236E-01    2.956876338236E-01    1.859614156168E-03    1.859614156168E-03    2.009242479296E-05    2.009242479296E-05    2.518273984340E-01    1.583771999469E-03    1.711459146289E-05
    8.413951456455E-01    1.419823872649E-01    1.419823872649E-01    1.124915475213E-03    1.124915475213E-03    1.353058356123E-05    1.353058356123E-05    1.209217130457E-01    9.580533819353E-04    1.152433192197E-05
    8.912509409587E-01    4.792387603481E-02    4.792387603481E-02    4.994188324857E-04    4.994188324857E-04    6.876834715463E-06    6.876834715463E-06    4.081518347136E-02    4.253385361014E-04    5.856911238834E-06
    9.440608777821E-01    6.829988379101E-03    6.829988379101E-03    1.038745741014E-04    1.038745741014E-04    1.753298098868E-06    1.753298098868E-06    5.816875675869E-03    8.846654633854E-05    1.493232409726E-06
