# Q1 =   100.0000 , Q2 =   500.0000
# x  F1Wp(LO) F1Wm(LO) F1Wp(NLO) F1Wm(NLO) F1Wp(NNLO) F1Wm(NNLO) F1Z(LO) F1Z(NLO) F1Z(NNLO)
    1.000000316960E-05    2.455639554774E+05    2.455639554774E+05   -4.068551585093E+02   -4.068551585093E+02    2.144324432176E+00    2.144324432176E+00    2.091387159395E+05   -3.465051100775E+02    2.293053024492E+00
    1.059254059240E-05    2.305058920111E+05    2.305058920111E+05   -3.818430112261E+02   -3.818430112261E+02    1.982606073426E+00    1.982606073426E+00    1.963142602829E+05   -3.252030897727E+02    2.125350314932E+00
    1.122018806381E-05    2.163716493660E+05    2.163716493660E+05   -3.583666378210E+02   -3.583666378210E+02    1.832457514932E+00    1.832457514932E+00    1.842765923286E+05   -3.052090373912E+02    1.969391694194E+00
    1.188502598494E-05    2.031045450830E+05    2.031045450830E+05   -3.363317887208E+02   -3.363317887208E+02    1.693078489756E+00    1.693078489756E+00    1.729774374971E+05   -2.864426836827E+02    1.824377511178E+00
    1.258925802843E-05    1.906513746076E+05    1.906513746076E+05   -3.156499975562E+02   -3.156499975562E+02    1.563722833642E+00    1.563722833642E+00    1.623714832252E+05   -2.688286847590E+02    1.689561535975E+00
    1.333521844269E-05    1.789621978935E+05    1.789621978935E+05   -2.962382263098E+02   -2.962382263098E+02    1.443694884350E+00    1.443694884350E+00    1.524161972240E+05   -2.522963198820E+02    1.564247437682E+00
    1.412537978909E-05    1.679901390990E+05    1.679901390990E+05   -2.780185322421E+02   -2.780185322421E+02    1.332346123919E+00    1.332346123919E+00    1.430716568861E+05   -2.367792077932E+02    1.447785493091E+00
    1.496236113743E-05    1.576911985739E+05    1.576911985739E+05   -2.609177552537E+02   -2.609177552537E+02    1.229072035418E+00    1.229072035418E+00    1.343003891617E+05   -2.222150404504E+02    1.339569512773E+00
    1.584893674715E-05    1.480240763823E+05    1.480240763823E+05   -2.448672244280E+02   -2.448672244280E+02    1.133309169777E+00    1.133309169777E+00    1.260672202585E+05   -2.085453331006E+02    1.239033964850E+00
    1.678804526291E-05    1.389500066537E+05    1.389500066537E+05   -2.298024825818E+02   -2.298024825818E+02    1.044532403546E+00    1.044532403546E+00    1.183391345641E+05   -1.957151896880E+02    1.145651289641E+00
    1.778279945500E-05    1.304326020985E+05    1.304326020985E+05   -2.156630277164E+02   -2.156630277164E+02    9.622523803641E-01    9.622523803641E-01    1.110851422249E+05   -1.836730826577E+02    1.058929387140E+00
    1.883649653694E-05    1.224377080627E+05    1.224377080627E+05   -2.023920703326E+02   -2.023920703326E+02    8.860131179114E-01    8.860131179114E-01    1.042761548494E+05   -1.723706462675E+02    9.784092700040E-01
    1.995262909442E-05    1.149332655386E+05    1.149332655386E+05   -1.899363056369E+02   -1.899363056369E+02    8.153897740992E-01    8.153897740992E-01    9.788486883891E+04   -1.617624825838E+02    9.036628699778E-01
    2.113489666185E-05    1.078891825801E+05    1.078891825801E+05   -1.782456997237E+02   -1.782456997237E+02    7.499865615353E-01    7.499865615353E-01    9.188565587605E+04   -1.518059793803E+02    8.342909879351E-01
    2.238721798482E-05    1.012772136080E+05    1.012772136080E+05   -1.672732888773E+02   -1.672732888773E+02    6.894347974239E-01    6.894347974239E-01    8.625446013332E+04   -1.424611392128E+02    7.699213787365E-01
    2.371374400920E-05    9.507084612092E+04    9.507084612092E+04   -1.569749911919E+02   -1.569749911919E+02    6.333910847334E-01    6.333910847334E-01    8.096870178831E+04   -1.336904189728E+02    7.102069583292E-01
    2.511887163984E-05    8.924519435720E+04    8.924519435720E+04   -1.473094297422E+02   -1.473094297422E+02    5.815356125209E-01    5.815356125209E-01    7.600718645921E+04   -1.254585793015E+02    6.548241371662E-01
    2.660725831458E-05    8.377689948171E+04    8.377689948171E+04   -1.382377666093E+02   -1.382377666093E+02    5.335705690889E-01    5.335705690889E-01    7.135002019711E+04   -1.177325432261E+02    6.034712499034E-01
    2.818383744181E-05    7.864403589686E+04    7.864403589686E+04   -1.297235470959E+02   -1.297235470959E+02    4.892186602015E-01    4.892186602015E-01    6.697852969419E+04   -1.104812634818E+02    5.558671002945E-01
    2.985383475271E-05    7.382602330223E+04    7.382602330223E+04   -1.217325534863E+02   -1.217325534863E+02    4.482217256856E-01    4.482217256856E-01    6.287518738786E+04   -1.036755979706E+02    5.117495967814E-01
    3.162278562252E-05    6.930354414999E+04    6.930354414999E+04   -1.142326677917E+02   -1.142326677917E+02    4.103394478234E-01    4.103394478234E-01    5.902354116021E+04   -9.728819286138E+01    4.708744751864E-01
    3.349655341806E-05    6.505846616514E+04    6.505846616514E+04   -1.071937429116E+02   -1.071937429116E+02    3.753481455095E-01    3.753481455095E-01    5.540814835108E+04   -9.129337286385E+01    4.330141103057E-01
    3.548134893245E-05    6.107376961970E+04    6.107376961970E+04   -1.005874817020E+02   -1.005874817020E+02    3.430396486347E-01    3.430396486347E-01    5.201451381989E+04   -8.566703823385E+01    3.979564033847E-01
    3.758375097145E-05    5.733347906924E+04    5.733347906924E+04   -9.438732346250E+01   -9.438732346250E+01    3.132202474217E-01    3.132202474217E-01    4.882903180791E+04   -8.038656809922E+01    3.655037432231E-01
    3.981072815955E-05    5.382259927790E+04    5.382259927790E+04   -8.856833739063E+01   -8.856833739063E+01    2.857097116385E-01    2.857097116385E-01    4.583893136768E+04   -7.543072971993E+01    3.354720359520E-01
    4.216966203819E-05    5.052705507493E+04    5.052705507493E+04   -8.310712257046E+01   -8.310712257046E+01    2.603403753620E-01    2.603403753620E-01    4.303222514081E+04   -7.077959330806E+01    3.076897988166E-01
    4.466837153263E-05    4.743363490147E+04    4.743363490147E+04   -7.798171410319E+01   -7.798171410319E+01    2.369562821903E-01    2.369562821903E-01    4.039766127870E+04   -6.641445208273E+01    2.819973138770E-01
    4.731513886856E-05    4.452993782126E+04    4.452993782126E+04   -7.317149498847E+01   -7.317149498847E+01    2.154123894734E-01    2.154123894734E-01    3.792467831322E+04   -6.231774722601E+01    2.582458376459E-01
    5.011873702437E-05    4.180432378258E+04    4.180432378258E+04   -6.865711342155E+01   -6.865711342155E+01    1.955738226124E-01    1.955738226124E-01    3.560336279650E+04   -5.847299744451E+01    2.362968630440E-01
    5.308845881011E-05    3.924586693205E+04    3.924586693205E+04   -6.442040515992E+01   -6.442040515992E+01    1.773151820538E-01    1.773151820538E-01    3.342440953984E+04   -5.486473285239E+01    2.160214302702E-01
    5.623414766941E-05    3.684431179301E+04    3.684431179301E+04   -6.044432065490E+01   -6.044432065490E+01    1.605198954091E-01    1.605198954091E-01    3.137908429225E+04   -5.147843291179E+01    1.972994831491E-01
    5.956623030659E-05    3.459003213269E+04    3.459003213269E+04   -5.671285665408E+01   -5.671285665408E+01    1.450796132772E-01    1.450796132772E-01    2.945918870899E+04   -4.830046818082E+01    1.800192686260E-01
    6.309575124703E-05    3.247399235319E+04    3.247399235319E+04   -5.321099200039E+01   -5.321099200039E+01    1.308936455679E-01    1.308936455679E-01    2.765702746957E+04   -4.531804563578E+01    1.640767756966E-01
    6.683440944536E-05    3.048771125148E+04    3.048771125148E+04   -4.992462737063E+01   -4.992462737063E+01    1.178684358849E-01    1.178684358849E-01    2.596537741327E+04   -4.251915734824E+01    1.493752117806E-01
    7.079459706283E-05    2.862322800292E+04    2.862322800292E+04   -4.684052871112E+01   -4.684052871112E+01    1.059170709497E-01    1.059170709497E-01    2.437745856852E+04   -3.989253231210E+01    1.358245139866E-01
    7.498944054238E-05    2.687307023207E+04    2.687307023207E+04   -4.394627414543E+01   -4.394627414543E+01    9.495882333089E-02    9.495882333089E-02    2.288690695978E+04   -3.742759122458E+01    1.233408928232E-01
    7.943284411759E-05    2.523022404252E+04    2.523022404252E+04   -4.123020413721E+01   -4.123020413721E+01    8.491872490028E-02    8.491872490028E-02    2.148774908296E+04   -3.511440404360E+01    1.118464062509E-01
    8.413953589964E-05    2.368810588567E+04    2.368810588567E+04   -3.868137471355E+01   -3.868137471355E+01    7.572716906453E-02    7.572716906453E-02    2.017437794702E+04   -3.294365014779E+01    1.012685626694E-01
    8.912511669514E-05    2.224053615556E+04    2.224053615556E+04   -3.628951355638E+01   -3.628951355638E+01    6.731953990174E-02    6.731953990174E-02    1.894153058553E+04   -3.090658094546E+01    9.153994934732E-02
    9.440611171657E-05    2.088171440390E+04    2.088171440390E+04   -3.404497879126E+01   -3.404497879126E+01    5.963586633824E-02    5.963586633824E-02    1.778426694812E+04   -2.899498476781E+01    8.259788670935E-02
    1.000000253568E-04    1.960619607582E+04    1.960619607582E+04   -3.193872030011E+01   -3.193872030011E+01    5.262049980266E-02    5.262049980266E-02    1.669795008711E+04   -2.720115392884E+01    7.438410526464E-02
    1.059253992091E-04    1.840887067307E+04    1.840887067307E+04   -2.996224341087E+01   -2.996224341087E+01    4.622181369119E-02    4.622181369119E-02    1.567822755981E+04   -2.551785379671E+01    6.684444423068E-02
    1.122018735254E-04    1.728494125710E+04    1.728494125710E+04   -2.810757481502E+01   -2.810757481502E+01    4.039192321178E-02    4.039192321178E-02    1.472101397198E+04   -2.393829376774E+01    5.992857043053E-02
    1.188502523153E-04    1.622990520974E+04    1.622990520974E+04   -2.636723057552E+01   -2.636723057552E+01    3.508642444846E-02    3.508642444846E-02    1.382247459235E+04   -2.245610001974E+01    5.358971586530E-02
    1.258925723037E-04    1.523953617444E+04    1.523953617444E+04   -2.473418609803E+01   -2.473418609803E+01    3.026415084019E-02    3.026415084019E-02    1.297900997253E+04   -2.106528993758E+01    4.778443315006E-02
    1.333521759735E-04    1.430986710549E+04    1.430986710549E+04   -2.320184794480E+01   -2.320184794480E+01    2.588694657094E-02    2.588694657094E-02    1.218724151062E+04   -1.976024810709E+01    4.247236721142E-02
    1.412537889366E-04    1.343717435733E+04    1.343717435733E+04   -2.176402737697E+01   -2.176402737697E+01    2.191945532012E-02    2.191945532012E-02    1.144399790060E+04   -1.853570378538E+01    3.761604244048E-02
    1.496236018893E-04    1.261796275007E+04    1.261796275007E+04   -2.041491552155E+01   -2.041491552155E+01    1.832892336407E-02    1.832892336407E-02    1.074630241312E+04   -1.738670974692E+01    3.318066411530E-02
    1.584893574245E-04    1.184895155147E+04    1.184895155147E+04   -1.914906006444E+01   -1.914906006444E+01    1.508501626338E-02    1.508501626338E-02    1.009136095680E+04   -1.630862243418E+01    2.913393330070E-02
    1.678804419868E-04    1.112706131886E+04    1.112706131886E+04   -1.796134336559E+01   -1.796134336559E+01    1.215964804404E-02    1.215964804404E-02    9.476550871978E+03   -1.529708332285E+01    2.544587417007E-02
    1.778279832772E-04    1.044940154856E+04    1.044940154856E+04   -1.684696192594E+01   -1.684696192594E+01    9.526822146876E-03    9.526822146876E-03    8.899410412062E+03   -1.434800143133E+01    2.208867301753E-02
    1.883649534286E-04    9.813259083056E+03    9.813259083056E+03   -1.580140710949E+01   -1.580140710949E+01    7.162483208178E-03    7.162483208178E-03    8.357628870335E+03   -1.345753690313E+01    1.903652826224E-02
    1.995262782958E-04    9.216087229425E+03    9.216087229425E+03   -1.482044704916E+01   -1.482044704916E+01    5.044379174736E-03    5.044379174736E-03    7.849037312503E+03   -1.262208559674E+01    1.626551040576E-02
    2.113489532207E-04    8.655495545537E+03    8.655495545537E+03   -1.390010966320E+01   -1.390010966320E+01    3.151932819240E-03    3.151932819240E-03    7.371599877898E+03   -1.183826462124E+01    1.375343168984E-02
    2.238721656565E-04    8.129240252876E+03    8.129240252876E+03   -1.303666671323E+01   -1.303666671323E+01    1.466122151539E-03    1.466122151539E-03    6.923405614414E+03   -1.110289875904E+01    1.147972453872E-02
    2.371374250594E-04    7.635215237632E+03    7.635215237632E+03   -1.222661884080E+01   -1.222661884080E+01   -3.063087126307E-05   -3.063087126307E-05    6.502660814432E+03   -1.041300772116E+01    9.425328236004E-03
    2.511887004750E-04    7.171443603944E+03    7.171443603944E+03   -1.146668152188E+01   -1.146668152188E+01   -1.354563977833E-03   -1.354563977833E-03    6.107681820996E+03   -9.765794188745E+00    7.572583354144E-03
    2.660725662789E-04    6.736069745419E+03    6.736069745419E+03   -1.075377188319E+01   -1.075377188319E+01   -2.520670994812E-03   -2.520670994812E-03    5.736888275385E+03   -9.158632580195E+00    5.905133374806E-03
    2.818383565518E-04    6.327351903121E+03    6.327351903121E+03   -1.008499632823E+01   -1.008499632823E+01   -3.542791579550E-03   -3.542791579550E-03    5.388796779003E+03   -8.589058512347E+00    4.407833045358E-03
    2.985383286022E-04    5.943655180185E+03    5.943655180185E+03   -9.457638920604E+00   -9.457638920604E+00   -4.433694677116E-03   -4.433694677116E-03    5.062014944148E+03   -8.054758914522E+00    3.066662940594E-03
    3.162278361789E-04    5.583444985037E+03    5.583444985037E+03   -8.869150482271E+00   -8.869150482271E+00   -5.205156213056E-03   -5.205156213056E-03    4.755235809829E+03   -7.553562734952E+00    1.868649957074E-03
    3.349655129464E-04    5.245280876925E+03    5.245280876925E+03   -8.317138358678E+00   -8.317138358678E+00   -5.868031291951E-03   -5.868031291951E-03    4.467232600197E+03   -7.083432229470E+00    8.017931911783E-04
    3.548134668321E-04    4.927810789067E+03    4.927810789067E+03   -7.799356816490E+00   -7.799356816490E+00   -6.432321420302E-03   -6.432321420302E-03    4.196853804600E+03   -6.642454779584E+00   -1.450050557578E-04
    3.758374858894E-04    4.629765606257E+03    4.629765606257E+03   -7.313698021860E+00   -7.313698021860E+00   -6.907236938057E-03   -6.907236938057E-03    3.943018559507E+03   -6.228835213568E+00   -9.820035326125E-04
    3.981072563587E-04    4.349954075177E+03    4.349954075177E+03   -6.858183580946E+00   -6.858183580946E+00   -7.301255126681E-03   -7.301255126681E-03    3.704712313782E+03   -5.840888598856E+00   -1.718681894458E-03
    4.216965936497E-04    4.087258026992E+03    4.087258026992E+03   -6.430956594839E+00   -6.430956594839E+00   -7.622174198058E-03   -7.622174198058E-03    3.480982759935E+03   -5.477033475423E+00   -2.363796389056E-03
    4.466836870101E-04    3.840627893083E+03    3.840627893083E+03   -6.030274203582E+00   -6.030274203582E+00   -7.877163482847E-03   -7.877163482847E-03    3.270936015015E+03   -5.135785507479E+00   -2.925431725756E-03
    4.731513586915E-04    3.609078495914E+03    3.609078495914E+03   -5.654500586773E+00   -5.654500586773E+00   -8.072810069045E-03   -8.072810069045E-03    3.073733035831E+03   -4.815751520607E+00   -3.411049338019E-03
    5.011873384724E-04    3.391685098168E+03    3.391685098168E+03   -5.302100394257E+00   -5.302100394257E+00   -8.215162145201E-03   -8.215162145201E-03    2.888586254131E+03   -4.515623907756E+00   -3.827532322439E-03
    5.308845544473E-04    3.187579694289E+03    3.187579694289E+03   -4.971632578992E+00   -4.971632578992E+00   -8.309769271011E-03   -8.309769271011E-03    2.714756418231E+03   -4.234175376723E+00   -4.181227224385E-03
    5.623414410462E-04    2.995947529569E+03    2.995947529569E+03   -4.661744611792E+00   -4.661744611792E+00   -8.361719747441E-03   -8.361719747441E-03    2.551549628438E+03   -3.970254023040E+00   -4.477982946620E-03
    5.956622653057E-04    2.816023832812E+03    2.816023832812E+03   -4.371167044166E+00   -4.371167044166E+00   -8.375675382770E-03   -8.375675382770E-03    2.398314554366E+03   -3.722778699327E+00   -4.723186931380E-03
    6.309574724727E-04    2.647090749475E+03    2.647090749475E+03   -4.098708411599E+00   -4.098708411599E+00   -8.355903717343E-03   -8.355903717343E-03    2.254439822995E+03   -3.490734674581E+00   -4.921798823761E-03
    6.683440520859E-04    2.488474462977E+03    2.488474462977E+03   -3.843250446151E+00   -3.843250446151E+00   -8.306307976789E-03   -8.306307976789E-03    2.119351566982E+03   -3.273169556905E+00   -5.078381781787E-03
    7.079459257502E-04    2.339542492639E+03    2.339542492639E+03   -3.603743583466E+00   -3.603743583466E+00   -8.230454858634E-03   -8.230454858634E-03    1.992511123406E+03   -3.069189466980E+00   -5.197131574829E-03
    7.498943578865E-04    2.199701157410E+03    2.199701157410E+03   -3.379202745466E+00   -3.379202745466E+00   -8.131600321437E-03   -8.131600321437E-03    1.873412873713E+03   -2.877955446319E+00   -5.281903664496E-03
    7.943283908219E-04    2.068393195212E+03    2.068393195212E+03   -3.168703381795E+00   -3.168703381795E+00   -8.012713512409E-03   -8.012713512409E-03    1.761582216183E+03   -2.698680085900E+00   -5.336238367416E-03
    8.413953056587E-04    1.945095528351E+03    1.945095528351E+03   -2.971377753925E+00   -2.971377753925E+00   -7.876498957271E-03   -7.876498957271E-03    1.656573662809E+03   -2.530624361458E+00   -5.363384241556E-03
    8.912511104532E-04    1.829317166042E+03    1.829317166042E+03   -2.786411448663E+00   -2.786411448663E+00   -7.725417160047E-03   -7.725417160047E-03    1.557969052943E+03   -2.373094663340E+00   -5.366319825764E-03
    9.440610573198E-04    1.720597235615E+03    1.720597235615E+03   -2.613040101072E+00   -2.613040101072E+00   -7.561703666522E-03   -7.561703666522E-03    1.465375876545E+03   -2.225440009606E+00   -5.347773841285E-03
    1.000000190176E-03    1.618503134525E+03    1.618503134525E+03   -2.450546327720E+00   -2.450546327720E+00   -7.387386789142E-03   -7.387386789142E-03    1.378425700305E+03   -2.087049426017E+00   -5.310243953025E-03
    1.059253924943E-03    1.522628795747E+03    1.522628795747E+03   -2.298256836200E+00   -2.298256836200E+00   -7.204303968780E-03   -7.204303968780E-03    1.296772690340E+03   -1.957349491650E+00   -5.256014201390E-03
    1.122018664127E-03    1.432593059597E+03    1.432593059597E+03   -2.155539718348E+00   -2.155539718348E+00   -7.014116989623E-03   -7.014116989623E-03    1.220092225528E+03   -1.835802033631E+00   -5.187171203778E-03
    1.188502447811E-03    1.348038145446E+03    1.348038145446E+03   -2.021801915514E+00   -2.021801915514E+00   -6.818326048101E-03   -6.818326048101E-03    1.148079595915E+03   -1.721901961029E+00   -5.105619163061E-03
    1.258925643231E-03    1.268628217211E+03    1.268628217211E+03   -1.896486825042E+00   -1.896486825042E+00   -6.618282785548E-03   -6.618282785548E-03    1.080448780996E+03   -1.615175234551E+00   -5.013093839408E-03
    1.333521675200E-03    1.194048036853E+03    1.194048036853E+03   -1.779072065683E+00   -1.779072065683E+00   -6.415202354363E-03   -6.415202354363E-03    1.016931302935E+03   -1.515176959327E+00   -4.911175497916E-03
    1.412537799822E-03    1.124001700492E+03    1.124001700492E+03   -1.669067374976E+00   -1.669067374976E+00   -6.210174586189E-03   -6.210174586189E-03    9.572751501644E+02   -1.421489595003E+00   -4.801300930347E-03
    1.496235924044E-03    1.058211452059E+03    1.058211452059E+03   -1.566012636540E+00   -1.566012636540E+00   -6.004174325304E-03   -6.004174325304E-03    9.012437670093E+02   -1.333721275642E+00   -4.684774606007E-03
    1.584893473776E-03    9.964165697505E+02    9.964165697505E+02   -1.469476028363E+00   -1.469476028363E+00   -5.798070987349E-03   -5.798070987349E-03    8.486151053125E+02   -1.251504232688E+00   -4.562779017614E-03
    1.678804313446E-03    9.383723207823E+02    9.383723207823E+02   -1.379052284697E+00   -1.379052284697E+00   -5.592637396532E-03   -5.592637396532E-03    7.991807342409E+02   -1.174493314681E+00   -4.436384273948E-03
    1.778279720043E-03    8.838489802886E+02    8.838489802886E+02   -1.294361064585E+00   -1.294361064585E+00   -5.388557963173E-03   -5.388557963173E-03    7.527450047081E+02   -1.102364597781E+00   -4.306556994852E-03
    1.883649414877E-03    8.326309104054E+02    8.326309104054E+02   -1.215045420445E+00   -1.215045420445E+00   -5.186436224449E-03   -5.186436224449E-03    7.091242650623E+02   -1.034814080668E+00   -4.174168561108E-03
    1.995262656475E-03    7.845156958554E+02    7.845156958554E+02   -1.140770360587E+00   -1.140770360587E+00   -4.986801825219E-03   -4.986801825219E-03    6.681461248927E+02   -9.715564637217E-01   -4.040002747639E-03
    2.113489398229E-03    7.393133325660E+02    7.393133325660E+02   -1.071221499384E+00   -1.071221499384E+00   -4.790116958291E-03   -4.790116958291E-03    6.296487640020E+02   -9.123239949132E-01   -3.904762808040E-03
    2.238721514648E-03    6.968454660654E+02    6.968454660654E+02   -1.006103792999E+00   -1.006103792999E+00   -4.596782309013E-03   -4.596782309013E-03    5.934802837731E+02   -8.568653936227E-01   -3.769078030732E-03
    2.371374100268E-03    6.569446766029E+02    6.569446766029E+02   -9.451403470645E-01   -9.451403470645E-01   -4.407142540914E-03   -4.407142540914E-03    5.594980983300E+02   -8.049448388440E-01   -3.633509810551E-03
    2.511886845517E-03    6.194538081260E+02    6.194538081260E+02   -8.880713031125E-01   -8.880713031125E-01   -4.221491355564E-03   -4.221491355564E-03    5.275683630499E+02   -7.563410176976E-01   -3.498557269388E-03
    2.660725494121E-03    5.842253384238E+02    5.842253384238E+02   -8.346527904739E-01   -8.346527904739E-01   -4.040076156347E-03   -4.040076156347E-03    4.975654381349E+02   -7.108462335836E-01   -3.364662457479E-03
    2.818383386855E-03    5.511207879100E+02    5.511207879100E+02   -7.846559430281E-01   -7.846559430281E-01   -3.863102346867E-03   -3.863102346867E-03    4.693713850918E+02   -6.682655687808E-01   -3.232215165596E-03
    2.985383096773E-03    5.200101646742E+02    5.200101646742E+02   -7.378659762568E-01   -7.378659762568E-01   -3.690737289220E-03   -3.690737289220E-03    4.428754941010E+02   -6.284160984040E-01   -3.101557375490E-03
    3.162278161326E-03    4.907714435770E+02    4.907714435770E+02   -6.940813208919E-01   -6.940813208919E-01   -3.523113948189E-03   -3.523113948189E-03    4.179738403786E+02   -5.911261525606E-01   -2.972987374537E-03
    3.349654917123E-03    4.632900772989E+02    4.632900772989E+02   -6.531128096872E-01   -6.531128096872E-01   -3.360334241406E-03   -3.360334241406E-03    3.945688677535E+02   -5.562346237502E-01   -2.846763555636E-03
    3.548134443398E-03    4.374585373824E+02    4.374585373824E+02   -6.147829138233E-01   -6.147829138233E-01   -3.202472134408E-03   -3.202472134408E-03    3.725689977874E+02   -5.235903165371E-01   -2.723107939057E-03
    3.758374620643E-03    4.131758834288E+02    4.131758834288E+02   -5.789250276119E-01   -5.789250276119E-01   -3.049576450119E-03   -3.049576450119E-03    3.518882628742E+02   -4.930513383554E-01   -2.602209403230E-03
    3.981072311218E-03    3.903473587173E+02    3.903473587173E+02   -5.453827933356E-01   -5.453827933356E-01   -2.901673493911E-03   -2.901673493911E-03    3.324459618423E+02   -4.644845244976E-01   -2.484226687361E-03
    4.216965669175E-03    3.688840106301E+02    3.688840106301E+02   -5.140094724508E-01   -5.140094724508E-01   -2.758769427930E-03   -2.758769427930E-03    3.141663366832E+02   -4.377649025896E-01   -2.369291155980E-03
    4.466836586940E-03    3.487023343583E+02    3.487023343583E+02   -4.846673515131E-01   -4.846673515131E-01   -2.620852473753E-03   -2.620852473753E-03    2.969782691071E+02   -4.127751866359E-01   -2.257509341310E-03
    4.731513286975E-03    3.297239384612E+02    3.297239384612E+02   -4.572271866285E-01   -4.572271866285E-01   -2.487894903583E-03   -2.487894903583E-03    2.808149957115E+02   -3.894053038778E-01   -2.148965296224E-03
    5.011873067012E-03    3.118752309374E+02    3.118752309374E+02   -4.315676804816E-01   -4.315676804816E-01   -2.359854888948E-03   -2.359854888948E-03    2.656138406174E+02   -3.675519493952E-01   -2.043722757498E-03
    5.308845207934E-03    2.950871245497E+02    2.950871245497E+02   -4.075749926810E-01   -4.075749926810E-01   -2.236678180113E-03   -2.236678180113E-03    2.513159645055E+02   -3.471181690839E-01   -1.941827139444E-03
    5.623414053982E-03    2.792947602227E+02    2.792947602227E+02   -3.851422794561E-01   -3.851422794561E-01   -2.118299641544E-03   -2.118299641544E-03    2.378661290418E+02   -3.280129676314E-01   -1.843307366504E-03
    5.956622275455E-03    2.644372474013E+02    2.644372474013E+02   -3.641692618008E-01   -3.641692618008E-01   -2.004644656429E-03   -2.004644656429E-03    2.252124757502E+02   -3.101509407176E-01   -1.748177561305E-03
    6.309574324750E-03    2.504574203331E+02    2.504574203331E+02   -3.445618200414E-01   -3.445618200414E-01   -1.895630406955E-03   -1.895630406955E-03    2.133063184462E+02   -2.934519297229E-01   -1.656438594708E-03
    6.683440097183E-03    2.373016092959E+02    2.373016092959E+02   -3.262316132951E-01   -3.262316132951E-01   -1.791167038397E-03   -1.791167038397E-03    2.021019483988E+02   -2.778406976332E-01   -1.568079510169E-03
    7.079458808720E-03    2.249194258531E+02    2.249194258531E+02   -3.090957222667E-01   -3.090957222667E-01   -1.691158723331E-03   -1.691158723331E-03    1.915564514397E+02   -2.632466248215E-01   -1.483078829449E-03
    7.498943103492E-03    2.132635612764E+02    2.132635612764E+02   -2.930763140445E-01   -2.930763140445E-01   -1.595504624674E-03   -1.595504624674E-03    1.816295362864E+02   -2.496034235659E-01   -1.401405753833E-03
    7.943283404678E-03    2.022895973325E+02    2.022895973325E+02   -2.781003272841E-01   -2.781003272841E-01   -1.504099769111E-03   -1.504099769111E-03    1.722833733957E+02   -2.368488699307E-01   -1.323021259886E-03
    8.413952523210E-03    1.919558286653E+02    1.919558286653E+02   -2.640991769499E-01   -2.640991769499E-01   -1.416835841403E-03   -1.416835841403E-03    1.634824436921E+02   -2.249245523049E-01   -1.247879104558E-03
    8.912510539550E-03    1.822230960713E+02    1.822230960713E+02   -2.510084770879E-01   -2.510084770879E-01   -1.333601898519E-03   -1.333601898519E-03    1.551933965748E+02   -2.137756352964E-01   -1.175926746377E-03
    9.440609974739E-03    1.730546299982E+02    1.730546299982E+02   -2.387677805155E-01   -2.387677805155E-01   -1.254285017242E-03   -1.254285017242E-03    1.473849166293E+02   -2.033506380350E-01   -1.107106182635E-03
    1.000000126784E-02    1.644159036374E+02    1.644159036374E+02   -2.273203353507E-01   -2.273203353507E-01   -1.178770875303E-03   -1.178770875303E-03    1.400275985126E+02   -1.936012268158E-01   -1.041354715489E-03
    1.059253857795E-02    1.562744950244E+02    1.562744950244E+02   -2.166128549006E-01   -2.166128549006E-01   -1.106944273306E-03   -1.106944273306E-03    1.330938295074E+02   -1.844820191213E-01   -9.786056496689E-04
    1.122018593000E-02    1.485999575953E+02    1.485999575953E+02   -2.065953034486E-01   -2.065953034486E-01   -1.038689604141E-03   -1.038689604141E-03    1.265576792804E+02   -1.759504011831E-01   -9.187889314521E-04
    1.188502372469E-02    1.413636986830E+02    1.413636986830E+02   -1.972206942536E-01   -1.972206942536E-01   -9.738912659617E-04   -9.738912659617E-04    1.203947964006E+02   -1.679663559447E-01   -8.618317156880E-04
    1.258925563425E-02    1.345388654577E+02    1.345388654577E+02   -1.884449005015E-01   -1.884449005015E-01   -9.124340349301E-04   -9.124340349301E-04    1.145823111990E+02   -1.604923020547E-01   -8.076588950084E-04
    1.333521590666E-02    1.281002378680E+02    1.281002378680E+02   -1.802264778199E-01   -1.802264778199E-01   -8.542033949959E-04   -8.542033949959E-04    1.090987445905E+02   -1.534929427092E-01   -7.561935677580E-04
    1.412537710278E-02    1.220241281485E+02    1.220241281485E+02   -1.725264978649E-01   -1.725264978649E-01   -7.990858223654E-04   -7.990858223654E-04    1.039239224869E+02   -1.469351239226E-01   -7.073574694115E-04
    1.496235829195E-02    1.162882864921E+02    1.162882864921E+02   -1.653083923069E-01   -1.653083923069E-01   -7.469690404586E-04   -7.469690404586E-04    9.903889546199E+01   -1.407877016554E-01   -6.610713503946E-04
    1.584893373306E-02    1.108718125103E+02    1.108718125103E+02   -1.585378066342E-01   -1.585378066342E-01   -6.977422391940E-04   -6.977422391940E-04    9.442586334464E+01   -1.350214173040E-01   -6.172553235276E-04
    1.678804207023E-02    1.057550721366E+02    1.057550721366E+02   -1.521824630390E-01   -1.521824630390E-01   -6.512962637596E-04   -6.512962637596E-04    9.006810444856E+01   -1.296087809247E-01   -5.758291710848E-04
    1.778279607314E-02    1.009196196260E+02    1.009196196260E+02   -1.462120320109E-01   -1.462120320109E-01   -6.075237726013E-04   -6.075237726013E-04    8.594990914137E+01   -1.245239618747E-01   -5.367126165140E-04
    1.883649295469E-02    9.634812435012E+01    9.634812435012E+01   -1.405980121215E-01   -1.405980121215E-01   -5.663193745829E-04   -5.663193745829E-04    8.205651749902E+01   -1.197426864279E-01   -4.998255691132E-04
    1.995262529991E-02    9.202430209806E+01    9.202430209806E+01   -1.353136180526E-01   -1.353136180526E-01   -5.275797387133E-04   -5.275797387133E-04    7.837406079649E+01   -1.152421424130E-01   -4.650883369437E-04
    2.113489264250E-02    8.793285060520E+01    8.793285060520E+01   -1.303336742055E-01   -1.303336742055E-01   -4.912036853550E-04   -4.912036853550E-04    7.488950660009E+01   -1.110008886036E-01   -4.324218157196E-04
    2.238721372731E-02    8.405938905623E+01    8.405938905623E+01   -1.256345178197E-01   -1.256345178197E-01   -4.570922512122E-04   -4.570922512122E-04    7.159060724404E+01   -1.069987722074E-01   -4.017476480845E-04
    2.371373949942E-02    8.039040132057E+01    8.039040132057E+01   -1.211939061283E-01   -1.211939061283E-01   -4.251487468132E-04   -4.251487468132E-04    6.846585148604E+01   -1.032168497941E-01   -3.729883689826E-04
    2.511886686283E-02    7.691318270962E+01    7.691318270962E+01   -1.169909308815E-01   -1.169909308815E-01   -3.952787817008E-04   -3.952787817008E-04    6.550441916215E+01   -9.963731449735E-02   -3.460675186478E-04
    2.660725325452E-02    7.361579001463E+01    7.361579001463E+01   -1.130059385985E-01   -1.130059385985E-01   -3.673902893178E-04   -3.673902893178E-04    6.269613863565E+01   -9.624342809627E-02   -3.209097444534E-04
    2.818383208192E-02    7.048699466155E+01    7.048699466155E+01   -1.092204565707E-01   -1.092204565707E-01   -3.413935267562E-04   -3.413935267562E-04    6.003144690062E+01   -9.301945799464E-02   -2.974408836621E-04
    2.985382907523E-02    6.751623878281E+01    6.751623878281E+01   -1.056171231528E-01   -1.056171231528E-01   -3.172010709258E-04   -3.172010709258E-04    5.750135216973E+01   -8.995061785207E-02   -2.755880285207E-04
    3.162277960863E-02    6.469359403774E+01    6.469359403774E+01   -1.021796244869E-01   -1.021796244869E-01   -2.947277899432E-04   -2.947277899432E-04    5.509739880292E+01   -8.702301369446E-02   -2.552795723036E-04
    3.349654704782E-02    6.200972301950E+01    6.200972301950E+01   -9.889263500623E-02   -9.889263500623E-02   -2.738908189768E-04   -2.738908189768E-04    5.281163443897E+01   -8.422359324219E-02   -2.364452507581E-04
    3.548134218475E-02    5.945584310785E+01    5.945584310785E+01   -9.574176226999E-02   -9.574176226999E-02   -2.546095178550E-04   -2.546095178550E-04    5.063657921009E+01   -8.154009892861E-02   -2.190161647083E-04
    3.758374382392E-02    5.702369261835E+01    5.702369261835E+01   -9.271349780138E-02   -9.271349780138E-02   -2.368054135017E-04   -2.368054135017E-04    4.856519691232E+01   -7.896102602982E-02   -2.029247854837E-04
    3.981072058850E-02    5.470549911739E+01    5.470549911739E+01   -8.979517046351E-02   -8.979517046351E-02   -2.204021484021E-04   -2.204021484021E-04    4.659086802050E+01   -7.647558295677E-02   -1.881049615932E-04
    4.216965401853E-02    5.249394979598E+01    5.249394979598E+01   -8.697490464499E-02   -8.697490464499E-02   -2.053254116498E-04   -2.053254116498E-04    4.470736445656E+01   -7.407365564318E-02   -1.744919069366E-04
    4.466836303778E-02    5.038216378161E+01    5.038216378161E+01   -8.424158230287E-02   -8.424158230287E-02   -1.915028675817E-04   -1.915028675817E-04    4.290882600849E+01   -7.174577521884E-02   -1.620221836861E-04
    4.731512987035E-02    4.836366628830E+01    4.836366628830E+01   -8.158480916276E-02   -8.158480916276E-02   -1.788640783337E-04   -1.788640783337E-04    4.118973831479E+01   -6.948308922331E-02   -1.506336767143E-04
    5.011872749299E-02    4.643236450678E+01    4.643236450678E+01   -7.899488404092E-02   -7.899488404092E-02   -1.673404228303E-04   -1.673404228303E-04    3.954491233089E+01   -6.727733547860E-02   -1.402655622253E-04
    5.308844871396E-02    4.458252516613E+01    4.458252516613E+01   -7.646277211873E-02   -7.646277211873E-02   -1.568650086426E-04   -1.568650086426E-04    3.796946521918E+01   -6.512081932788E-02   -1.308582672953E-04
    5.623413697503E-02    4.280875365261E+01    4.280875365261E+01   -7.398008189786E-02   -7.398008189786E-02   -1.473725828386E-04   -1.473725828386E-04    3.645880256518E+01   -6.300639400899E-02   -1.223534265707E-04
    5.956621897853E-02    4.110597464698E+01    4.110597464698E+01   -7.153904551004E-02   -7.153904551004E-02   -1.387994430632E-04   -1.387994430632E-04    3.500860188702E+01   -6.092744388491E-02   -1.146938361337E-04
    6.309573924774E-02    3.946941420197E+01    3.946941420197E+01   -6.913250277290E-02   -6.913250277290E-02   -1.310833458532E-04   -1.310833458532E-04    3.361479737136E+01   -5.887787086463E-02   -1.078234033072E-04
    6.683439673506E-02    3.789458320302E+01    3.789458320302E+01   -6.675388806253E-02   -6.675388806253E-02   -1.241634145591E-04   -1.241634145591E-04    3.227356578751E+01   -5.685208322297E-02   -1.016870939020E-04
    7.079458359939E-02    3.637726216101E+01    3.637726216101E+01   -6.439722119927E-02   -6.439722119927E-02   -1.179800499660E-04   -1.179800499660E-04    3.098131353584E+01   -5.484498783831E-02   -9.623087992301E-05
    7.498942628119E-02    3.491348729413E+01    3.491348729413E+01   -6.205710142557E-02   -6.205710142557E-02   -1.124748453894E-04   -1.124748453894E-04    2.973466479422E+01   -5.285198506367E-02   -9.140168937695E-05
    7.943282901137E-02    3.349953786043E+01    3.349953786043E+01   -5.972870458858E-02   -5.972870458858E-02   -1.075904996297E-04   -1.075904996297E-04    2.853045072953E+01   -5.086896632732E-02   -8.714735256863E-05
    8.413951989832E-02    3.213192470001E+01    3.213192470001E+01   -5.740778381251E-02   -5.740778381251E-02   -1.032707441365E-04   -1.032707441365E-04    2.736569973944E+01   -4.889231470530E-02   -8.341655916374E-05
    8.912509974568E-02    3.080737997413E+01    3.080737997413E+01   -5.509067368750E-02   -5.509067368750E-02   -9.946027359230E-05   -9.946027359230E-05    2.623762871356E+01   -4.691890848901E-02   -8.015881657965E-05
    9.440609376280E-02    2.952284807202E+01    2.952284807202E+01   -5.277429702216E-02   -5.277429702216E-02   -9.610468729561E-05   -9.610468729561E-05    2.514363528905E+01   -4.494612693612E-02   -7.732441668133E-05
    1.000000063392E-01    2.827547767180E+01    2.827547767180E+01   -5.045617538532E-02   -5.045617538532E-02   -9.315044361413E-05   -9.315044361413E-05    2.408129108915E+01   -4.297185924859E-02   -7.486441184920E-05
    1.059253790647E-01    2.706261494773E+01    2.706261494773E+01   -4.813444240511E-02   -4.813444240511E-02   -9.054482835581E-05   -9.054482835581E-05    2.304833593810E+01   -4.099451589911E-02   -7.273060280841E-05
    1.122018521873E-01    2.588179790876E+01    2.588179790876E+01   -4.580786016357E-02   -4.580786016357E-02   -8.823594049912E-05   -8.823594049912E-05    2.204267303937E+01   -3.901304259380E-02   -7.087553921643E-05
    1.188502297128E-01    2.473075187885E+01    2.473075187885E+01   -4.347583848943E-02   -4.347583848943E-02   -8.617270508899E-05   -8.617270508899E-05    2.106236512645E+01   -3.702693670328E-02   -6.925254326403E-05
    1.258925483619E-01    2.360738611878E+01    2.360738611878E+01   -4.113845661477E-02   -4.113845661477E-02   -8.430490439612E-05   -8.430490439612E-05    2.010563158575E+01   -3.503626570690E-02   -6.781574772491E-05
    1.333521506131E-01    2.250979158847E+01    2.250979158847E+01   -3.879648724247E-02   -3.879648724247E-02   -8.258324202502E-05   -8.258324202502E-05    1.917084655085E+01   -3.304168769019E-02   -6.652016142558E-05
    1.412537620735E-01    2.143623985509E+01    2.143623985509E+01   -3.645142276911E-02   -3.645142276911E-02   -8.095944419632E-05   -8.095944419632E-05    1.825653797255E+01   -3.104447367806E-02   -6.532176567793E-05
    1.496235734345E-01    2.038518318798E+01    2.038518318798E+01   -3.410550181948E-02   -3.410550181948E-02   -7.938638623212E-05   -7.938638623212E-05    1.736138769974E+01   -2.904653023336E-02   -6.417763158168E-05
    1.584893272837E-01    1.935525574203E+01    1.935525574203E+01   -3.176173839250E-02   -3.176173839250E-02   -7.781828800671E-05   -7.781828800671E-05    1.648423248721E+01   -2.705042427949E-02   -6.304609549729E-05
    1.678804100600E-01    1.834527597449E+01    1.834527597449E+01   -2.942394926594E-02   -2.942394926594E-02   -7.621093920748E-05   -7.621093920748E-05    1.562406605400E+01   -2.505940644010E-02   -6.188695940907E-05
    1.778279494585E-01    1.735425017185E+01    1.735425017185E+01   -2.709678089806E-02   -2.709678089806E-02   -7.452199092561E-05   -7.452199092561E-05    1.478004208711E+01   -2.307743395034E-02   -6.066174726122E-05
    1.883649176061E-01    1.638137711086E+01    1.638137711086E+01   -2.478573396403E-02   -2.478573396403E-02   -7.271130936009E-05   -7.271130936009E-05    1.395147821115E+01   -2.110919155369E-02   -5.933401373316E-05
    1.995262403507E-01    1.542605380747E+01    1.542605380747E+01   -2.249718350323E-02   -2.249718350323E-02   -7.074140004677E-05   -7.074140004677E-05    1.313786088449E+01   -1.916010866079E-02   -5.786971264217E-05
    2.113489130272E-01    1.448788228908E+01    1.448788228908E+01   -2.023839327160E-02   -2.023839327160E-02   -6.857790878291E-05   -6.857790878291E-05    1.233885116702E+01   -1.723637157283E-02   -5.623763016330E-05
    2.238721230814E-01    1.356667729474E+01    1.356667729474E+01   -1.801752147287E-02   -1.801752147287E-02   -6.619020575168E-05   -6.619020575168E-05    1.155429127810E+01   -1.534492836264E-02   -5.440988848173E-05
    2.371373799615E-01    1.266247476364E+01    1.266247476364E+01   -1.584361508493E-02   -1.584361508493E-02   -6.355205711991E-05   -6.355205711991E-05    1.078421182594E+01   -1.349348404272E-02   -5.236252340442E-05
    2.511886527050E-01    1.177554091763E+01    1.177554091763E+01   -1.372658926397E-02   -1.372658926397E-02   -6.064238849415E-05   -6.064238849415E-05    1.002883954292E+01   -1.169048302433E-02   -5.007613968299E-05
    2.660725156783E-01    1.090638167272E+01    1.090638167272E+01   -1.167718759417E-02   -1.167718759417E-02   -5.744613979101E-05   -5.744613979101E-05    9.288605300982E+00   -9.945075263516E-03   -4.753664357453E-05
    2.818383029529E-01    1.005575202316E+01    1.005575202316E+01   -9.706918379156E-03   -9.706918379156E-03   -5.395521021714E-05   -5.395521021714E-05    8.564152103837E+00   -8.267062002643E-03   -4.473605147454E-05
    2.985382718274E-01    9.224664931905E+00    9.224664931905E+00   -7.827960966017E-03   -7.827960966017E-03   -5.016948374148E-05   -5.016948374148E-05    7.856342658595E+00   -6.666815989644E-03   -4.167336631786E-05
    3.162277760400E-01    8.414399116699E+00    8.414399116699E+00   -6.053035787135E-03   -6.053035787135E-03   -4.609792143041E-05   -4.609792143041E-05    7.166266006945E+00   -5.155170796935E-03   -3.835551002931E-05
    3.349654492440E-01    7.626504952798E+00    7.626504952798E+00   -4.395230199835E-03   -4.395230199835E-03   -4.175969452127E-05   -4.175969452127E-05    6.495242552326E+00   -3.743272494796E-03   -3.479828963777E-05
    3.548133993551E-01    6.862807495355E+00    6.862807495355E+00   -2.867771799004E-03   -2.867771799004E-03   -3.718532157263E-05   -3.718532157263E-05    5.844826633974E+00   -2.442386589209E-03   -3.102736564007E-05
    3.758374144141E-01    6.125405370579E+00    6.125405370579E+00   -1.483739652643E-03   -1.483739652643E-03   -3.241775450495E-05   -3.241775450495E-05    5.216805582566E+00   -1.263652090711E-03   -2.707917545532E-05
    3.981071806482E-01    5.416663967289E+00    5.416663967289E+00   -2.557032990301E-04   -2.557032990301E-04   -2.751333686440E-05   -2.751333686440E-05    4.613193921689E+00   -2.177740601900E-04   -2.300174641827E-05
    4.216965134532E-01    4.739200986991E+00    4.739200986991E+00    8.047210762694E-04    8.047210762694E-04   -2.254252935799E-05   -2.254252935799E-05    4.036221061318E+00    6.853543805044E-04   -1.885530870103E-05
    4.466836020616E-01    4.095861959390E+00    4.095861959390E+00    1.687407844965E-03    1.687407844965E-03   -1.759026036564E-05   -1.759026036564E-05    3.488310445182E+00    1.437109567958E-03   -1.471258667840E-05
    4.731512687095E-01    3.489682798565E+00    3.489682798565E+00    2.384362080004E-03    2.384362080004E-03   -1.275571283363E-05   -1.275571283363E-05    2.972047661104E+00    2.030682486676E-03   -1.065860781862E-05
    5.011872431586E-01    2.923835847119E+00    2.923835847119E+00    2.890469919965E-03    2.890469919965E-03   -8.151300221370E-06   -8.151300221370E-06    2.490134488571E+00    2.461717829670E-03   -6.789818107654E-06
    5.308844534858E-01    2.401555125076E+00    2.401555125076E+00    3.204362100401E-03    3.204362100401E-03   -3.900506496422E-06   -3.900506496422E-06    2.045325235700E+00    2.729049439605E-03   -3.212226874798E-06
    5.623413341023E-01    1.926035644710E+00    1.926035644710E+00    3.329385776052E-03    3.329385776052E-03   -1.341767078124E-07   -1.341767078124E-07    1.640340988991E+00    2.835527977699E-03   -3.822849119609E-08
    5.956621520251E-01    1.500300683740E+00    1.500300683740E+00    3.274667415079E-03    3.274667415079E-03    3.015282987612E-06    3.015282987612E-06    1.277756574293E+00    2.788926155661E-03    2.618360261855E-06
    6.309573524797E-01    1.127029769348E+00    1.127029769348E+00    3.056228098858E-03    3.056228098858E-03    5.422470781782E-06    5.422470781782E-06    9.598540564666E-01    2.602888599716E-03    4.649622309338E-06
    6.683439249830E-01    8.083388701026E-01    8.083388701026E-01    2.698079229007E-03    2.698079229007E-03    6.981186073699E-06    6.981186073699E-06    6.884355361052E-01    2.297865028116E-03    5.963959599201E-06
    7.079457911159E-01    5.455028213334E-01    5.455028213334E-01    2.233169079753E-03    2.233169079753E-03    7.621324923652E-06    7.621324923652E-06    4.645867483818E-01    1.901916398550E-03    6.500518598412E-06
    7.498942152746E-01    3.386083703094E-01    3.386083703094E-01    1.703952642887E-03    1.703952642887E-03    7.331764048610E-06    7.331764048610E-06    2.883815730822E-01    1.451200226280E-03    6.248720380340E-06
    7.943282397597E-01    1.861243369070E-01    1.861243369070E-01    1.162176763522E-03    1.162176763522E-03    6.190665703952E-06    6.190665703952E-06    1.585159546324E-01    9.897875913636E-04    5.274114474003E-06
    8.413951456455E-01    8.437319135943E-02    8.437319135943E-02    6.671121569888E-04    6.671121569888E-04    4.404367178936E-06    4.404367178936E-06    7.185786230850E-02    5.681574057927E-04    3.751545994801E-06
    8.912509409587E-01    2.688573657115E-02    2.688573657115E-02    2.806393927099E-04    2.806393927099E-04    2.353957745543E-06    2.353957745543E-06    2.289769446272E-02    2.390113081509E-04    2.004868739488E-06
    9.440608777821E-01    3.617345311007E-03    3.617345311007E-03    5.524200124709E-05    5.524200124709E-05    6.374953475654E-07    6.374953475654E-07    3.080773609396E-03    4.704778917688E-05    5.429371559768E-07
