# create_lambda_band.py -l 8 -e 100 -lo
# LO cross-section {center, min, max}
1.6568992 1.5739593 1.7231579 


# LO ptHH {ptmin, ptmax, center, min, max}
0.0 30.0 0.0034904627 0.003204544 0.0037276482 
30.0 60.0 0.0084873804 0.0078674388 0.0090021787 
60.0 90.0 0.0097738672 0.0091579936 0.010274351 
90.0 120.0 0.0086052459 0.0081462472 0.008974888 
120.0 150.0 0.0066844157 0.0063765437 0.0069262613 
150.0 180.0 0.004895957 0.0047042085 0.0050463797 
180.0 210.0 0.0035043616 0.0033857255 0.0035928977 
210.0 240.0 0.0024963067 0.0024237865 0.0025494954 
240.0 270.0 0.001786177 0.0017441488 0.0018167 
270.0 300.0 0.0012927718 0.0012665855 0.0013106917 


# LO yHH {ptmin, ptmax, center, min, max}
-5.0 -4.9 0.0013699012 0.001353829 0.0013699012 
-4.9 -4.8 0.002247759 0.0022433295 0.0022726225 
-4.8 -4.7 0.0036314337 0.003587681 0.0036314337 
-4.7 -4.6 0.0054888054 0.0053565967 0.0055590881 
-4.6 -4.5 0.0077172265 0.0076110586 0.0078478641 
-4.5 -4.4 0.010724826 0.010493442 0.010890423 
-4.4 -4.3 0.014475811 0.014206986 0.014635291 
-4.3 -4.2 0.018857597 0.018274096 0.019139272 
-4.2 -4.1 0.023871625 0.023210083 0.024430908 
-4.1 -4.0 0.02984471 0.028804589 0.030430172 
-4.0 -3.9 0.036177905 0.035040519 0.037155203 
-3.9 -3.8 0.043491175 0.041869969 0.044748154 
-3.8 -3.7 0.051383765 0.049567384 0.052595045 
-3.7 -3.6 0.05948425 0.057222868 0.061369695 
-3.6 -3.5 0.068116406 0.065458573 0.070217816 
-3.5 -3.4 0.077624176 0.074333334 0.080063172 
-3.4 -3.3 0.087366935 0.083973428 0.090181361 
-3.3 -3.2 0.097917213 0.093460404 0.10124376 
-3.2 -3.1 0.10770668 0.10289047 0.11156101 
-3.1 -3.0 0.1179252 0.11276977 0.12191915 
-3.0 -2.9 0.12768469 0.12195602 0.13219589 
-2.9 -2.8 0.13907455 0.13257966 0.14428381 
-2.8 -2.7 0.14906211 0.14185141 0.15440928 
-2.7 -2.6 0.15969466 0.15235252 0.16591734 
-2.6 -2.5 0.17020065 0.1618538 0.1766986 
-2.5 -2.4 0.17945647 0.17109613 0.18629216 
-2.4 -2.3 0.19033679 0.18061455 0.19768747 
-2.3 -2.2 0.19936034 0.18944769 0.20755134 
-2.2 -2.1 0.20919483 0.19865115 0.21748329 
-2.1 -2.0 0.2181973 0.20756919 0.2269271 
-2.0 -1.9 0.22656606 0.2153729 0.23557406 
-1.9 -1.8 0.23537755 0.22334158 0.24496555 
-1.8 -1.7 0.24382642 0.23119978 0.25376642 
-1.7 -1.6 0.25084557 0.23785157 0.2611758 
-1.6 -1.5 0.2588479 0.24563556 0.26964181 
-1.5 -1.4 0.26655813 0.25244221 0.27774175 
-1.4 -1.3 0.2722502 0.25826384 0.28332214 
-1.3 -1.2 0.27774018 0.26329273 0.28970696 
-1.2 -1.1 0.28348168 0.26914898 0.29497979 
-1.1 -1.0 0.28895401 0.27371165 0.30159531 
-1.0 -0.9 0.29372412 0.27825175 0.3061011 
-0.9 -0.8 0.29801863 0.28219715 0.31040603 
-0.8 -0.7 0.30103577 0.28522179 0.3138403 
-0.7 -0.6 0.30476902 0.28843169 0.3176088 
-0.6 -0.5 0.30814025 0.29182107 0.32115485 
-0.5 -0.4 0.30924785 0.29323386 0.32277927 
-0.4 -0.3 0.31266833 0.29563676 0.32569164 
-0.3 -0.2 0.31356136 0.29741607 0.32682073 
-0.2 -0.1 0.31431533 0.29779014 0.32783854 
-0.1 0.0 0.31511815 0.29794018 0.32857572 
0.0 0.1 0.3146939 0.29837452 0.32800627 
0.1 0.2 0.31465299 0.29772918 0.32824487 
0.2 0.3 0.31314465 0.29665566 0.32650579 
0.3 0.4 0.31240666 0.29551488 0.32596994 
0.4 0.5 0.31072363 0.29449873 0.32368134 
0.5 0.6 0.3081521 0.29144228 0.32147032 
0.6 0.7 0.30438859 0.28887012 0.31734766 
0.7 0.8 0.30183143 0.28559244 0.31468692 
0.8 0.9 0.29820908 0.28260518 0.31111593 
0.9 1.0 0.29378062 0.27839459 0.30529924 
1.0 1.1 0.28825833 0.27332209 0.30079076 
1.1 1.2 0.28364823 0.26878264 0.29554977 
1.2 1.3 0.27762253 0.26325308 0.28907924 
1.3 1.4 0.27310383 0.2584497 0.28442071 
1.4 1.5 0.26580411 0.25224042 0.2771487 
1.5 1.6 0.25848689 0.24539104 0.26890597 
1.6 1.7 0.2515077 0.23836428 0.26201732 
1.7 1.8 0.24321522 0.23104377 0.25296943 
1.8 1.9 0.23541282 0.22335579 0.2450822 
1.9 2.0 0.22679175 0.21534798 0.23621429 
2.0 2.1 0.2176389 0.20676884 0.22623191 
2.1 2.2 0.20957034 0.19917262 0.21794344 
2.2 2.3 0.20014277 0.19025812 0.2075795 
2.3 2.4 0.18949607 0.18032239 0.19738634 
2.4 2.5 0.17994049 0.17093038 0.18697621 
2.5 2.6 0.16997894 0.16217387 0.17625211 
2.6 2.7 0.15915185 0.15135552 0.16514268 
2.7 2.8 0.14965781 0.14253894 0.15515167 
2.8 2.9 0.13860992 0.13219897 0.14359829 
2.9 3.0 0.12825574 0.12257433 0.13315114 
3.0 3.1 0.11810918 0.11267438 0.12228632 
3.1 3.2 0.10760037 0.10274981 0.11113699 
3.2 3.3 0.097184072 0.09325762 0.10044834 
3.3 3.4 0.087312515 0.0833544 0.090141346 
3.4 3.5 0.077443024 0.074516037 0.079972058 
3.5 3.6 0.068342273 0.065469144 0.070578274 
3.6 3.7 0.05968339 0.057481939 0.061378961 
3.7 3.8 0.051436335 0.049405145 0.052937548 
3.8 3.9 0.043382798 0.042028575 0.044488851 
3.9 4.0 0.036242052 0.034896286 0.037186051 
4.0 4.1 0.029685488 0.028780761 0.0302589 
4.1 4.2 0.023916286 0.023201307 0.024380388 
4.2 4.3 0.018808823 0.018363475 0.019222033 
4.3 4.4 0.014460268 0.014024161 0.014684486 
4.4 4.5 0.010741138 0.010576097 0.01096459 
4.5 4.6 0.0079677368 0.007698251 0.0080441855 
4.6 4.7 0.0054325937 0.0054071833 0.0054692941 
4.7 4.8 0.0036569881 0.0035858181 0.0036569881 
4.8 4.9 0.0022824598 0.0022824598 0.0022991747 
4.9 5.0 0.001371614 0.0013666275 0.0013978095 


# LO mHH {ptmin, ptmax, center, min, max}
0.0 200.0 0.0 0.0 0.0 
200.0 400.0 0.0062050999 0.0058503493 0.0064940115 
400.0 600.0 0.0015134936 0.0014561808 0.0015564947 
600.0 800.0 0.00031204639 0.00030585487 0.00031564829 
800.0 1000.0 0.00010617936 0.00010556489 0.00010632321 
1000.0 1200.0 4.8844772e-05 4.8496539e-05 4.9192905e-05 
1200.0 1400.0 2.734314e-05 2.6624739e-05 2.7607988e-05 
1400.0 1600.0 1.6876895e-05 1.66563e-05 1.7290068e-05 
1600.0 1800.0 1.1596043e-05 1.1059859e-05 1.1916062e-05 
1800.0 2000.0 8.1416736e-06 7.7821484e-06 8.4292582e-06 


# LO phiHH {ptmin, ptmax, center, min, max}
0.0 0.31415927 0.36572287 0.35259534 0.37595199 
0.31415927 0.62831853 0.34782036 0.33421851 0.358452 
0.62831853 0.9424778 0.33422749 0.32021969 0.34531738 
0.9424778 1.2566371 0.3357052 0.32060892 0.3477313 
1.2566371 1.5707963 0.35479495 0.33799943 0.36817201 
1.5707963 1.8849556 0.39875039 0.37879451 0.41482555 
1.8849556 2.1991149 0.47832562 0.45365006 0.49820047 
2.1991149 2.5132741 0.6158502 0.58259225 0.64272606 
2.5132741 2.8274334 0.84953167 0.80234396 0.88760104 
2.8274334 3.1415927 1.193345 1.1270453 1.2460041 


# LO ptH_h {ptmin, ptmax, center, min, max}
0.0 30.0 0.00036512111 0.00033152365 0.00039460156 
30.0 60.0 0.0035522544 0.0032570071 0.0038028649 
60.0 90.0 0.0078932931 0.0073187124 0.0083718843 
90.0 120.0 0.0096205623 0.0090159581 0.010117937 
120.0 150.0 0.008785233 0.0083061901 0.0091688523 
150.0 180.0 0.0069552555 0.0066310015 0.0072083285 
180.0 210.0 0.0051155075 0.0049146433 0.0052723793 
210.0 240.0 0.0036353243 0.0035121926 0.0037233393 
240.0 270.0 0.0025509398 0.0024815788 0.0026029125 
270.0 300.0 0.00179278 0.0017535614 0.0018176313 


# LO yH_h {ptmin, ptmax, center, min, max}
-5.0 -4.9 0.0032618365 0.0032038197 0.0032860975 
-4.9 -4.8 0.0046877234 0.0046061681 0.0046898488 
-4.8 -4.7 0.0065252984 0.0064684491 0.00656039 
-4.7 -4.6 0.0087998447 0.0086992414 0.0088511709 
-4.6 -4.5 0.011639765 0.01139659 0.011806703 
-4.5 -4.4 0.015025896 0.014717069 0.015224244 
-4.4 -4.3 0.01897897 0.01840835 0.01936823 
-4.3 -4.2 0.023636854 0.022992005 0.023979472 
-4.2 -4.1 0.029085032 0.028287051 0.029760771 
-4.1 -4.0 0.034880968 0.033875961 0.035617591 
-4.0 -3.9 0.041587579 0.040126356 0.042690377 
-3.9 -3.8 0.048194349 0.046587412 0.049562942 
-3.8 -3.7 0.056467694 0.0542832 0.057793966 
-3.7 -3.6 0.064445839 0.062108995 0.066206546 
-3.6 -3.5 0.073332806 0.070528977 0.075608221 
-3.5 -3.4 0.081818348 0.078333371 0.084399674 
-3.4 -3.3 0.091152702 0.08748349 0.094169488 
-3.3 -3.2 0.1008031 0.096804727 0.10406691 
-3.2 -3.1 0.1110386 0.10614112 0.11471464 
-3.1 -3.0 0.1203635 0.1149594 0.12466909 
-3.0 -2.9 0.13061684 0.12479902 0.13529511 
-2.9 -2.8 0.14034614 0.13382067 0.1454919 
-2.8 -2.7 0.15046959 0.1433915 0.15567219 
-2.7 -2.6 0.16028438 0.15302712 0.16638413 
-2.6 -2.5 0.17046311 0.16204521 0.17685174 
-2.5 -2.4 0.18004448 0.17141669 0.18693148 
-2.4 -2.3 0.18972173 0.1805555 0.19687814 
-2.3 -2.2 0.19846147 0.18909873 0.20649442 
-2.2 -2.1 0.20836334 0.19781301 0.21645739 
-2.1 -2.0 0.21678263 0.20591703 0.22605807 
-2.0 -1.9 0.22560598 0.21426715 0.23419148 
-1.9 -1.8 0.23321825 0.22148986 0.24282047 
-1.8 -1.7 0.24134855 0.22914813 0.25113291 
-1.7 -1.6 0.24873402 0.23567357 0.2590219 
-1.6 -1.5 0.25551021 0.24205824 0.26631555 
-1.5 -1.4 0.26263435 0.24889319 0.27315264 
-1.4 -1.3 0.26810193 0.25463925 0.27953067 
-1.3 -1.2 0.27427953 0.25955857 0.28587539 
-1.2 -1.1 0.27962861 0.26482853 0.29139362 
-1.1 -1.0 0.28396764 0.26885236 0.29616481 
-1.0 -0.9 0.28832634 0.2730674 0.30061275 
-0.9 -0.8 0.29257563 0.27693444 0.30520796 
-0.8 -0.7 0.29593227 0.28008701 0.30882763 
-0.7 -0.6 0.2999009 0.28365677 0.31226509 
-0.6 -0.5 0.30182132 0.28571607 0.31528995 
-0.5 -0.4 0.30488752 0.28841991 0.3183768 
-0.4 -0.3 0.30601183 0.28958929 0.31923106 
-0.3 -0.2 0.30770939 0.29136918 0.32080034 
-0.2 -0.1 0.30817213 0.29155855 0.32184374 
-0.1 0.0 0.30959191 0.29249289 0.32288983 
0.0 0.1 0.30942418 0.29306133 0.3229927 
0.1 0.2 0.30834595 0.29167491 0.32174819 
0.2 0.3 0.30736953 0.29089985 0.32075586 
0.3 0.4 0.30599077 0.28954141 0.31938234 
0.4 0.5 0.30491838 0.28854648 0.31811104 
0.5 0.6 0.30212184 0.28592523 0.31518213 
0.6 0.7 0.30018576 0.28377026 0.31313758 
0.7 0.8 0.29673112 0.28088825 0.30943574 
0.8 0.9 0.29288225 0.27721744 0.3056831 
0.9 1.0 0.28910459 0.27372915 0.3011401 
1.0 1.1 0.28385226 0.26904723 0.2958933 
1.1 1.2 0.27851969 0.2639836 0.29044714 
1.2 1.3 0.27410866 0.25947976 0.28560254 
1.3 1.4 0.26841312 0.25434667 0.27944981 
1.4 1.5 0.26160285 0.24794966 0.27292187 
1.5 1.6 0.25529887 0.242309 0.26591984 
1.6 1.7 0.24860329 0.23551039 0.25884389 
1.7 1.8 0.24148624 0.22921499 0.25127317 
1.8 1.9 0.23301897 0.22147629 0.24262333 
1.9 2.0 0.22499162 0.21363321 0.23380522 
2.0 2.1 0.2164642 0.20537134 0.22523089 
2.1 2.2 0.20797603 0.19789873 0.21642297 
2.2 2.3 0.19944623 0.1895275 0.20722682 
2.3 2.4 0.1896308 0.18032671 0.19704524 
2.4 2.5 0.18038107 0.17195814 0.18719865 
2.5 2.6 0.17059543 0.16226086 0.17669469 
2.6 2.7 0.16064919 0.15328019 0.16691151 
2.7 2.8 0.15072448 0.14355119 0.15619696 
2.8 2.9 0.14034405 0.13413772 0.14562789 
2.9 3.0 0.13057185 0.12489581 0.13525508 
3.0 3.1 0.12047417 0.11476799 0.12461138 
3.1 3.2 0.11048423 0.10602236 0.11407437 
3.2 3.3 0.10058419 0.09615856 0.10376592 
3.3 3.4 0.091220152 0.087440711 0.094247928 
3.4 3.5 0.082096517 0.078794717 0.084786162 
3.5 3.6 0.073002977 0.069976451 0.074937079 
3.6 3.7 0.064077245 0.061703642 0.065846245 
3.7 3.8 0.056024944 0.054287434 0.057796652 
3.8 3.9 0.048464524 0.046626796 0.049774319 
3.9 4.0 0.041325831 0.039957376 0.042259821 
4.0 4.1 0.035154771 0.033977221 0.036006481 
4.1 4.2 0.02912552 0.028152133 0.029632842 
4.2 4.3 0.023686127 0.023171187 0.024088397 
4.3 4.4 0.019129998 0.018560584 0.019478201 
4.4 4.5 0.014924444 0.014678004 0.015100522 
4.5 4.6 0.011580971 0.011254991 0.01180181 
4.6 4.7 0.0087624183 0.0086554982 0.0089661265 
4.7 4.8 0.0065287283 0.0064226567 0.0065392526 
4.8 4.9 0.0047145374 0.0046712224 0.0047145374 
4.9 5.0 0.0032811928 0.0032250526 0.0032811928 


# LO ptH_s {ptmin, ptmax, center, min, max}
0.0 30.0 0.0065347705 0.0060939418 0.0069020961 
30.0 60.0 0.013564199 0.012725587 0.014253251 
60.0 90.0 0.012301369 0.011633472 0.012839712 
90.0 120.0 0.0084523012 0.0080579649 0.008765897 
120.0 150.0 0.0052452076 0.0050327887 0.005408585 
150.0 180.0 0.0031810486 0.0030718942 0.0032609175 
180.0 210.0 0.0019513387 0.0018940011 0.0019892506 
210.0 240.0 0.0012241067 0.0011964982 0.0012432079 
240.0 270.0 0.00079259455 0.00077799813 0.00080282978 
270.0 300.0 0.00052900275 0.00052078766 0.00053269714 


# LO yH_s {ptmin, ptmax, center, min, max}
-5.0 -4.9 0.003940418 0.0039279025 0.0039692056 
-4.9 -4.8 0.0057635411 0.0055484974 0.0057635411 
-4.8 -4.7 0.0075805652 0.0075805652 0.0079046604 
-4.7 -4.6 0.010293254 0.010183788 0.010427747 
-4.6 -4.5 0.013337488 0.012891053 0.013365913 
-4.5 -4.4 0.016519813 0.016140068 0.01678077 
-4.4 -4.3 0.020691478 0.02031915 0.021052222 
-4.3 -4.2 0.025521452 0.024827345 0.025938885 
-4.2 -4.1 0.030931514 0.029854556 0.031624094 
-4.1 -4.0 0.036650848 0.035616243 0.037628351 
-4.0 -3.9 0.04302533 0.041626589 0.044204825 
-3.9 -3.8 0.050068834 0.048096086 0.051328053 
-3.8 -3.7 0.057603319 0.055426576 0.05917978 
-3.7 -3.6 0.06527116 0.062884819 0.067193893 
-3.6 -3.5 0.074281853 0.071274547 0.076387298 
-3.5 -3.4 0.082802538 0.079610587 0.085515216 
-3.4 -3.3 0.092212367 0.088279538 0.094951458 
-3.3 -3.2 0.10126119 0.097164104 0.10515962 
-3.2 -3.1 0.11105031 0.10607992 0.11455292 
-3.1 -3.0 0.12133581 0.11595734 0.1253529 
-3.0 -2.9 0.13060473 0.12438352 0.13560749 
-2.9 -2.8 0.14067726 0.13433879 0.14567159 
-2.8 -2.7 0.150609 0.14388375 0.15612937 
-2.7 -2.6 0.16089213 0.15303444 0.16717461 
-2.6 -2.5 0.17035664 0.16246754 0.17660695 
-2.5 -2.4 0.17957761 0.17077775 0.18672022 
-2.4 -2.3 0.1889055 0.17980571 0.19609851 
-2.3 -2.2 0.1986685 0.18863053 0.20614807 
-2.2 -2.1 0.20739885 0.19719802 0.21584131 
-2.1 -2.0 0.21616272 0.20507448 0.22473484 
-2.0 -1.9 0.22350325 0.21252471 0.23243397 
-1.9 -1.8 0.23262132 0.22103284 0.24236946 
-1.8 -1.7 0.23974711 0.22756878 0.24954688 
-1.7 -1.6 0.24697147 0.23371783 0.25712712 
-1.6 -1.5 0.25463392 0.24162383 0.26507316 
-1.5 -1.4 0.26109854 0.24725209 0.27258091 
-1.4 -1.3 0.26670944 0.25322125 0.27761373 
-1.3 -1.2 0.27295537 0.25823328 0.28465986 
-1.2 -1.1 0.27848741 0.26387457 0.29007824 
-1.1 -1.0 0.28258986 0.26764471 0.29499427 
-1.0 -0.9 0.28816027 0.27273081 0.30009589 
-0.9 -0.8 0.29155526 0.27605616 0.3040693 
-0.8 -0.7 0.29518339 0.27928667 0.30810245 
-0.7 -0.6 0.29847161 0.28253009 0.31113965 
-0.6 -0.5 0.30121646 0.28523517 0.31407838 
-0.5 -0.4 0.30263639 0.28677108 0.31596625 
-0.4 -0.3 0.30510647 0.28831513 0.31820393 
-0.3 -0.2 0.30618922 0.28965031 0.31927573 
-0.2 -0.1 0.3070712 0.29051777 0.32058638 
-0.1 0.0 0.30680189 0.29058182 0.32041831 
0.0 0.1 0.30746049 0.29060186 0.3207661 
0.1 0.2 0.30672971 0.29027228 0.32007551 
0.2 0.3 0.30652363 0.28978747 0.31993082 
0.3 0.4 0.30515241 0.28872907 0.31843136 
0.4 0.5 0.30289171 0.28641268 0.31597132 
0.5 0.6 0.30078175 0.28467459 0.31392153 
0.6 0.7 0.29882347 0.2827279 0.31159087 
0.7 0.8 0.29514708 0.27934926 0.30796974 
0.8 0.9 0.29167954 0.27616519 0.30410662 
0.9 1.0 0.28762227 0.27222825 0.30018756 
1.0 1.1 0.28359847 0.26863054 0.29512962 
1.1 1.2 0.27801261 0.26355954 0.29015673 
1.2 1.3 0.27302085 0.25864304 0.28446946 
1.3 1.4 0.26720551 0.25311365 0.27846852 
1.4 1.5 0.26090688 0.24719613 0.27156667 
1.5 1.6 0.25472078 0.24170097 0.26539801 
1.6 1.7 0.24715163 0.2344255 0.25750387 
1.7 1.8 0.24031427 0.22793797 0.25010084 
1.8 1.9 0.2324628 0.22070584 0.24195768 
1.9 2.0 0.22403194 0.21262916 0.23284581 
2.0 2.1 0.21557604 0.20495556 0.22464664 
2.1 2.2 0.20752907 0.19699018 0.21566893 
2.2 2.3 0.19829411 0.18874016 0.20576539 
2.3 2.4 0.18870885 0.1795604 0.19623846 
2.4 2.5 0.17957441 0.1707698 0.18693737 
2.5 2.6 0.17031801 0.16216923 0.17642652 
2.6 2.7 0.15995759 0.15226538 0.16590357 
2.7 2.8 0.15045185 0.14356931 0.15594198 
2.8 2.9 0.14078669 0.13431944 0.14586128 
2.9 3.0 0.13088524 0.12510026 0.13559583 
3.0 3.1 0.12073857 0.11543199 0.12500301 
3.1 3.2 0.11089012 0.10582092 0.11478494 
3.2 3.3 0.10181243 0.097324323 0.10507477 
3.3 3.4 0.092366134 0.088567888 0.095398017 
3.4 3.5 0.083164051 0.0796801 0.085750911 
3.5 3.6 0.074572098 0.071770745 0.076969372 
3.6 3.7 0.065757322 0.063171305 0.067383724 
3.7 3.8 0.057719537 0.055464656 0.059450087 
3.8 3.9 0.04999289 0.048540472 0.051166151 
3.9 4.0 0.043188083 0.041650494 0.044454694 
4.0 4.1 0.03684931 0.035675747 0.037766374 
4.1 4.2 0.030836573 0.029907491 0.031521883 
4.2 4.3 0.025627221 0.024755755 0.026140523 
4.3 4.4 0.020700382 0.020410312 0.021221997 
4.4 4.5 0.016917574 0.016442239 0.016917574 
4.5 4.6 0.012932098 0.012734511 0.013246454 
4.6 4.7 0.010167795 0.0099373477 0.010167795 
4.7 4.8 0.0075100128 0.0075100128 0.0076165972 
4.8 4.9 0.0055765986 0.0055044 0.0055935571 
4.9 5.0 0.0040426143 0.0040377891 0.0041940686 


