# create_lambda_band.py -l 1 -e 14 -lo
# LO cross-section {center, min, max}
0.0020782607 0.0019267729 0.0022550763 


# LO ptHH {ptmin, ptmax, center, min, max}
0.0 30.0 7.2055801e-06 6.7400349e-06 7.7330705e-06 
30.0 60.0 1.5632535e-05 1.4576003e-05 1.6845246e-05 
60.0 90.0 1.5226216e-05 1.4145366e-05 1.6484213e-05 
90.0 120.0 1.1207065e-05 1.0376858e-05 1.218554e-05 
120.0 150.0 7.3013047e-06 6.7369475e-06 7.9679419e-06 
150.0 180.0 4.5290196e-06 4.1707459e-06 4.952352e-06 
180.0 210.0 2.7989849e-06 2.5702818e-06 3.0707733e-06 
210.0 240.0 1.7517399e-06 1.6058491e-06 1.9268312e-06 
240.0 270.0 1.1125214e-06 1.0172271e-06 1.2247386e-06 
270.0 300.0 7.3404116e-07 6.7123233e-07 8.0822612e-07 


# LO yHH {ptmin, ptmax, center, min, max}
-5.0 -4.9 0.0 0.0 0.0 
-4.9 -4.8 0.0 0.0 0.0 
-4.8 -4.7 0.0 0.0 0.0 
-4.7 -4.6 0.0 0.0 0.0 
-4.6 -4.5 0.0 0.0 0.0 
-4.5 -4.4 0.0 0.0 0.0 
-4.4 -4.3 0.0 0.0 0.0 
-4.3 -4.2 0.0 0.0 0.0 
-4.2 -4.1 0.0 0.0 0.0 
-4.1 -4.0 0.0 0.0 0.0 
-4.0 -3.9 7.3846599e-14 7.3846599e-14 2.007701e-13 
-3.9 -3.8 4.2249501e-11 3.2938555e-11 4.2249501e-11 
-3.8 -3.7 5.3974042e-10 4.7416002e-10 7.4640774e-10 
-3.7 -3.6 3.9752577e-09 3.2570771e-09 3.9752577e-09 
-3.6 -3.5 1.9754705e-08 1.6233143e-08 2.3558002e-08 
-3.5 -3.4 6.4195618e-08 5.9072322e-08 7.673996e-08 
-3.4 -3.3 1.8825605e-07 1.7011864e-07 2.1659031e-07 
-3.3 -3.2 4.6961e-07 4.0951697e-07 5.1776787e-07 
-3.2 -3.1 1.0351799e-06 9.401329e-07 1.1523754e-06 
-3.1 -3.0 2.0056924e-06 1.8259961e-06 2.2227032e-06 
-3.0 -2.9 3.6110378e-06 3.3083248e-06 4.0039213e-06 
-2.9 -2.8 6.3351127e-06 5.7414106e-06 7.0245217e-06 
-2.8 -2.7 1.0147388e-05 9.3073487e-06 1.1171841e-05 
-2.7 -2.6 1.5709152e-05 1.4349077e-05 1.7170449e-05 
-2.6 -2.5 2.3529981e-05 2.1654568e-05 2.5768285e-05 
-2.5 -2.4 3.348489e-05 3.0986489e-05 3.6541268e-05 
-2.4 -2.3 4.6230823e-05 4.2586003e-05 5.0410205e-05 
-2.3 -2.2 6.148784e-05 5.6732237e-05 6.6766273e-05 
-2.2 -2.1 8.1410756e-05 7.5249047e-05 8.8766988e-05 
-2.1 -2.0 0.00010459482 9.6985699e-05 0.00011336705 
-2.0 -1.9 0.00013041678 0.00012090573 0.00014172004 
-1.9 -1.8 0.00016151998 0.00014977947 0.00017475107 
-1.8 -1.7 0.00019502249 0.00018067653 0.00021177678 
-1.7 -1.6 0.00023165271 0.00021511619 0.00025091104 
-1.6 -1.5 0.0002723166 0.00025234029 0.00029529149 
-1.5 -1.4 0.00031369982 0.00029111018 0.00033998006 
-1.4 -1.3 0.00035972661 0.00033382897 0.00038967408 
-1.3 -1.2 0.00040460848 0.00037556852 0.00043801103 
-1.2 -1.1 0.00045143571 0.00041894938 0.00048932998 
-1.1 -1.0 0.00049792248 0.00046209112 0.0005400531 
-1.0 -0.9 0.00054384601 0.00050476518 0.00058919323 
-0.9 -0.8 0.00058818834 0.00054523014 0.0006384996 
-0.8 -0.7 0.00062927066 0.00058384365 0.00068184465 
-0.7 -0.6 0.00066808002 0.00061923296 0.00072546194 
-0.6 -0.5 0.00070263352 0.0006514938 0.00076335061 
-0.5 -0.4 0.00073242591 0.0006790394 0.00079419244 
-0.4 -0.3 0.00075892206 0.0007029698 0.00082350443 
-0.3 -0.2 0.00077689125 0.00072054032 0.00084442814 
-0.2 -0.1 0.00078921145 0.00073079119 0.00085642225 
-0.1 0.0 0.00079238364 0.00073420477 0.00086051032 
0.0 0.1 0.00079415607 0.0007363232 0.00086258606 
0.1 0.2 0.00078961599 0.00073124338 0.00085757885 
0.2 0.3 0.00077714004 0.00072056773 0.00084415314 
0.3 0.4 0.00075565014 0.00070075378 0.00082081056 
0.4 0.5 0.00073323259 0.00067947569 0.00079562516 
0.5 0.6 0.00070286603 0.00065183445 0.00076272871 
0.6 0.7 0.00066759234 0.00061879819 0.0007244353 
0.7 0.8 0.00062850187 0.00058300392 0.00068128377 
0.8 0.9 0.00058778648 0.00054478459 0.00063837368 
0.9 1.0 0.00054375715 0.00050446438 0.00058900613 
1.0 1.1 0.00049886387 0.00046295677 0.00054082604 
1.1 1.2 0.00045234184 0.00042004232 0.0004905247 
1.2 1.3 0.00040552946 0.00037575162 0.00043904772 
1.3 1.4 0.00035944979 0.00033372389 0.00038926713 
1.4 1.5 0.00031444871 0.00029198557 0.00034113616 
1.5 1.6 0.00027212719 0.00025218518 0.00029476247 
1.6 1.7 0.00023232351 0.00021573685 0.0002517187 
1.7 1.8 0.00019483955 0.00018065479 0.00021140703 
1.8 1.9 0.00016064693 0.00014889863 0.00017421931 
1.9 2.0 0.00013130033 0.000121808 0.00014262948 
2.0 2.1 0.00010410769 9.636854e-05 0.00011289987 
2.1 2.2 8.1475191e-05 7.5440631e-05 8.8198003e-05 
2.2 2.3 6.1611853e-05 5.6935984e-05 6.7206993e-05 
2.3 2.4 4.6269304e-05 4.2630935e-05 5.0487815e-05 
2.4 2.5 3.3408667e-05 3.0756049e-05 3.6352895e-05 
2.5 2.6 2.3191179e-05 2.1344605e-05 2.5440426e-05 
2.6 2.7 1.5765658e-05 1.4487894e-05 1.7341904e-05 
2.7 2.8 1.0259869e-05 9.3946294e-06 1.124421e-05 
2.8 2.9 6.3050792e-06 5.7662012e-06 6.9744402e-06 
2.9 3.0 3.6855777e-06 3.3407701e-06 4.0956417e-06 
3.0 3.1 2.0515001e-06 1.8555904e-06 2.2583837e-06 
3.1 3.2 1.0336152e-06 9.2468194e-07 1.1631267e-06 
3.2 3.3 4.71376e-07 4.2368796e-07 5.2801552e-07 
3.3 3.4 2.0047869e-07 1.798079e-07 2.3251929e-07 
3.4 3.5 7.0112549e-08 6.1987442e-08 7.6778029e-08 
3.5 3.6 2.1033154e-08 1.7219786e-08 2.4227382e-08 
3.6 3.7 4.2856025e-09 3.7962178e-09 4.9244539e-09 
3.7 3.8 5.2591603e-10 4.0244276e-10 7.3771318e-10 
3.8 3.9 3.8775935e-11 3.4783848e-11 5.457332e-11 
3.9 4.0 1.1414453e-12 4.3909173e-13 1.1414453e-12 
4.0 4.1 0.0 0.0 0.0 
4.1 4.2 0.0 0.0 0.0 
4.2 4.3 0.0 0.0 0.0 
4.3 4.4 0.0 0.0 0.0 
4.4 4.5 0.0 0.0 0.0 
4.5 4.6 0.0 0.0 0.0 
4.6 4.7 0.0 0.0 0.0 
4.7 4.8 0.0 0.0 0.0 
4.8 4.9 0.0 0.0 0.0 
4.9 5.0 0.0 0.0 0.0 


# LO mHH {ptmin, ptmax, center, min, max}
0.0 200.0 0.0 0.0 0.0 
200.0 400.0 3.3330797e-06 3.1654317e-06 3.5139934e-06 
400.0 600.0 3.6891305e-06 3.4324371e-06 3.9831766e-06 
600.0 800.0 1.7193081e-06 1.5702867e-06 1.8981185e-06 
800.0 1000.0 7.9590189e-07 7.1637286e-07 8.9309223e-07 
1000.0 1200.0 3.88758e-07 3.4567315e-07 4.4339959e-07 
1200.0 1400.0 2.0238487e-07 1.7772198e-07 2.3277448e-07 
1400.0 1600.0 1.0990001e-07 9.5722745e-08 1.2794487e-07 
1600.0 1800.0 6.1844987e-08 5.3199292e-08 7.2825393e-08 
1800.0 2000.0 3.548965e-08 3.0567138e-08 4.2602509e-08 


# LO phiHH {ptmin, ptmax, center, min, max}
0.0 0.31415927 0.00027433253 0.00025446382 0.00029749581 
0.31415927 0.62831853 0.0002830549 0.00026251365 0.00030699021 
0.62831853 0.9424778 0.00030382276 0.0002818852 0.00032952531 
0.9424778 1.2566371 0.00034373078 0.00031892356 0.00037258098 
1.2566371 1.5707963 0.00040719135 0.0003778673 0.0004413553 
1.5707963 1.8849556 0.00050749996 0.0004709871 0.00055013065 
1.8849556 2.1991149 0.00066304436 0.00061531683 0.00071857656 
2.1991149 2.5132741 0.00090108316 0.0008360716 0.00097694671 
2.5132741 2.8274334 0.0012543845 0.0011630565 0.0013607922 
2.8274334 3.1415927 0.0016771648 0.001552023 0.0018237366 


# LO ptH_h {ptmin, ptmax, center, min, max}
0.0 30.0 9.3053383e-07 8.7769207e-07 9.889854e-07 
30.0 60.0 7.6271577e-06 7.1624453e-06 8.1514359e-06 
60.0 90.0 1.3942438e-05 1.3030869e-05 1.4984936e-05 
90.0 120.0 1.4137063e-05 1.3151228e-05 1.5279811e-05 
120.0 150.0 1.1020941e-05 1.0204615e-05 1.1975314e-05 
150.0 180.0 7.5532738e-06 6.9635284e-06 8.2500792e-06 
180.0 210.0 4.8929091e-06 4.4959855e-06 5.3633264e-06 
210.0 240.0 3.1059354e-06 2.8429658e-06 3.421402e-06 
240.0 270.0 1.9742584e-06 1.8008109e-06 2.1804995e-06 
270.0 300.0 1.2669209e-06 1.151883e-06 1.4052247e-06 


# LO yH_h {ptmin, ptmax, center, min, max}
-5.0 -4.9 0.0 0.0 0.0 
-4.9 -4.8 0.0 0.0 0.0 
-4.8 -4.7 0.0 0.0 0.0 
-4.7 -4.6 2.0227384e-13 2.0227384e-13 2.8374319e-13 
-4.6 -4.5 1.1529605e-10 7.8464403e-11 1.2642983e-10 
-4.5 -4.4 2.2394453e-09 1.6047403e-09 2.2413367e-09 
-4.4 -4.3 1.2810559e-08 8.3110525e-09 1.7356915e-08 
-4.3 -4.2 4.7933432e-08 4.0583981e-08 5.9832771e-08 
-4.2 -4.1 1.6243844e-07 1.3714326e-07 1.9260541e-07 
-4.1 -4.0 4.131641e-07 3.5277477e-07 4.9211404e-07 
-4.0 -3.9 9.2650008e-07 7.904528e-07 1.1258476e-06 
-3.9 -3.8 1.9271001e-06 1.6787898e-06 2.2417968e-06 
-3.8 -3.7 3.5880013e-06 3.1394715e-06 4.2148176e-06 
-3.7 -3.6 6.2559833e-06 5.4308352e-06 7.1974482e-06 
-3.6 -3.5 9.7914492e-06 8.679048e-06 1.111692e-05 
-3.5 -3.4 1.4936141e-05 1.3186815e-05 1.7116778e-05 
-3.4 -3.3 2.1586722e-05 1.9336498e-05 2.4434204e-05 
-3.3 -3.2 2.9795964e-05 2.6702802e-05 3.3770039e-05 
-3.2 -3.1 4.0636403e-05 3.6444104e-05 4.5626475e-05 
-3.1 -3.0 5.2587203e-05 4.7479219e-05 5.8997627e-05 
-3.0 -2.9 6.6282276e-05 6.0037089e-05 7.3762667e-05 
-2.9 -2.8 8.2665631e-05 7.4947174e-05 9.1836177e-05 
-2.8 -2.7 0.00010046958 9.1515661e-05 0.00011123999 
-2.7 -2.6 0.00011930255 0.00010874689 0.00013161674 
-2.6 -2.5 0.0001389748 0.00012723191 0.00015350224 
-2.5 -2.4 0.00015965728 0.00014633653 0.00017550258 
-2.4 -2.3 0.00018286134 0.00016745095 0.00020059005 
-2.3 -2.2 0.00020556727 0.00018909523 0.00022514485 
-2.2 -2.1 0.00022829529 0.00021004368 0.00024982709 
-2.1 -2.0 0.00025147966 0.00023145612 0.00027457633 
-2.0 -1.9 0.00027350803 0.00025307606 0.00029858932 
-1.9 -1.8 0.00029580498 0.00027320194 0.00032226608 
-1.8 -1.7 0.00031809986 0.0002939623 0.00034571187 
-1.7 -1.6 0.00033940051 0.00031407398 0.00036879461 
-1.6 -1.5 0.00035938528 0.00033288967 0.00039032485 
-1.5 -1.4 0.00038065957 0.00035295953 0.00041269818 
-1.4 -1.3 0.00039842729 0.0003696687 0.00043240628 
-1.3 -1.2 0.00041620077 0.00038676312 0.000450493 
-1.2 -1.1 0.00043131125 0.00040105621 0.00046704853 
-1.1 -1.0 0.00044753663 0.0004162279 0.00048295396 
-1.0 -0.9 0.00046087254 0.00042817071 0.00049925686 
-0.9 -0.8 0.0004739895 0.00044115436 0.00051225632 
-0.8 -0.7 0.00048361852 0.000450028 0.00052232085 
-0.7 -0.6 0.00049496593 0.0004613674 0.00053365557 
-0.6 -0.5 0.00050297933 0.0004688644 0.0005428543 
-0.5 -0.4 0.00050981064 0.00047505193 0.00055033938 
-0.4 -0.3 0.00051721291 0.00048193106 0.00055703244 
-0.3 -0.2 0.00052116575 0.00048595623 0.0005618907 
-0.2 -0.1 0.00052272389 0.00048735147 0.00056366551 
-0.1 0.0 0.0005244329 0.00048854512 0.00056490706 
0.0 0.1 0.00052575347 0.00049055919 0.0005671795 
0.1 0.2 0.00052273383 0.00048731613 0.0005640358 
0.2 0.3 0.00051948276 0.00048455914 0.00055951713 
0.3 0.4 0.00051546139 0.00048067881 0.00055596916 
0.4 0.5 0.0005107385 0.00047593599 0.00055060984 
0.5 0.6 0.00050321222 0.00046874195 0.00054349869 
0.6 0.7 0.00049334959 0.00045922339 0.00053241734 
0.7 0.8 0.00048367701 0.00045066956 0.00052263282 
0.8 0.9 0.00047488035 0.00044240979 0.00051295565 
0.9 1.0 0.0004599228 0.00042750984 0.00049711883 
1.0 1.1 0.00044793525 0.00041618669 0.00048401708 
1.1 1.2 0.00043318481 0.00040243913 0.00046941872 
1.2 1.3 0.00041596086 0.00038629371 0.00045020619 
1.3 1.4 0.00039745421 0.00036885416 0.00043049734 
1.4 1.5 0.00037802346 0.00035061157 0.00041063866 
1.5 1.6 0.0003612836 0.00033478883 0.00039138299 
1.6 1.7 0.00033991366 0.00031494659 0.00036964806 
1.7 1.8 0.00032117201 0.00029644241 0.00034903207 
1.8 1.9 0.0002963783 0.00027414 0.00032388466 
1.9 2.0 0.00027404157 0.00025264653 0.00029825689 
2.0 2.1 0.00025132536 0.0002316475 0.00027475126 
2.1 2.2 0.00022859295 0.00021056161 0.00025011904 
2.2 2.3 0.00020628199 0.0001894696 0.00022566649 
2.3 2.4 0.00018278104 0.00016783557 0.00020087338 
2.4 2.5 0.00016038332 0.00014673958 0.00017640235 
2.5 2.6 0.00013874378 0.00012689825 0.00015308223 
2.6 2.7 0.00011902899 0.0001083003 0.00013160514 
2.7 2.8 9.991836e-05 9.1214411e-05 0.00011009975 
2.8 2.9 8.1906093e-05 7.4181236e-05 9.1451105e-05 
2.9 3.0 6.6660045e-05 6.048913e-05 7.4234503e-05 
3.0 3.1 5.2165613e-05 4.6897831e-05 5.8480399e-05 
3.1 3.2 4.0122741e-05 3.6227573e-05 4.50276e-05 
3.2 3.3 3.0036493e-05 2.6880888e-05 3.4049635e-05 
3.3 3.4 2.1559452e-05 1.9250541e-05 2.4363451e-05 
3.4 3.5 1.5065387e-05 1.3339411e-05 1.7141182e-05 
3.5 3.6 1.0006003e-05 8.8333495e-06 1.1482482e-05 
3.6 3.7 6.0615596e-06 5.3071797e-06 7.0457933e-06 
3.7 3.8 3.5854308e-06 3.132423e-06 4.2054357e-06 
3.8 3.9 1.9297614e-06 1.6693177e-06 2.2282359e-06 
3.9 4.0 9.4165212e-07 8.1074197e-07 1.1249984e-06 
4.0 4.1 4.101014e-07 3.4575206e-07 4.862604e-07 
4.1 4.2 1.5037207e-07 1.2471258e-07 1.8171271e-07 
4.2 4.3 4.7448334e-08 3.9321208e-08 5.7627753e-08 
4.3 4.4 9.5110188e-09 8.3726124e-09 1.25427e-08 
4.4 4.5 1.3800531e-09 1.0291151e-09 1.8716222e-09 
4.5 4.6 8.2258517e-11 6.2320794e-11 8.2258517e-11 
4.6 4.7 3.2091496e-12 1.7820371e-12 8.9231736e-12 
4.7 4.8 0.0 0.0 0.0 
4.8 4.9 0.0 0.0 0.0 
4.9 5.0 0.0 0.0 0.0 


# LO ptH_s {ptmin, ptmax, center, min, max}
0.0 30.0 1.097633e-05 1.0254354e-05 1.180328e-05 
30.0 60.0 2.0220283e-05 1.8832387e-05 2.182895e-05 
60.0 90.0 1.5872486e-05 1.4727979e-05 1.7203947e-05 
90.0 120.0 9.583366e-06 8.8567741e-06 1.0431213e-05 
120.0 150.0 5.3177476e-06 4.8941974e-06 5.8176144e-06 
150.0 180.0 2.9199933e-06 2.6797564e-06 3.2081061e-06 
180.0 210.0 1.6444753e-06 1.5035022e-06 1.8139652e-06 
210.0 240.0 9.5611396e-07 8.7106681e-07 1.0584629e-06 
240.0 270.0 5.7885959e-07 5.2496441e-07 6.4232053e-07 
270.0 300.0 3.6244298e-07 3.2822263e-07 4.0506778e-07 


# LO yH_s {ptmin, ptmax, center, min, max}
-5.0 -4.9 0.0 0.0 0.0 
-4.9 -4.8 0.0 0.0 0.0 
-4.8 -4.7 0.0 0.0 0.0 
-4.7 -4.6 2.9358118e-12 2.7562077e-12 2.0743494e-11 
-4.6 -4.5 4.9855472e-10 4.5361347e-10 5.5864972e-10 
-4.5 -4.4 8.4104632e-09 5.2981385e-09 1.2072778e-08 
-4.4 -4.3 4.4238876e-08 3.6862896e-08 5.587239e-08 
-4.3 -4.2 1.7618532e-07 1.4364326e-07 2.1949496e-07 
-4.2 -4.1 5.3513644e-07 4.4196834e-07 6.6489797e-07 
-4.1 -4.0 1.2951136e-06 1.0856787e-06 1.5557857e-06 
-4.0 -3.9 2.7036292e-06 2.3000467e-06 3.2497555e-06 
-3.9 -3.8 5.310312e-06 4.4843504e-06 6.2840213e-06 
-3.8 -3.7 9.2203842e-06 7.7212813e-06 1.0766166e-05 
-3.7 -3.6 1.4220555e-05 1.2797458e-05 1.6714305e-05 
-3.6 -3.5 2.1272502e-05 1.8618369e-05 2.4942497e-05 
-3.5 -3.4 3.133229e-05 2.7428515e-05 3.5570434e-05 
-3.4 -3.3 4.2738581e-05 3.7976019e-05 4.8973397e-05 
-3.3 -3.2 5.6243802e-05 5.0023085e-05 6.4265166e-05 
-3.2 -3.1 7.1568655e-05 6.4093349e-05 8.0878815e-05 
-3.1 -3.0 8.9713437e-05 8.0405318e-05 0.00010107963 
-3.0 -2.9 0.00010775033 9.7164292e-05 0.00012135311 
-2.9 -2.8 0.00012876231 0.00011621551 0.00014452181 
-2.8 -2.7 0.0001517318 0.00013704946 0.00016848487 
-2.7 -2.6 0.00017179356 0.00015588344 0.00019145582 
-2.6 -2.5 0.00019630188 0.00017862103 0.00021737988 
-2.5 -2.4 0.00021764287 0.00019885194 0.00024047299 
-2.4 -2.3 0.00023928464 0.00021877884 0.00026365463 
-2.3 -2.2 0.00025948856 0.00023780303 0.00028581174 
-2.2 -2.1 0.00027999946 0.0002570156 0.0003075886 
-2.1 -2.0 0.00029944531 0.00027551538 0.00032710181 
-2.0 -1.9 0.00031535826 0.00029025846 0.00034534811 
-1.9 -1.8 0.0003336282 0.00030790937 0.00036303163 
-1.8 -1.7 0.00034679739 0.00032127786 0.00037846236 
-1.7 -1.6 0.000360059 0.0003327351 0.00039111764 
-1.6 -1.5 0.00037232198 0.0003454621 0.00040420464 
-1.5 -1.4 0.00038315966 0.0003557872 0.00041530149 
-1.4 -1.3 0.00039241476 0.00036481593 0.00042424207 
-1.3 -1.2 0.00040002738 0.00037272444 0.00043141976 
-1.2 -1.1 0.00040750941 0.00037889677 0.00043997154 
-1.1 -1.0 0.00041228936 0.00038465643 0.00044323791 
-1.0 -0.9 0.00041691854 0.0003893202 0.00044929567 
-0.9 -0.8 0.0004212212 0.0003934041 0.00045234048 
-0.8 -0.7 0.00042324747 0.00039643329 0.00045476668 
-0.7 -0.6 0.0004250818 0.00039779454 0.00045571832 
-0.6 -0.5 0.00042865052 0.00040110054 0.00045899852 
-0.5 -0.4 0.00042964872 0.00040336619 0.00046062684 
-0.4 -0.3 0.00043033991 0.00040305378 0.00045992101 
-0.3 -0.2 0.00043104756 0.00040459058 0.0004611642 
-0.2 -0.1 0.00043168077 0.00040494169 0.00046177174 
-0.1 0.0 0.0004321526 0.00040581277 0.00046138618 
0.0 0.1 0.00043237111 0.00040576742 0.00046308416 
0.1 0.2 0.00043181873 0.00040481147 0.00046154511 
0.2 0.3 0.00043108703 0.000404321 0.0004615302 
0.3 0.4 0.00042994307 0.00040320223 0.00045989663 
0.4 0.5 0.00043015696 0.00040316541 0.00046015376 
0.5 0.6 0.00042783342 0.0004006551 0.00045906275 
0.6 0.7 0.00042590061 0.00039859213 0.0004567883 
0.7 0.8 0.00042267474 0.00039603843 0.00045411438 
0.8 0.9 0.00042099691 0.00039319662 0.00045271583 
0.9 1.0 0.0004166627 0.00038927262 0.00044818693 
1.0 1.1 0.00041295595 0.00038469568 0.00044467928 
1.1 1.2 0.00040604947 0.00037844633 0.00043752165 
1.2 1.3 0.0003991512 0.00037126372 0.00043142303 
1.3 1.4 0.00039106919 0.00036357721 0.00042322931 
1.4 1.5 0.00038164703 0.00035461795 0.00041298185 
1.5 1.6 0.00037380027 0.00034630981 0.00040547371 
1.6 1.7 0.00036075957 0.00033431553 0.00039204188 
1.7 1.8 0.00034721454 0.00032087398 0.00037861472 
1.8 1.9 0.00033197739 0.00030680117 0.00036165274 
1.9 2.0 0.00031716185 0.00029189589 0.0003464938 
2.0 2.1 0.00029874685 0.0002743948 0.00032748704 
2.1 2.2 0.00028070017 0.00025855675 0.00030798076 
2.2 2.3 0.00026026194 0.00023836602 0.00028632625 
2.3 2.4 0.00023897939 0.00021820831 0.00026347885 
2.4 2.5 0.00021736972 0.00019846495 0.0002402422 
2.5 2.6 0.00019561079 0.00017816892 0.00021696078 
2.6 2.7 0.00017346239 0.00015738096 0.00019272661 
2.7 2.8 0.00015009873 0.00013568334 0.00016760199 
2.8 2.9 0.00012865506 0.00011636174 0.00014410291 
2.9 3.0 0.00010957032 9.8768477e-05 0.00012246961 
3.0 3.1 8.9820593e-05 8.0337468e-05 0.00010154115 
3.1 3.2 7.1738231e-05 6.4126023e-05 8.0925581e-05 
3.2 3.3 5.5951352e-05 4.9862799e-05 6.3965648e-05 
3.3 3.4 4.2902576e-05 3.7950236e-05 4.9116289e-05 
3.4 3.5 3.1106121e-05 2.7254799e-05 3.5490281e-05 
3.5 3.6 2.1474005e-05 1.8954841e-05 2.5166302e-05 
3.6 3.7 1.4016295e-05 1.2201785e-05 1.6540192e-05 
3.7 3.8 8.7103689e-06 7.5045412e-06 1.0130854e-05 
3.8 3.9 5.0972447e-06 4.3993521e-06 5.9544552e-06 
3.9 4.0 2.7882799e-06 2.3381692e-06 3.3473954e-06 
4.0 4.1 1.3883284e-06 1.1751318e-06 1.6533417e-06 
4.1 4.2 5.458294e-07 4.4784573e-07 6.6259115e-07 
4.2 4.3 1.8212728e-07 1.5240583e-07 2.4375758e-07 
4.3 4.4 5.163116e-08 4.2447782e-08 6.3244072e-08 
4.4 4.5 7.0516439e-09 5.2639051e-09 8.8841584e-09 
4.5 4.6 4.1126448e-10 3.3249335e-10 6.4080533e-10 
4.6 4.7 3.1188513e-12 1.9426617e-12 3.8408345e-12 
4.7 4.8 0.0 0.0 0.0 
4.8 4.9 0.0 0.0 0.0 
4.9 5.0 0.0 0.0 0.0 


