# create_lambda_band.py -l -4 -e 14 -nnlo
# NNLO cross-section {center, min, max}
0.047112896 0.046984641 0.047186289 


# NNLO ptHH {ptmin, ptmax, center, min, max}
0.0 30.0 0.00015049384 0.0001499153 0.00015091543 
30.0 60.0 0.00033553622 0.00033443002 0.00033628569 
60.0 90.0 0.00033977939 0.00033882473 0.00034035685 
90.0 120.0 0.00026013264 0.00025948888 0.0002604854 
120.0 150.0 0.0001755537 0.00017516566 0.00017575286 
150.0 180.0 0.00011195332 0.00011171995 0.00011206418 
180.0 210.0 7.0069949e-05 6.9935014e-05 7.0127463e-05 
210.0 240.0 4.3887235e-05 4.3800371e-05 4.3924606e-05 
240.0 270.0 2.7747563e-05 2.7699987e-05 2.7771212e-05 
270.0 300.0 1.7798357e-05 1.7757789e-05 1.7808356e-05 


# NNLO yHH {ptmin, ptmax, center, min, max}
-5.0 -4.9 0.0 0.0 0.0 
-4.9 -4.8 0.0 0.0 0.0 
-4.8 -4.7 0.0 0.0 0.0 
-4.7 -4.6 0.0 0.0 0.0 
-4.6 -4.5 0.0 0.0 0.0 
-4.5 -4.4 0.0 0.0 0.0 
-4.4 -4.3 0.0 0.0 0.0 
-4.3 -4.2 0.0 0.0 0.0 
-4.2 -4.1 0.0 0.0 0.0 
-4.1 -4.0 0.0 0.0 3.0525937e-19 
-4.0 -3.9 6.4522584e-11 4.0771291e-11 7.8798585e-11 
-3.9 -3.8 4.6828137e-09 4.2500769e-09 4.8250959e-09 
-3.8 -3.7 6.6800097e-08 6.4941531e-08 6.7548903e-08 
-3.7 -3.6 4.2347716e-07 4.0472864e-07 4.3370503e-07 
-3.6 -3.5 1.9535073e-06 1.9138024e-06 1.9906862e-06 
-3.5 -3.4 6.0204511e-06 5.8804202e-06 6.0667326e-06 
-3.4 -3.3 1.6247696e-05 1.6035851e-05 1.6348616e-05 
-3.3 -3.2 3.5926538e-05 3.5487284e-05 3.6147109e-05 
-3.2 -3.1 7.240145e-05 7.1912954e-05 7.2718661e-05 
-3.1 -3.0 0.00013577151 0.00013492448 0.00013598731 
-3.0 -2.9 0.00022946899 0.00022813818 0.00023000104 
-2.9 -2.8 0.00036454626 0.00036291457 0.0003651245 
-2.8 -2.7 0.00055129359 0.00054955702 0.00055257042 
-2.7 -2.6 0.00079200904 0.00078951417 0.00079300671 
-2.6 -2.5 0.0010998356 0.0010960008 0.0011023726 
-2.5 -2.4 0.0014691366 0.001467382 0.0014718334 
-2.4 -2.3 0.0019102815 0.0019028445 0.0019134035 
-2.3 -2.2 0.0024185419 0.0024100088 0.0024228301 
-2.2 -2.1 0.0029888151 0.0029809811 0.0029929983 
-2.1 -2.0 0.0036311537 0.0036183421 0.0036367859 
-2.0 -1.9 0.004306175 0.0042926951 0.0043131208 
-1.9 -1.8 0.005039164 0.0050223871 0.0050459144 
-1.8 -1.7 0.0058093081 0.0057903373 0.0058182299 
-1.7 -1.6 0.0065971406 0.0065770163 0.0066083051 
-1.6 -1.5 0.0074061672 0.0073818138 0.007422766 
-1.5 -1.4 0.0082244319 0.0081998763 0.0082362624 
-1.4 -1.3 0.0090326195 0.0090066833 0.0090467617 
-1.3 -1.2 0.009828193 0.009800554 0.0098484491 
-1.2 -1.1 0.010589258 0.010556369 0.010605147 
-1.1 -1.0 0.011325451 0.01129393 0.011345223 
-1.0 -0.9 0.012030423 0.01199534 0.012053481 
-0.9 -0.8 0.012680219 0.012650446 0.012701097 
-0.8 -0.7 0.013261067 0.013224332 0.013282494 
-0.7 -0.6 0.013794235 0.013758656 0.013815687 
-0.6 -0.5 0.01425655 0.014219734 0.014283796 
-0.5 -0.4 0.014651752 0.014615592 0.014675343 
-0.4 -0.3 0.014976578 0.014937937 0.015001222 
-0.3 -0.2 0.015210459 0.015173611 0.015235283 
-0.2 -0.1 0.015352628 0.015313481 0.015378341 
-0.1 0.0 0.015426051 0.015390787 0.01545119 
0.0 0.1 0.015438536 0.015400936 0.015464095 
0.1 0.2 0.015360017 0.015319698 0.015385623 
0.2 0.3 0.015225579 0.01519148 0.015249714 
0.3 0.4 0.014984332 0.014946268 0.015011492 
0.4 0.5 0.014655071 0.014618463 0.014678347 
0.5 0.6 0.014250597 0.01421687 0.014275468 
0.6 0.7 0.013801527 0.013762788 0.01382432 
0.7 0.8 0.013264904 0.013230483 0.013286789 
0.8 0.9 0.012665322 0.012633581 0.012684107 
0.9 1.0 0.012012495 0.01197593 0.012035431 
1.0 1.1 0.01136099 0.011331927 0.011380241 
1.1 1.2 0.01057495 0.010541708 0.010590332 
1.2 1.3 0.0098585605 0.0098319246 0.0098787208 
1.3 1.4 0.0090452189 0.0090161995 0.0090616713 
1.4 1.5 0.0082138666 0.0081894372 0.0082257919 
1.5 1.6 0.0074131694 0.007391848 0.0074273125 
1.6 1.7 0.0066063966 0.0065861527 0.0066185362 
1.7 1.8 0.0058069535 0.0057881037 0.005813714 
1.8 1.9 0.0050319891 0.0050153997 0.0050407988 
1.9 2.0 0.0043095301 0.0042947835 0.0043146878 
2.0 2.1 0.0036265346 0.0036135566 0.0036329053 
2.1 2.2 0.002997465 0.0029878002 0.0030031961 
2.2 2.3 0.002415766 0.0024103623 0.0024187013 
2.3 2.4 0.0019038509 0.0018967737 0.001907569 
2.4 2.5 0.0014770576 0.0014731285 0.0014796437 
2.5 2.6 0.0011003267 0.0010965042 0.0011026569 
2.6 2.7 0.00078835713 0.00078715742 0.00078971976 
2.7 2.8 0.00055385639 0.00055281088 0.00055495779 
2.8 2.9 0.00036503891 0.00036375864 0.00036553532 
2.9 3.0 0.00022835961 0.00022738883 0.0002290703 
3.0 3.1 0.00013529791 0.00013441043 0.000135564 
3.1 3.2 7.4019045e-05 7.3339473e-05 7.4432678e-05 
3.2 3.3 3.643016e-05 3.6099862e-05 3.6579761e-05 
3.3 3.4 1.6266815e-05 1.6014989e-05 1.6311957e-05 
3.4 3.5 6.163582e-06 6.0375289e-06 6.2334538e-06 
3.5 3.6 1.8879419e-06 1.8398494e-06 1.9199212e-06 
3.6 3.7 4.2588742e-07 4.1324802e-07 4.3936169e-07 
3.7 3.8 7.250228e-08 7.0948794e-08 7.4915576e-08 
3.8 3.9 5.1535457e-09 4.3936011e-09 5.1535457e-09 
3.9 4.0 3.4960752e-11 3.3098284e-11 5.2177248e-11 
4.0 4.1 1.6884113e-15 0.0 1.6884113e-15 
4.1 4.2 0.0 0.0 0.0 
4.2 4.3 0.0 0.0 0.0 
4.3 4.4 0.0 0.0 0.0 
4.4 4.5 0.0 0.0 0.0 
4.5 4.6 0.0 0.0 0.0 
4.6 4.7 0.0 0.0 0.0 
4.7 4.8 0.0 0.0 0.0 
4.8 4.9 0.0 0.0 0.0 
4.9 5.0 0.0 0.0 0.0 


# NNLO mHH {ptmin, ptmax, center, min, max}
0.0 200.0 0.0 0.0 0.0 
200.0 400.0 0.00017077997 0.00017031063 0.00017113089 
400.0 600.0 4.9328505e-05 4.9195844e-05 4.9382475e-05 
600.0 800.0 1.0297216e-05 1.0271348e-05 1.0305066e-05 
800.0 1000.0 3.0644458e-06 3.0560774e-06 3.0664718e-06 
1000.0 1200.0 1.1275689e-06 1.1245999e-06 1.1280137e-06 
1200.0 1400.0 4.8102045e-07 4.7822765e-07 4.8142752e-07 
1400.0 1600.0 2.2457214e-07 2.2350016e-07 2.2489485e-07 
1600.0 1800.0 1.113415e-07 1.1074648e-07 1.1170042e-07 
1800.0 2000.0 6.1653532e-08 6.0804096e-08 6.1653532e-08 


# NNLO phiHH {ptmin, ptmax, center, min, max}
0.0 0.31415927 0.0069783912 0.0069611068 0.0069892794 
0.31415927 0.62831853 0.0070869005 0.0070720979 0.0070954914 
0.62831853 0.9424778 0.0074020548 0.0073853341 0.0074130211 
0.9424778 1.2566371 0.0080921275 0.0080719557 0.0081024733 
1.2566371 1.5707963 0.0092311574 0.0092098094 0.0092459709 
1.5707963 1.8849556 0.011164996 0.011137575 0.011182192 
1.8849556 2.1991149 0.014286121 0.014249284 0.01430873 
2.1991149 2.5132741 0.019372608 0.019320887 0.019403833 
2.5132741 2.8274334 0.027653261 0.027574644 0.027699338 
2.8274334 3.1415927 0.038697387 0.038574063 0.038758405 


# NNLO ptH_h {ptmin, ptmax, center, min, max}
0.0 30.0 1.7151085e-05 1.7088396e-05 1.7210811e-05 
30.0 60.0 0.00015066894 0.000150158 0.00015111643 
60.0 90.0 0.0002956956 0.00029482328 0.0002963942 
90.0 120.0 0.00031987652 0.00031896529 0.00032046325 
120.0 150.0 0.00026083783 0.00026017296 0.00026121441 
150.0 180.0 0.00018504878 0.00018459063 0.00018527001 
180.0 210.0 0.0001221417 0.00012184911 0.0001222795 
210.0 240.0 7.816781e-05 7.7979206e-05 7.8228972e-05 
240.0 270.0 4.9441856e-05 4.9334127e-05 4.9483619e-05 
270.0 300.0 3.1336512e-05 3.1265879e-05 3.1359014e-05 


# NNLO yH_h {ptmin, ptmax, center, min, max}
-5.0 -4.9 0.0 0.0 0.0 
-4.9 -4.8 0.0 0.0 0.0 
-4.8 -4.7 0.0 0.0 0.0 
-4.7 -4.6 1.9118678e-11 1.7155249e-11 3.1483504e-11 
-4.6 -4.5 1.5891627e-10 1.5326961e-10 2.0126269e-10 
-4.5 -4.4 4.0412109e-09 3.73808e-09 4.6192371e-09 
-4.4 -4.3 2.7483274e-08 2.6361761e-08 3.0874127e-08 
-4.3 -4.2 1.2163538e-07 1.1471297e-07 1.2977147e-07 
-4.2 -4.1 4.6367239e-07 4.4970654e-07 4.6367239e-07 
-4.1 -4.0 1.7492496e-06 1.7383058e-06 1.7525169e-06 
-4.0 -3.9 3.514914e-06 3.4068612e-06 3.6163e-06 
-3.9 -3.8 8.0511677e-06 7.8959659e-06 8.0861704e-06 
-3.8 -3.7 1.5753955e-05 1.5753955e-05 1.5954442e-05 
-3.7 -3.6 3.0114534e-05 2.9528385e-05 3.0130484e-05 
-3.6 -3.5 5.3403217e-05 5.2938927e-05 5.3467678e-05 
-3.5 -3.4 8.8691024e-05 8.8136266e-05 8.88416e-05 
-3.4 -3.3 0.00014273512 0.00014204113 0.00014294494 
-3.3 -3.2 0.00022036117 0.00022009886 0.00022070567 
-3.2 -3.1 0.0003197845 0.00031853773 0.0003203777 
-3.1 -3.0 0.00045415347 0.00045330841 0.0004546233 
-3.0 -2.9 0.00063331284 0.00063187123 0.00063400062 
-2.9 -2.8 0.00084488951 0.00084231876 0.000846771 
-2.8 -2.7 0.0011082476 0.0011054116 0.0011100253 
-2.7 -2.6 0.0014180256 0.0014138583 0.0014206667 
-2.6 -2.5 0.0017892665 0.0017842117 0.0017914005 
-2.5 -2.4 0.0021913807 0.002184333 0.0021947744 
-2.4 -2.3 0.0026440062 0.0026349905 0.0026479165 
-2.3 -2.2 0.0031672928 0.0031586467 0.003172857 
-2.2 -2.1 0.0037094892 0.0036964309 0.0037148534 
-2.1 -2.0 0.0042921688 0.0042797219 0.0042993676 
-2.0 -1.9 0.0049279286 0.0049130523 0.0049336976 
-1.9 -1.8 0.0055828977 0.0055653615 0.0055895425 
-1.8 -1.7 0.0062545958 0.0062348427 0.0062683946 
-1.7 -1.6 0.006945385 0.0069257374 0.0069565913 
-1.6 -1.5 0.0076164509 0.007593701 0.0076290583 
-1.5 -1.4 0.0083343767 0.0083070179 0.0083483489 
-1.4 -1.3 0.0090144139 0.0089904205 0.0090293316 
-1.3 -1.2 0.0096829118 0.0096553872 0.0097014924 
-1.2 -1.1 0.010300956 0.01027156 0.010318689 
-1.1 -1.0 0.010946533 0.010915066 0.010962194 
-1.0 -0.9 0.011496541 0.01146685 0.011517847 
-0.9 -0.8 0.012053267 0.012024123 0.01207261 
-0.8 -0.7 0.012538445 0.012507102 0.012560536 
-0.7 -0.6 0.012966981 0.012929038 0.012989721 
-0.6 -0.5 0.013351192 0.013318534 0.013372378 
-0.5 -0.4 0.013673683 0.013636218 0.013698617 
-0.4 -0.3 0.013926059 0.013891053 0.013948587 
-0.3 -0.2 0.014158586 0.014125365 0.01418211 
-0.2 -0.1 0.014253175 0.014218676 0.014278561 
-0.1 0.0 0.014359731 0.014324253 0.014383203 
0.0 0.1 0.014357976 0.014319122 0.014381251 
0.1 0.2 0.014279294 0.01424444 0.014301566 
0.2 0.3 0.014164029 0.014126851 0.014190935 
0.3 0.4 0.013935199 0.013903776 0.013957103 
0.4 0.5 0.013713406 0.013676858 0.013734757 
0.5 0.6 0.013356783 0.013323189 0.013381279 
0.6 0.7 0.012965384 0.012930699 0.012989077 
0.7 0.8 0.012535874 0.012502686 0.012555987 
0.8 0.9 0.012048744 0.012020726 0.012071924 
0.9 1.0 0.011511213 0.011480015 0.011530341 
1.0 1.1 0.010914614 0.010879722 0.010932236 
1.1 1.2 0.010330762 0.010302539 0.010349155 
1.2 1.3 0.0096850355 0.0096626669 0.0097029301 
1.3 1.4 0.0090246629 0.0089955699 0.009036849 
1.4 1.5 0.0083384187 0.0083107601 0.0083539974 
1.5 1.6 0.0076141909 0.00759432 0.0076246085 
1.6 1.7 0.0069592574 0.0069382167 0.0069727863 
1.7 1.8 0.0062636708 0.0062435371 0.0062737647 
1.8 1.9 0.0055717603 0.0055527991 0.0055795988 
1.9 2.0 0.0049218077 0.0049066652 0.0049303741 
2.0 2.1 0.0042891385 0.00427919 0.0042958336 
2.1 2.2 0.0037050503 0.0036916456 0.003710761 
2.2 2.3 0.0031517025 0.0031411939 0.0031559625 
2.3 2.4 0.0026581022 0.0026487008 0.0026619008 
2.4 2.5 0.0021903864 0.0021821058 0.002193681 
2.5 2.6 0.001773891 0.0017722104 0.0017762982 
2.6 2.7 0.0014180476 0.0014121795 0.0014199957 
2.7 2.8 0.0011051212 0.0011031896 0.0011070805 
2.8 2.9 0.00084936543 0.00084654986 0.00085075852 
2.9 3.0 0.00063225112 0.00063133674 0.00063349192 
3.0 3.1 0.00046059342 0.00045968089 0.00046172442 
3.1 3.2 0.00032247169 0.00032055628 0.00032247169 
3.2 3.3 0.00021640583 0.00021575248 0.0002167991 
3.3 3.4 0.00014186901 0.00014128238 0.00014204444 
3.4 3.5 8.9133957e-05 8.8732456e-05 8.9493465e-05 
3.5 3.6 5.3010075e-05 5.2355875e-05 5.327617e-05 
3.6 3.7 3.0254577e-05 2.9903315e-05 3.0369365e-05 
3.7 3.8 1.6072583e-05 1.5841948e-05 1.6170571e-05 
3.8 3.9 7.613685e-06 7.540773e-06 7.6395736e-06 
3.9 4.0 3.3807847e-06 3.3242181e-06 3.4223722e-06 
4.0 4.1 1.2770991e-06 1.2380495e-06 1.2868469e-06 
4.1 4.2 4.622908e-07 4.3664042e-07 4.658868e-07 
4.2 4.3 1.2982836e-07 1.2576019e-07 1.3483131e-07 
4.3 4.4 2.0921021e-08 1.9325422e-08 2.1072123e-08 
4.4 4.5 3.2239938e-09 2.9799586e-09 3.4012437e-09 
4.5 4.6 6.696115e-11 6.3053123e-11 1.3839297e-10 
4.6 4.7 5.4042155e-12 3.8196123e-12 7.7679086e-12 
4.7 4.8 0.0 0.0 0.0 
4.8 4.9 0.0 0.0 0.0 
4.9 5.0 0.0 0.0 0.0 


# NNLO ptH_s {ptmin, ptmax, center, min, max}
0.0 30.0 0.00022820257 0.00022753472 0.00022873841 
30.0 60.0 0.00043975154 0.00043852752 0.00044064138 
60.0 90.0 0.00036324484 0.00036226868 0.00036383293 
90.0 120.0 0.00022834198 0.00022774441 0.00022865682 
120.0 150.0 0.00013065732 0.00013031053 0.00013080462 
150.0 180.0 7.3177337e-05 7.2994334e-05 7.3260691e-05 
180.0 210.0 4.1647168e-05 4.153438e-05 4.1677891e-05 
210.0 240.0 2.4261657e-05 2.4197348e-05 2.4281786e-05 
240.0 270.0 1.4487598e-05 1.4460215e-05 1.4502117e-05 
270.0 300.0 8.941357e-06 8.913346e-06 8.9453928e-06 


# NNLO yH_s {ptmin, ptmax, center, min, max}
-5.0 -4.9 0.0 0.0 0.0 
-4.9 -4.8 0.0 0.0 0.0 
-4.8 -4.7 0.0 0.0 0.0 
-4.7 -4.6 5.9606981e-11 8.9340613e-13 5.9846551e-11 
-4.6 -4.5 4.8470522e-10 4.7279759e-10 6.3804442e-10 
-4.5 -4.4 1.2665425e-08 1.2272119e-08 1.2726218e-08 
-4.4 -4.3 1.0799702e-07 1.0548781e-07 1.1256725e-07 
-4.3 -4.2 3.2003837e-07 3.172228e-07 3.2797807e-07 
-4.2 -4.1 1.1043133e-06 1.0708472e-06 1.1172406e-06 
-4.1 -4.0 3.6206337e-06 3.5305463e-06 3.6717464e-06 
-4.0 -3.9 7.5709029e-06 7.4723871e-06 7.6429747e-06 
-3.9 -3.8 1.6393984e-05 1.6088807e-05 1.6534731e-05 
-3.8 -3.7 3.1780707e-05 3.1234839e-05 3.1894753e-05 
-3.7 -3.6 5.5086283e-05 5.4596995e-05 5.5469529e-05 
-3.6 -3.5 9.3640526e-05 9.3135976e-05 9.3897399e-05 
-3.5 -3.4 0.00014366745 0.00014268012 0.00014425621 
-3.4 -3.3 0.0002198801 0.00021848705 0.00022031406 
-3.3 -3.2 0.00032587322 0.00032357439 0.00032587322 
-3.2 -3.1 0.00044963639 0.00044933142 0.00045161692 
-3.1 -3.0 0.00061637176 0.00061476573 0.00061747967 
-3.0 -2.9 0.00082079525 0.00081770834 0.00082142134 
-2.9 -2.8 0.0010596391 0.0010556899 0.0010610969 
-2.8 -2.7 0.0013518288 0.0013510693 0.0013540393 
-2.7 -2.6 0.0016828209 0.001675439 0.0016856038 
-2.6 -2.5 0.002049307 0.002043476 0.0020527315 
-2.5 -2.4 0.0024877771 0.0024809102 0.0024897986 
-2.4 -2.3 0.0029357143 0.0029258234 0.0029408084 
-2.3 -2.2 0.0034496022 0.0034376215 0.0034547489 
-2.2 -2.1 0.0040001925 0.003990272 0.0040053224 
-2.1 -2.0 0.0045570463 0.004543199 0.0045657113 
-2.0 -1.9 0.0051724263 0.0051568951 0.0051799379 
-1.9 -1.8 0.0057923245 0.0057713681 0.0058022801 
-1.8 -1.7 0.0064395016 0.0064219044 0.006447829 
-1.7 -1.6 0.007067432 0.0070485343 0.007082545 
-1.6 -1.5 0.0077251058 0.0076988505 0.0077359137 
-1.5 -1.4 0.0083656482 0.0083420757 0.0083793201 
-1.4 -1.3 0.0089976344 0.0089724513 0.0090154495 
-1.3 -1.2 0.0096078952 0.0095797307 0.0096258104 
-1.2 -1.1 0.010213385 0.010184576 0.010226625 
-1.1 -1.0 0.010766038 0.010735224 0.010784434 
-1.0 -0.9 0.011286913 0.011255245 0.011310389 
-0.9 -0.8 0.011761905 0.011734014 0.011780973 
-0.8 -0.7 0.012238564 0.012207982 0.012262781 
-0.7 -0.6 0.012660565 0.012625936 0.012681458 
-0.6 -0.5 0.012986312 0.012950194 0.013008951 
-0.5 -0.4 0.013263909 0.013228827 0.013285828 
-0.4 -0.3 0.013505942 0.013477083 0.013532599 
-0.3 -0.2 0.013669602 0.013632029 0.013690216 
-0.2 -0.1 0.01380565 0.013770629 0.013830613 
-0.1 0.0 0.013864152 0.013828838 0.013889608 
0.0 0.1 0.013868759 0.013835995 0.013889444 
0.1 0.2 0.013805603 0.013771311 0.01383457 
0.2 0.3 0.013679953 0.013648109 0.013700526 
0.3 0.4 0.013502058 0.013464876 0.013525164 
0.4 0.5 0.013261951 0.013231372 0.01328574 
0.5 0.6 0.012958639 0.012923356 0.012980973 
0.6 0.7 0.012618905 0.012583926 0.012641945 
0.7 0.8 0.012230914 0.012199189 0.012252194 
0.8 0.9 0.011774967 0.011746525 0.011795846 
0.9 1.0 0.011290802 0.011259368 0.011310019 
1.0 1.1 0.010789511 0.010757912 0.010810076 
1.1 1.2 0.010220218 0.010192765 0.010238832 
1.2 1.3 0.0096049783 0.0095762528 0.0096212567 
1.3 1.4 0.0090073599 0.0089840566 0.00902012 
1.4 1.5 0.0083589084 0.0083357938 0.0083746125 
1.5 1.6 0.0077165925 0.0076934094 0.0077301865 
1.6 1.7 0.0070764471 0.0070529511 0.0070859945 
1.7 1.8 0.0064190969 0.0064020004 0.0064293451 
1.8 1.9 0.0057948102 0.0057767884 0.0058040809 
1.9 2.0 0.0051717547 0.0051520946 0.0051797688 
2.0 2.1 0.004583645 0.0045708579 0.0045924831 
2.1 2.2 0.0040060779 0.003994208 0.0040118253 
2.2 2.3 0.0034380455 0.0034275559 0.0034451853 
2.3 2.4 0.0029470686 0.0029371005 0.0029503233 
2.4 2.5 0.0024918638 0.0024840802 0.0024963622 
2.5 2.6 0.0020616407 0.002057155 0.0020650371 
2.6 2.7 0.0016958011 0.0016906419 0.0016985647 
2.7 2.8 0.0013475498 0.001344477 0.0013488539 
2.8 2.9 0.001065245 0.0010613174 0.0010673275 
2.9 3.0 0.00082274713 0.00082053739 0.00082341374 
3.0 3.1 0.00061654499 0.00061350726 0.00061740666 
3.1 3.2 0.00045054916 0.00044893602 0.00045231581 
3.2 3.3 0.00032082371 0.00031967776 0.00032162321 
3.3 3.4 0.00021772134 0.00021714367 0.00021876317 
3.4 3.5 0.00014314059 0.00014211403 0.00014314059 
3.5 3.6 9.5545092e-05 9.4906106e-05 9.6195285e-05 
3.6 3.7 5.8005571e-05 5.7336801e-05 5.8005571e-05 
3.7 3.8 3.2379051e-05 3.1956427e-05 3.251386e-05 
3.8 3.9 1.8326071e-05 1.816159e-05 1.8487954e-05 
3.9 4.0 8.3949054e-06 8.1294596e-06 8.6089684e-06 
4.0 4.1 3.1046838e-06 2.9890194e-06 3.1332822e-06 
4.1 4.2 1.3340904e-06 1.3238226e-06 1.3477919e-06 
4.2 4.3 3.7165754e-07 3.5800655e-07 3.826151e-07 
4.3 4.4 8.543785e-08 7.3470124e-08 9.6687025e-08 
4.4 4.5 2.1347437e-08 1.9607535e-08 2.1629498e-08 
4.5 4.6 9.1752019e-10 7.4095511e-10 9.1752019e-10 
4.6 4.7 9.1248585e-13 8.5591421e-13 1.2477102e-12 
4.7 4.8 0.0 0.0 0.0 
4.8 4.9 0.0 0.0 0.0 
4.9 5.0 0.0 0.0 0.0 


