# create_lambda_band.py -l -1 -e 14 -nlo
# NLO cross-section {center, min, max}
0.011484606 0.011435956 0.011565419 


# NLO ptHH {ptmin, ptmax, center, min, max}
0.0 30.0 3.8673085e-05 3.8540368e-05 3.8901132e-05 
30.0 60.0 8.5317508e-05 8.5048908e-05 8.5878104e-05 
60.0 90.0 8.4902553e-05 8.460797e-05 8.5497831e-05 
90.0 120.0 6.3640288e-05 6.3348179e-05 6.4100139e-05 
120.0 150.0 4.1868631e-05 4.1631666e-05 4.2183876e-05 
150.0 180.0 2.602732e-05 2.5858691e-05 2.6220569e-05 
180.0 210.0 1.5834568e-05 1.5722186e-05 1.5960257e-05 
210.0 240.0 9.6458086e-06 9.568335e-06 9.720909e-06 
240.0 270.0 5.9329242e-06 5.8743391e-06 5.979681e-06 
270.0 300.0 3.716212e-06 3.6845848e-06 3.7455132e-06 


# NLO yHH {ptmin, ptmax, center, min, max}
-5.0 -4.9 0.0 0.0 0.0 
-4.9 -4.8 0.0 0.0 0.0 
-4.8 -4.7 0.0 0.0 0.0 
-4.7 -4.6 0.0 0.0 0.0 
-4.6 -4.5 0.0 0.0 0.0 
-4.5 -4.4 0.0 0.0 0.0 
-4.4 -4.3 0.0 0.0 0.0 
-4.3 -4.2 0.0 0.0 0.0 
-4.2 -4.1 0.0 0.0 0.0 
-4.1 -4.0 7.1935565e-19 0.0 1.4015701e-14 
-4.0 -3.9 1.01266e-11 7.606819e-12 2.4309448e-11 
-3.9 -3.8 8.885013e-10 7.4033306e-10 9.3503031e-10 
-3.8 -3.7 1.1818791e-08 1.1611937e-08 1.3842519e-08 
-3.7 -3.6 8.2416915e-08 7.5860382e-08 8.5910787e-08 
-3.6 -3.5 3.6827052e-07 3.5264222e-07 3.8509947e-07 
-3.5 -3.4 1.1601724e-06 1.0992349e-06 1.210364e-06 
-3.4 -3.3 3.2119715e-06 3.0822524e-06 3.3223766e-06 
-3.3 -3.2 7.3318142e-06 7.0690032e-06 7.5510528e-06 
-3.2 -3.1 1.5066372e-05 1.4431976e-05 1.544898e-05 
-3.1 -3.0 2.7964559e-05 2.7197443e-05 2.8387384e-05 
-3.0 -2.9 4.7938319e-05 4.675449e-05 4.8738631e-05 
-2.9 -2.8 7.7686959e-05 7.5910267e-05 7.8882002e-05 
-2.8 -2.7 0.00011814501 0.00011581856 0.00011942645 
-2.7 -2.6 0.00017127457 0.00016830971 0.00017293254 
-2.6 -2.5 0.00024052536 0.00023714945 0.00024312779 
-2.5 -2.4 0.00032691467 0.0003219359 0.00032901167 
-2.4 -2.3 0.00042597836 0.0004216569 0.00042939584 
-2.3 -2.2 0.00054257283 0.00053652544 0.00054624228 
-2.2 -2.1 0.00067821113 0.0006701689 0.00068258405 
-2.1 -2.0 0.00082818456 0.00082186409 0.00083381594 
-2.0 -1.9 0.00099319424 0.00098650455 0.00099963174 
-1.9 -1.8 0.0011709898 0.0011620125 0.0011786642 
-1.8 -1.7 0.0013569459 0.0013478636 0.0013651439 
-1.7 -1.6 0.0015552526 0.0015457372 0.0015647866 
-1.6 -1.5 0.00175573 0.0017461095 0.0017673203 
-1.5 -1.4 0.0019617878 0.0019535306 0.0019737452 
-1.4 -1.3 0.0021646069 0.0021537657 0.0021795035 
-1.3 -1.2 0.0023698907 0.0023593001 0.0023859866 
-1.2 -1.1 0.00257007 0.0025605227 0.0025888729 
-1.1 -1.0 0.0027641475 0.002753391 0.002781914 
-1.0 -0.9 0.0029525373 0.0029426313 0.002974243 
-0.9 -0.8 0.0031233687 0.0031123189 0.0031440123 
-0.8 -0.7 0.0032753501 0.0032628538 0.003298855 
-0.7 -0.6 0.0034219154 0.0034093925 0.0034465682 
-0.6 -0.5 0.003544483 0.0035297773 0.0035701916 
-0.5 -0.4 0.0036535831 0.0036407593 0.0036806979 
-0.4 -0.3 0.0037434237 0.0037268013 0.0037698497 
-0.3 -0.2 0.0038106894 0.0037960674 0.0038391028 
-0.2 -0.1 0.0038445535 0.0038279901 0.0038732918 
-0.1 0.0 0.0038616207 0.0038454586 0.0038902016 
0.0 0.1 0.0038762893 0.0038605992 0.0039045088 
0.1 0.2 0.0038448628 0.0038283841 0.0038733855 
0.2 0.3 0.0038151322 0.0037999298 0.0038425353 
0.3 0.4 0.0037386582 0.003724139 0.003766797 
0.4 0.5 0.0036576089 0.0036432933 0.0036848887 
0.5 0.6 0.0035435331 0.0035295137 0.0035686501 
0.6 0.7 0.0034197946 0.0034063 0.003443835 
0.7 0.8 0.0032802234 0.0032684697 0.0033031375 
0.8 0.9 0.0031171218 0.0031061093 0.0031401044 
0.9 1.0 0.0029488053 0.0029373374 0.0029694591 
1.0 1.1 0.0027668337 0.0027562243 0.002786251 
1.1 1.2 0.0025765663 0.00256798 0.0025937091 
1.2 1.3 0.0023760681 0.0023644115 0.0023916657 
1.3 1.4 0.0021717161 0.0021613816 0.002186598 
1.4 1.5 0.0019668014 0.0019561848 0.001979405 
1.5 1.6 0.0017520326 0.0017442232 0.0017635877 
1.6 1.7 0.0015551738 0.0015451937 0.0015652571 
1.7 1.8 0.001358036 0.0013500263 0.0013669638 
1.8 1.9 0.0011682824 0.0011597393 0.001175483 
1.9 2.0 0.0009935122 0.00098629591 0.0009991185 
2.0 2.1 0.0008287599 0.00081993612 0.00083453626 
2.1 2.2 0.00067930593 0.00067315185 0.00068361439 
2.2 2.3 0.00054122689 0.00053555828 0.00054528478 
2.3 2.4 0.00042421663 0.00041987062 0.00042684958 
2.4 2.5 0.00032695052 0.00032189242 0.0003292198 
2.5 2.6 0.00023980412 0.00023597017 0.00024195867 
2.6 2.7 0.00017238277 0.00016913944 0.00017419248 
2.7 2.8 0.00011847678 0.00011602929 0.00011980998 
2.8 2.9 7.7738857e-05 7.6200541e-05 7.8650912e-05 
2.9 3.0 4.7812e-05 4.6595755e-05 4.8869097e-05 
3.0 3.1 2.7824524e-05 2.7211891e-05 2.8315284e-05 
3.1 3.2 1.5319394e-05 1.4797272e-05 1.5518394e-05 
3.2 3.3 7.47825e-06 7.1690837e-06 7.7704398e-06 
3.3 3.4 3.252667e-06 3.1127158e-06 3.335494e-06 
3.4 3.5 1.2238824e-06 1.150998e-06 1.263616e-06 
3.5 3.6 3.7201082e-07 3.4696203e-07 3.9701152e-07 
3.6 3.7 7.9308243e-08 7.5867301e-08 8.5444981e-08 
3.7 3.8 1.2281116e-08 1.1719934e-08 1.2985223e-08 
3.8 3.9 7.0094399e-10 6.70708e-10 7.7080782e-10 
3.9 4.0 9.3796786e-12 5.8769898e-12 1.7897975e-11 
4.0 4.1 0.0 0.0 1.1714536e-15 
4.1 4.2 0.0 0.0 0.0 
4.2 4.3 0.0 0.0 0.0 
4.3 4.4 0.0 0.0 0.0 
4.4 4.5 0.0 0.0 0.0 
4.5 4.6 0.0 0.0 0.0 
4.6 4.7 0.0 0.0 0.0 
4.7 4.8 0.0 0.0 0.0 
4.8 4.9 0.0 0.0 0.0 
4.9 5.0 0.0 0.0 0.0 


# NLO mHH {ptmin, ptmax, center, min, max}
0.0 200.0 0.0 0.0 0.0 
200.0 400.0 3.6486484e-05 3.635824e-05 3.6690873e-05 
400.0 600.0 1.437175e-05 1.4277323e-05 1.4491451e-05 
600.0 800.0 3.9275169e-06 3.87954e-06 3.9693908e-06 
800.0 1000.0 1.4094774e-06 1.3860207e-06 1.4268516e-06 
1000.0 1200.0 6.0357596e-07 5.9059702e-07 6.1282206e-07 
1200.0 1400.0 2.8526507e-07 2.7804042e-07 2.8956821e-07 
1400.0 1600.0 1.4669173e-07 1.4234933e-07 1.4908735e-07 
1600.0 1800.0 7.9917625e-08 7.6929863e-08 8.1704862e-08 
1800.0 2000.0 4.5238125e-08 4.3909018e-08 4.6406934e-08 


# NLO phiHH {ptmin, ptmax, center, min, max}
0.0 0.31415927 0.0015080228 0.001501494 0.001517748 
0.31415927 0.62831853 0.001556888 0.0015503648 0.0015670916 
0.62831853 0.9424778 0.0016689787 0.0016624454 0.0016799948 
0.9424778 1.2566371 0.0018689104 0.0018610699 0.0018816317 
1.2566371 1.5707963 0.0021930927 0.0021850603 0.0022074913 
1.5707963 1.8849556 0.0027146576 0.0027040231 0.0027323771 
1.8849556 2.1991149 0.0035357594 0.0035222239 0.0035596225 
2.1991149 2.5132741 0.0048521621 0.0048335518 0.0048860936 
2.5132741 2.8274334 0.0069571299 0.006927768 0.0070063672 
2.8274334 3.1415927 0.0097010321 0.0096537781 0.0097754534 


# NLO ptH_h {ptmin, ptmax, center, min, max}
0.0 30.0 4.4743807e-06 4.4543364e-06 4.4921028e-06 
30.0 60.0 3.8349456e-05 3.8204378e-05 3.8544031e-05 
60.0 90.0 7.3748041e-05 7.3492048e-05 7.417953e-05 
90.0 120.0 7.8319156e-05 7.8078682e-05 7.8835985e-05 
120.0 150.0 6.3078433e-05 6.279828e-05 6.3531917e-05 
150.0 180.0 4.4257648e-05 4.4005499e-05 4.4600206e-05 
180.0 210.0 2.9042349e-05 2.8834767e-05 2.9288021e-05 
210.0 240.0 1.8436e-05 1.8284824e-05 1.8585097e-05 
240.0 270.0 1.1625027e-05 1.1507402e-05 1.173861e-05 
270.0 300.0 7.325554e-06 7.2494731e-06 7.3974744e-06 


# NLO yH_h {ptmin, ptmax, center, min, max}
-5.0 -4.9 0.0 0.0 0.0 
-4.9 -4.8 0.0 0.0 0.0 
-4.8 -4.7 0.0 0.0 0.0 
-4.7 -4.6 3.9131479e-12 2.5664689e-12 5.44984e-12 
-4.6 -4.5 8.2225207e-11 7.0682938e-11 1.2802959e-10 
-4.5 -4.4 2.6620631e-09 2.4021188e-09 2.8397637e-09 
-4.4 -4.3 1.7348381e-08 1.5433976e-08 2.0097633e-08 
-4.3 -4.2 9.008469e-08 8.7290201e-08 1.0300408e-07 
-4.2 -4.1 3.5919628e-07 3.3092074e-07 3.6476663e-07 
-4.1 -4.0 7.2865622e-07 6.808083e-07 7.7305775e-07 
-4.0 -3.9 1.7369937e-06 1.6890687e-06 1.8138373e-06 
-3.9 -3.8 3.72103e-06 3.4826165e-06 3.8098484e-06 
-3.8 -3.7 7.0971227e-06 6.8126399e-06 7.3281556e-06 
-3.7 -3.6 1.2903583e-05 1.2599333e-05 1.3256562e-05 
-3.6 -3.5 2.1770542e-05 2.0876661e-05 2.235207e-05 
-3.5 -3.4 3.4893837e-05 3.3970144e-05 3.5363713e-05 
-3.4 -3.3 5.2319768e-05 5.072633e-05 5.3135521e-05 
-3.3 -3.2 7.5900009e-05 7.4163642e-05 7.7035372e-05 
-3.2 -3.1 0.00010866522 0.00010628925 0.00010997574 
-3.1 -3.0 0.00014895601 0.00014619506 0.00015051653 
-3.0 -2.9 0.00019860032 0.0001950793 0.00020074522 
-2.9 -2.8 0.00025694558 0.00025309703 0.0002592669 
-2.8 -2.7 0.00032857609 0.00032386217 0.0003310213 
-2.7 -2.6 0.00040948107 0.00040489459 0.0004133792 
-2.6 -2.5 0.0005031585 0.00049636753 0.00050727795 
-2.5 -2.4 0.00060786139 0.00060199929 0.0006123015 
-2.4 -2.3 0.00072043627 0.00071383044 0.00072546526 
-2.3 -2.2 0.00084326087 0.00083601627 0.00084903508 
-2.2 -2.1 0.00097158114 0.00096378451 0.00097782118 
-2.1 -2.0 0.0011109889 0.0011020804 0.0011186405 
-2.0 -1.9 0.0012622718 0.0012545433 0.0012711114 
-1.9 -1.8 0.0014115782 0.0014042375 0.0014215505 
-1.8 -1.7 0.0015701701 0.001560185 0.0015796085 
-1.7 -1.6 0.001720819 0.0017125127 0.001732281 
-1.6 -1.5 0.0018793455 0.0018704247 0.0018924662 
-1.5 -1.4 0.0020385022 0.002027985 0.002052449 
-1.4 -1.3 0.002191689 0.0021836973 0.0022060683 
-1.3 -1.2 0.0023396967 0.0023302217 0.0023550775 
-1.2 -1.1 0.0024880977 0.0024794424 0.002505513 
-1.1 -1.0 0.0026293912 0.0026196418 0.0026478411 
-1.0 -0.9 0.002745845 0.0027357984 0.0027645797 
-0.9 -0.8 0.0028742878 0.0028640835 0.0028940826 
-0.8 -0.7 0.002981566 0.0029692516 0.0030021505 
-0.7 -0.6 0.0030745404 0.0030637975 0.0030968729 
-0.6 -0.5 0.0031649268 0.0031547323 0.0031864915 
-0.5 -0.4 0.0032327219 0.0032201109 0.0032563037 
-0.4 -0.3 0.0032931842 0.0032806631 0.0033165454 
-0.3 -0.2 0.0033328412 0.0033196047 0.0033559733 
-0.2 -0.1 0.0033753815 0.0033632248 0.00339923 
-0.1 0.0 0.0033846069 0.0033709635 0.0034093456 
0.0 0.1 0.0033840991 0.0033710341 0.0034067668 
0.1 0.2 0.0033729199 0.0033594038 0.0033976465 
0.2 0.3 0.0033319773 0.0033205821 0.0033555721 
0.3 0.4 0.0032970853 0.0032846151 0.0033207921 
0.4 0.5 0.0032371023 0.003224531 0.003258879 
0.5 0.6 0.0031662117 0.0031548228 0.0031884827 
0.6 0.7 0.003083779 0.0030719008 0.0031059907 
0.7 0.8 0.0029857843 0.0029744159 0.0030066254 
0.8 0.9 0.0028681259 0.0028578323 0.0028880808 
0.9 1.0 0.002740074 0.0027303044 0.0027584608 
1.0 1.1 0.0026240078 0.0026141163 0.0026423665 
1.1 1.2 0.0024941564 0.0024846096 0.0025105166 
1.2 1.3 0.0023504218 0.0023417798 0.0023672322 
1.3 1.4 0.0021959428 0.002187371 0.0022099188 
1.4 1.5 0.0020422715 0.0020330332 0.0020561541 
1.5 1.6 0.0018803458 0.0018702009 0.0018931635 
1.6 1.7 0.0017273057 0.001719899 0.0017389468 
1.7 1.8 0.001570132 0.0015606684 0.0015803915 
1.8 1.9 0.0014089378 0.001400958 0.0014186708 
1.9 2.0 0.0012598911 0.0012509205 0.0012683598 
2.0 2.1 0.0011181213 0.001109825 0.0011252679 
2.1 2.2 0.00097168217 0.00096427069 0.00097940634 
2.2 2.3 0.00083805335 0.00083129052 0.00084419797 
2.3 2.4 0.00071757972 0.00071080093 0.00072281636 
2.4 2.5 0.00060559529 0.00059879408 0.00060998676 
2.5 2.6 0.00050296314 0.00049663679 0.00050656363 
2.6 2.7 0.00040707542 0.00040210732 0.00041081983 
2.7 2.8 0.00032755925 0.00032353587 0.00032992404 
2.8 2.9 0.00025728604 0.00025308864 0.00025973724 
2.9 3.0 0.00019763 0.00019471798 0.00019991261 
3.0 3.1 0.00014997866 0.00014712928 0.00015116197 
3.1 3.2 0.00010821755 0.00010582982 0.00011006028 
3.2 3.3 7.7400707e-05 7.5370935e-05 7.8482018e-05 
3.3 3.4 5.2488155e-05 5.1180458e-05 5.3277505e-05 
3.4 3.5 3.4271224e-05 3.3090607e-05 3.4761305e-05 
3.5 3.6 2.1433303e-05 2.08203e-05 2.181207e-05 
3.6 3.7 1.2912204e-05 1.2502175e-05 1.324375e-05 
3.7 3.8 7.2580083e-06 6.9652191e-06 7.4805315e-06 
3.8 3.9 3.6596719e-06 3.3787817e-06 3.8125099e-06 
3.9 4.0 1.7381197e-06 1.7013478e-06 1.8090935e-06 
4.0 4.1 7.0364331e-07 6.7655586e-07 7.4238371e-07 
4.1 4.2 2.7811778e-07 2.4999418e-07 2.9260839e-07 
4.2 4.3 6.757898e-08 6.1361032e-08 7.853926e-08 
4.3 4.4 1.7516895e-08 1.5258057e-08 1.8554341e-08 
4.4 4.5 2.3502814e-09 1.9054689e-09 3.429273e-09 
4.5 4.6 1.7623856e-10 1.022404e-10 2.3963376e-10 
4.6 4.7 3.5026952e-13 2.6051358e-13 7.3369043e-12 
4.7 4.8 0.0 0.0 0.0 
4.8 4.9 0.0 0.0 0.0 
4.9 5.0 0.0 0.0 0.0 


# NLO ptH_s {ptmin, ptmax, center, min, max}
0.0 30.0 5.6599663e-05 5.6403798e-05 5.6924281e-05 
30.0 60.0 0.00010769984 0.00010735302 0.00010837639 
60.0 90.0 8.8040286e-05 8.7712461e-05 8.8636058e-05 
90.0 120.0 5.5081138e-05 5.4806674e-05 5.549514e-05 
120.0 150.0 3.1473217e-05 3.1265647e-05 3.1725021e-05 
150.0 180.0 1.7720881e-05 1.7576926e-05 1.787925e-05 
180.0 210.0 1.0080777e-05 9.9888617e-06 1.0174506e-05 
210.0 240.0 5.8970069e-06 5.8320353e-06 5.9537842e-06 
240.0 270.0 3.5611813e-06 3.516997e-06 3.6004176e-06 
270.0 300.0 2.2019335e-06 2.1712862e-06 2.2267839e-06 


# NLO yH_s {ptmin, ptmax, center, min, max}
-5.0 -4.9 0.0 0.0 0.0 
-4.9 -4.8 0.0 0.0 0.0 
-4.8 -4.7 0.0 0.0 0.0 
-4.7 -4.6 1.8817482e-12 1.8817482e-12 5.1028921e-12 
-4.6 -4.5 4.5895444e-10 3.0278474e-10 5.6801937e-10 
-4.5 -4.4 1.0307704e-08 8.8307508e-09 1.0307704e-08 
-4.4 -4.3 6.3709514e-08 5.0392013e-08 6.9735536e-08 
-4.3 -4.2 2.8753956e-07 2.5058478e-07 3.0368061e-07 
-4.2 -4.1 7.7060029e-07 7.3335995e-07 8.1606017e-07 
-4.1 -4.0 2.1818736e-06 1.9396255e-06 2.3851729e-06 
-4.0 -3.9 4.6486688e-06 4.6124692e-06 4.8913372e-06 
-3.9 -3.8 8.7877377e-06 8.3373231e-06 9.1926127e-06 
-3.8 -3.7 1.6033219e-05 1.5130067e-05 1.6431634e-05 
-3.7 -3.6 2.6167498e-05 2.5353526e-05 2.7266511e-05 
-3.6 -3.5 4.4059901e-05 4.2282589e-05 4.5300011e-05 
-3.5 -3.4 6.2305268e-05 6.0803658e-05 6.3569601e-05 
-3.4 -3.3 9.146032e-05 8.8375427e-05 9.3118056e-05 
-3.3 -3.2 0.00012606764 0.00012316421 0.00012716945 
-3.2 -3.1 0.00017032979 0.00016604032 0.00017302283 
-3.1 -3.0 0.0002191991 0.00021492947 0.00022149857 
-3.0 -2.9 0.00028115695 0.00027620314 0.00028440533 
-2.9 -2.8 0.00035184613 0.00034586437 0.00035587638 
-2.8 -2.7 0.00043244576 0.00042718575 0.00043647913 
-2.7 -2.6 0.00052144338 0.00051445756 0.00052599873 
-2.6 -2.5 0.00061459082 0.00060764851 0.00062079589 
-2.5 -2.4 0.00072879378 0.00071979329 0.00073434316 
-2.4 -2.3 0.00084140149 0.00083315272 0.00084828259 
-2.3 -2.2 0.00096092657 0.00095340895 0.00096831787 
-2.2 -2.1 0.0010915424 0.0010827048 0.0010991107 
-2.1 -2.0 0.0012222647 0.0012127909 0.0012311872 
-2.0 -1.9 0.0013589537 0.0013499024 0.0013688299 
-1.9 -1.8 0.0014970594 0.0014883011 0.0015065563 
-1.8 -1.7 0.0016397601 0.0016302661 0.001650979 
-1.7 -1.6 0.0017784458 0.0017698927 0.0017906784 
-1.6 -1.5 0.0019133283 0.0019051644 0.0019263782 
-1.5 -1.4 0.0020558898 0.0020467787 0.0020691548 
-1.4 -1.3 0.0021818286 0.0021740806 0.0021968072 
-1.3 -1.2 0.0023118647 0.0023037399 0.0023276485 
-1.2 -1.1 0.0024344508 0.0024251164 0.0024496555 
-1.1 -1.0 0.0025526009 0.002543756 0.002569932 
-1.0 -0.9 0.0026623485 0.0026528051 0.0026800225 
-0.9 -0.8 0.0027615318 0.0027514603 0.0027802333 
-0.8 -0.7 0.0028538354 0.0028437946 0.0028730695 
-0.7 -0.6 0.0029341479 0.0029237148 0.0029537169 
-0.6 -0.5 0.0030015725 0.0029902712 0.0030219629 
-0.5 -0.4 0.0030625611 0.0030505488 0.0030831691 
-0.4 -0.3 0.0031051558 0.0030921284 0.0031261976 
-0.3 -0.2 0.003141792 0.0031298656 0.0031630404 
-0.2 -0.1 0.0031712711 0.0031595207 0.0031930054 
-0.1 0.0 0.0031839168 0.0031705323 0.0032049607 
0.0 0.1 0.0031827843 0.0031714489 0.0032051581 
0.1 0.2 0.003169159 0.0031561363 0.0031902091 
0.2 0.3 0.0031417602 0.0031304601 0.0031628604 
0.3 0.4 0.0031044572 0.0030928482 0.0031254601 
0.4 0.5 0.0030584497 0.0030462403 0.003079602 
0.5 0.6 0.0030053075 0.0029944021 0.0030252312 
0.6 0.7 0.0029328428 0.0029215396 0.0029524396 
0.7 0.8 0.002851128 0.0028404252 0.0028692236 
0.8 0.9 0.0027527999 0.0027431724 0.0027720263 
0.9 1.0 0.0026584885 0.0026500448 0.0026775964 
1.0 1.1 0.002556755 0.0025461582 0.0025727564 
1.1 1.2 0.0024404061 0.0024321696 0.002456679 
1.2 1.3 0.0023139515 0.0023057652 0.0023294163 
1.3 1.4 0.002186472 0.002178478 0.0022012434 
1.4 1.5 0.0020548094 0.0020459602 0.0020684852 
1.5 1.6 0.0019156838 0.0019065432 0.0019286947 
1.6 1.7 0.0017755262 0.0017677525 0.0017857966 
1.7 1.8 0.0016384958 0.0016286587 0.0016514888 
1.8 1.9 0.0014975824 0.0014891634 0.0015064874 
1.9 2.0 0.0013577472 0.0013483695 0.0013683018 
2.0 2.1 0.0012225191 0.0012144387 0.0012316796 
2.1 2.2 0.0010946904 0.0010847449 0.0011024293 
2.2 2.3 0.00096337255 0.00095429109 0.0009708503 
2.3 2.4 0.00083894232 0.00083148918 0.00084521602 
2.4 2.5 0.00072458669 0.00071668971 0.00073121132 
2.5 2.6 0.00061950456 0.00061272479 0.00062393312 
2.6 2.7 0.00052435154 0.00051714808 0.00052935599 
2.7 2.8 0.00043425753 0.00042845232 0.00043872736 
2.8 2.9 0.00035469124 0.00034785598 0.0003582663 
2.9 3.0 0.00028151183 0.00027614904 0.00028464948 
3.0 3.1 0.00021888489 0.00021475005 0.00022213861 
3.1 3.2 0.00016923044 0.00016551572 0.00017080684 
3.2 3.3 0.0001265546 0.00012364235 0.00012820879 
3.3 3.4 9.2486241e-05 8.9723977e-05 9.3967996e-05 
3.4 3.5 6.2413566e-05 6.0061954e-05 6.3689238e-05 
3.5 3.6 4.0847034e-05 3.9614688e-05 4.2042826e-05 
3.6 3.7 2.6741619e-05 2.5821539e-05 2.7141738e-05 
3.7 3.8 1.6199838e-05 1.5660914e-05 1.6793476e-05 
3.8 3.9 9.5230758e-06 9.1220826e-06 9.7766125e-06 
3.9 4.0 5.314147e-06 5.1584336e-06 5.4601524e-06 
4.0 4.1 2.374149e-06 2.1952325e-06 2.5875465e-06 
4.1 4.2 9.8689843e-07 8.4274936e-07 9.9611751e-07 
4.2 4.3 2.9567239e-07 2.6744578e-07 3.5390055e-07 
4.3 4.4 6.3854418e-08 5.6399419e-08 6.9884847e-08 
4.4 4.5 8.0875935e-09 8.0875935e-09 1.4283485e-08 
4.5 4.6 7.3859104e-10 5.648941e-10 8.3001192e-10 
4.6 4.7 4.8345189e-12 2.8652117e-12 1.3448836e-11 
4.7 4.8 0.0 0.0 0.0 
4.8 4.9 0.0 0.0 0.0 
4.9 5.0 0.0 0.0 0.0 


