# create_lambda_band.py -l 3.0 -lo
# LO cross-section {center, min, max}
0.01609381 0.015611244 0.016577445 


# LO ptHH {ptmin, ptmax, center, min, max}
0.0 30.0 3.5968253e-05 3.5396807e-05 3.6395176e-05 
30.0 60.0 8.4913941e-05 8.3254877e-05 8.6350759e-05 
60.0 90.0 9.4721248e-05 9.2447875e-05 9.6831071e-05 
90.0 120.0 8.1875486e-05 7.9638278e-05 8.4114363e-05 
120.0 150.0 6.3455395e-05 6.1485848e-05 6.5419187e-05 
150.0 180.0 4.6661519e-05 4.5076805e-05 4.8326127e-05 
180.0 210.0 3.3716925e-05 3.2467433e-05 3.5016051e-05 
210.0 240.0 2.4318511e-05 2.3356048e-05 2.5336416e-05 
240.0 270.0 1.7555573e-05 1.6804563e-05 1.8378723e-05 
270.0 300.0 1.2789362e-05 1.2226513e-05 1.3405321e-05 


# LO yHH {ptmin, ptmax, center, min, max}
-5.0 -4.9 0.0 0.0 0.0 
-4.9 -4.8 0.0 0.0 0.0 
-4.8 -4.7 0.0 0.0 0.0 
-4.7 -4.6 4.547407e-13 6.6891366e-14 4.547407e-13 
-4.6 -4.5 9.7249789e-11 7.9909994e-11 1.6495474e-10 
-4.5 -4.4 2.7897717e-09 2.3465809e-09 3.1648581e-09 
-4.4 -4.3 2.5006254e-08 2.4473475e-08 3.0110192e-08 
-4.3 -4.2 1.4845357e-07 1.2949198e-07 1.5991341e-07 
-4.2 -4.1 5.2647615e-07 4.9399771e-07 5.7337722e-07 
-4.1 -4.0 1.5595856e-06 1.4194817e-06 1.6883391e-06 
-4.0 -3.9 3.8094546e-06 3.520213e-06 4.0712201e-06 
-3.9 -3.8 8.1014712e-06 7.5628606e-06 8.8067758e-06 
-3.8 -3.7 1.5680728e-05 1.4808263e-05 1.6726239e-05 
-3.7 -3.6 2.840344e-05 2.6953183e-05 3.0042873e-05 
-3.6 -3.5 4.5929801e-05 4.3385682e-05 4.8955801e-05 
-3.5 -3.4 7.274725e-05 6.9397242e-05 7.6370959e-05 
-3.4 -3.3 0.00010909041 0.0001041888 0.00011435917 
-3.3 -3.2 0.00015432662 0.00014789522 0.00016098532 
-3.2 -3.1 0.00021358558 0.00020453827 0.00022322085 
-3.1 -3.0 0.00028479314 0.0002750457 0.00029326748 
-3.0 -2.9 0.00036656321 0.00035359332 0.00038033367 
-2.9 -2.8 0.00046609773 0.00044838959 0.00048313655 
-2.8 -2.7 0.00057587653 0.0005571739 0.00059462283 
-2.7 -2.6 0.0007015707 0.00067950066 0.00072404025 
-2.6 -2.5 0.00083635224 0.00081221546 0.00085920913 
-2.5 -2.4 0.00098415004 0.00095368907 0.0010162215 
-2.4 -2.3 0.0011511248 0.0011157264 0.0011832451 
-2.3 -2.2 0.0013201057 0.001284138 0.0013561281 
-2.2 -2.1 0.0014983748 0.0014538725 0.0015408253 
-2.1 -2.0 0.0016831196 0.0016356472 0.0017265797 
-2.0 -1.9 0.0018718915 0.001820041 0.0019265008 
-1.9 -1.8 0.0020650947 0.0020068906 0.0021212651 
-1.8 -1.7 0.0022690612 0.0022061906 0.0023316639 
-1.7 -1.6 0.0024672682 0.0023970328 0.0025314453 
-1.6 -1.5 0.0026640385 0.002587866 0.0027409795 
-1.5 -1.4 0.0028618095 0.0027829182 0.0029403945 
-1.4 -1.3 0.003056992 0.0029684792 0.0031478014 
-1.3 -1.2 0.0032512625 0.0031576955 0.0033396752 
-1.2 -1.1 0.0034250785 0.0033269623 0.0035272006 
-1.1 -1.0 0.0035859014 0.0034772572 0.0036893121 
-1.0 -0.9 0.0037499232 0.0036380527 0.0038624957 
-0.9 -0.8 0.0038952377 0.0037802662 0.0040097891 
-0.8 -0.7 0.0040378114 0.003918521 0.0041620332 
-0.7 -0.6 0.0041525242 0.0040263413 0.0042825686 
-0.6 -0.5 0.004261594 0.0041265848 0.004392275 
-0.5 -0.4 0.0043495524 0.0042187797 0.004483019 
-0.4 -0.3 0.0044255199 0.0042876888 0.0045676777 
-0.3 -0.2 0.0044744052 0.0043366114 0.0046184976 
-0.2 -0.1 0.0045242186 0.0043783385 0.0046614159 
-0.1 0.0 0.0045307419 0.0043904785 0.0046778276 
0.0 0.1 0.0045373081 0.0044010509 0.0046842649 
0.1 0.2 0.0045241574 0.0043801893 0.0046703334 
0.2 0.3 0.0044894065 0.0043508069 0.0046305518 
0.3 0.4 0.0044207869 0.0042809036 0.0045600319 
0.4 0.5 0.004354803 0.0042217933 0.004489008 
0.5 0.6 0.0042643764 0.0041352282 0.0043990959 
0.6 0.7 0.004165246 0.0040384078 0.0042941884 
0.7 0.8 0.004030431 0.0039100394 0.0041492778 
0.8 0.9 0.0038985387 0.0037871276 0.0040162777 
0.9 1.0 0.0037553227 0.0036391573 0.0038677989 
1.0 1.1 0.0035911877 0.0034878578 0.0036948366 
1.1 1.2 0.0034231422 0.003323361 0.0035214884 
1.2 1.3 0.0032509416 0.0031560578 0.0033430379 
1.3 1.4 0.0030554014 0.0029684297 0.0031447254 
1.4 1.5 0.0028607567 0.0027769806 0.0029432023 
1.5 1.6 0.0026718467 0.0025992298 0.0027469582 
1.6 1.7 0.0024697978 0.0023999733 0.0025362855 
1.7 1.8 0.0022679485 0.0022041525 0.0023288779 
1.8 1.9 0.0020680808 0.002010639 0.0021264496 
1.9 2.0 0.0018768512 0.001821822 0.0019246054 
2.0 2.1 0.0016803439 0.0016327432 0.0017263474 
2.1 2.2 0.0014933734 0.001451813 0.0015378273 
2.2 2.3 0.0013166114 0.001279184 0.0013539303 
2.3 2.4 0.0011509159 0.0011170729 0.001182817 
2.4 2.5 0.00099048925 0.00096127818 0.0010185336 
2.5 2.6 0.00083752333 0.00081006851 0.00086576936 
2.6 2.7 0.00069682431 0.00067521676 0.00071751714 
2.7 2.8 0.00057646244 0.00055933021 0.00059363325 
2.8 2.9 0.00046833394 0.00045144411 0.00048559537 
2.9 3.0 0.00036789814 0.00035397164 0.00038087673 
3.0 3.1 0.00028294371 0.000272963 0.00029375426 
3.1 3.2 0.00021445783 0.00020544165 0.00022294222 
3.2 3.3 0.00015612901 0.00014897192 0.00016345982 
3.3 3.4 0.0001084661 0.0001041794 0.00011304449 
3.4 3.5 7.2886653e-05 6.931077e-05 7.6853802e-05 
3.5 3.6 4.7608533e-05 4.494448e-05 5.0395692e-05 
3.6 3.7 2.8402164e-05 2.6728019e-05 3.0237797e-05 
3.7 3.8 1.5693875e-05 1.4934927e-05 1.6757993e-05 
3.8 3.9 8.2807838e-06 7.6589488e-06 8.8124802e-06 
3.9 4.0 3.859673e-06 3.5621255e-06 4.082066e-06 
4.0 4.1 1.5718583e-06 1.4526104e-06 1.7378461e-06 
4.1 4.2 5.2177019e-07 4.993024e-07 5.9064624e-07 
4.2 4.3 1.4501589e-07 1.2963889e-07 1.6239254e-07 
4.3 4.4 2.7857561e-08 2.3777131e-08 2.9859349e-08 
4.4 4.5 2.5701191e-09 2.4389229e-09 3.1385848e-09 
4.5 4.6 8.1892538e-11 7.0973174e-11 1.2659311e-10 
4.6 4.7 1.5621372e-13 6.7618695e-14 2.6324131e-13 
4.7 4.8 0.0 0.0 0.0 
4.8 4.9 0.0 0.0 0.0 
4.9 5.0 0.0 0.0 0.0 


# LO mHH {ptmin, ptmax, center, min, max}
0.0 200.0 0.0 0.0 0.0 
200.0 400.0 5.4563118e-05 5.3565162e-05 5.5400975e-05 
400.0 600.0 1.218242e-05 1.1736179e-05 1.2635712e-05 
600.0 800.0 5.2630443e-06 4.9854506e-06 5.5713305e-06 
800.0 1000.0 3.0568692e-06 2.854974e-06 3.2778756e-06 
1000.0 1200.0 1.8439943e-06 1.7092638e-06 2.0083323e-06 
1200.0 1400.0 1.1488486e-06 1.0498956e-06 1.2639071e-06 
1400.0 1600.0 7.3694714e-07 6.7144578e-07 8.1960082e-07 
1600.0 1800.0 4.8846915e-07 4.381767e-07 5.4663871e-07 
1800.0 2000.0 3.3248163e-07 2.989665e-07 3.7397092e-07 


# LO phiHH {ptmin, ptmax, center, min, max}
0.0 0.31415927 0.0039270598 0.0037911331 0.0040685509 
0.31415927 0.62831853 0.0037382103 0.0036153826 0.0038634735 
0.62831853 0.9424778 0.0035655493 0.0034524226 0.0036791639 
0.9424778 1.2566371 0.003526596 0.0034211244 0.0036355349 
1.2566371 1.5707963 0.0036608521 0.0035518509 0.0037683021 
1.5707963 1.8849556 0.0040197907 0.0039051885 0.0041357707 
1.8849556 2.1991149 0.0047027312 0.0045682041 0.0048341762 
2.1991149 2.5132741 0.0058435876 0.0056777402 0.0060084224 
2.5132741 2.8274334 0.0077634421 0.0075443725 0.0079803315 
2.8274334 3.1415927 0.010480368 0.010164714 0.01079392 


# LO ptH_h {ptmin, ptmax, center, min, max}
0.0 30.0 4.5302796e-06 4.4974721e-06 4.5389237e-06 
30.0 60.0 4.1609011e-05 4.1122738e-05 4.1918988e-05 
60.0 90.0 8.7344801e-05 8.5816394e-05 8.8617923e-05 
90.0 120.0 0.00010017793 9.7913589e-05 0.00010225867 
120.0 150.0 8.6680351e-05 8.4226297e-05 8.9078864e-05 
150.0 180.0 6.520278e-05 6.3029836e-05 6.7433584e-05 
180.0 210.0 4.5846452e-05 4.4096211e-05 4.7668192e-05 
210.0 240.0 3.1378225e-05 3.0058878e-05 3.2805791e-05 
240.0 270.0 2.1375952e-05 2.0393979e-05 2.2425546e-05 
270.0 300.0 1.4547279e-05 1.3828504e-05 1.5365497e-05 


# LO yH_h {ptmin, ptmax, center, min, max}
-5.0 -4.9 5.1252612e-08 4.7412732e-08 5.2751425e-08 
-4.9 -4.8 1.7633949e-07 1.3692253e-07 1.9756404e-07 
-4.8 -4.7 4.6362169e-07 4.2350677e-07 6.7612997e-07 
-4.7 -4.6 1.4970644e-06 1.3537541e-06 1.6230933e-06 
-4.6 -4.5 2.3356629e-06 2.0861099e-06 2.7098158e-06 
-4.5 -4.4 4.9732977e-06 4.3556097e-06 5.6907559e-06 
-4.4 -4.3 8.8275106e-06 7.5748067e-06 1.0104638e-05 
-4.3 -4.2 1.3353933e-05 1.2548146e-05 1.4953742e-05 
-4.2 -4.1 2.2082994e-05 2.0082828e-05 2.5812432e-05 
-4.1 -4.0 3.511368e-05 3.1474708e-05 3.7486772e-05 
-4.0 -3.9 4.8495021e-05 4.5368623e-05 5.4484304e-05 
-3.9 -3.8 7.3816042e-05 6.692823e-05 7.9026763e-05 
-3.8 -3.7 0.00010044645 9.3292456e-05 0.00010997936 
-3.7 -3.6 0.00013586617 0.00012685168 0.00014641573 
-3.6 -3.5 0.00017766597 0.00016555771 0.00019202692 
-3.5 -3.4 0.00023192075 0.00021718993 0.00024760965 
-3.4 -3.3 0.00029553328 0.00027685896 0.0003153751 
-3.3 -3.2 0.00037097773 0.00035151185 0.00039543963 
-3.2 -3.1 0.00045641929 0.00043157742 0.00048364597 
-3.1 -3.0 0.00055334471 0.00052536555 0.00058318518 
-3.0 -2.9 0.00066390689 0.00063058751 0.00069874409 
-2.9 -2.8 0.00077803833 0.0007433988 0.00081529853 
-2.8 -2.7 0.0009090746 0.00086740382 0.00095490244 
-2.7 -2.6 0.0010390276 0.00099902116 0.0010846153 
-2.6 -2.5 0.0011850519 0.0011367694 0.001236716 
-2.5 -2.4 0.0013325526 0.0012808624 0.0013823677 
-2.4 -2.3 0.0014877446 0.0014318198 0.0015457239 
-2.3 -2.2 0.0016411572 0.0015840029 0.0017066518 
-2.2 -2.1 0.0018039847 0.0017393317 0.0018663594 
-2.1 -2.0 0.0019690627 0.0019028138 0.0020336294 
-2.0 -1.9 0.0021225105 0.0020536158 0.0021907273 
-1.9 -1.8 0.0022752553 0.0022042333 0.0023469723 
-1.8 -1.7 0.0024277506 0.0023516509 0.0025051737 
-1.7 -1.6 0.0025871312 0.0025101812 0.0026649526 
-1.6 -1.5 0.0027266462 0.0026475569 0.0028094498 
-1.5 -1.4 0.0028725996 0.0027932265 0.0029446344 
-1.4 -1.3 0.0029974975 0.0029130455 0.0030850381 
-1.3 -1.2 0.0031228728 0.0030334829 0.0032109345 
-1.2 -1.1 0.0032439205 0.0031544177 0.0033317457 
-1.1 -1.0 0.003346365 0.0032551999 0.0034369021 
-1.0 -0.9 0.0034443339 0.0033566468 0.0035301049 
-0.9 -0.8 0.0035444463 0.003447147 0.0036368842 
-0.8 -0.7 0.0036312758 0.003535544 0.003719857 
-0.7 -0.6 0.0036769835 0.0035897641 0.003770961 
-0.6 -0.5 0.0037481528 0.003645687 0.0038410359 
-0.5 -0.4 0.0038033868 0.0037038143 0.0038956885 
-0.4 -0.3 0.0038369543 0.003746061 0.003928151 
-0.3 -0.2 0.0038783878 0.003777395 0.003977126 
-0.2 -0.1 0.0038973291 0.0037991447 0.0039919364 
-0.1 0.0 0.0039027631 0.0038021436 0.003995623 
0.0 0.1 0.0039180301 0.0038182085 0.0040124872 
0.1 0.2 0.0038986484 0.0038009313 0.0039964828 
0.2 0.3 0.0038760566 0.0037780594 0.0039725489 
0.3 0.4 0.0038520092 0.0037570504 0.0039458903 
0.4 0.5 0.0038197511 0.00371573 0.0039119726 
0.5 0.6 0.003749433 0.0036555693 0.0038419943 
0.6 0.7 0.0036958844 0.0035989926 0.0037875088 
0.7 0.8 0.0036247321 0.0035316478 0.0037150745 
0.8 0.9 0.0035460789 0.0034550807 0.0036346383 
0.9 1.0 0.0034483177 0.00335631 0.0035383766 
1.0 1.1 0.0033439323 0.0032522517 0.0034325074 
1.1 1.2 0.003236099 0.00314847 0.0033236732 
1.2 1.3 0.0031266302 0.0030407414 0.0032057663 
1.3 1.4 0.0029990865 0.0029151112 0.0030896037 
1.4 1.5 0.0028726276 0.0027906537 0.0029530857 
1.5 1.6 0.0027383928 0.0026526193 0.0028163987 
1.6 1.7 0.0025849287 0.0025111028 0.0026633568 
1.7 1.8 0.0024315619 0.0023591916 0.0025095901 
1.8 1.9 0.0022957034 0.0022218424 0.0023669658 
1.9 2.0 0.0021266633 0.0020548604 0.0021993302 
2.0 2.1 0.0019601255 0.0018961686 0.0020255277 
2.1 2.2 0.001802863 0.0017402178 0.0018703399 
2.2 2.3 0.001639305 0.0015802959 0.0016990789 
2.3 2.4 0.0014935553 0.0014380755 0.0015471915 
2.4 2.5 0.00133028 0.0012798493 0.0013862057 
2.5 2.6 0.0011835634 0.0011360426 0.0012330759 
2.6 2.7 0.0010403535 0.00099757146 0.0010881321 
2.7 2.8 0.0009058241 0.0008665886 0.00094722821 
2.8 2.9 0.00077872441 0.00074226079 0.00081697027 
2.9 3.0 0.00066048895 0.0006289635 0.00069747517 
3.0 3.1 0.00055514079 0.00052552292 0.00058497238 
3.1 3.2 0.00045159183 0.00042810499 0.00047900976 
3.2 3.3 0.00037006334 0.00034952443 0.00039327874 
3.3 3.4 0.00029666054 0.00027891531 0.00031559406 
3.4 3.5 0.00023373051 0.00021892611 0.0002497571 
3.5 3.6 0.00017916348 0.00016709891 0.00019395973 
3.6 3.7 0.00013464633 0.00012496758 0.00014550707 
3.7 3.8 9.9651461e-05 9.234562e-05 0.00010783514 
3.8 3.9 7.1821222e-05 6.5787382e-05 7.8649069e-05 
3.9 4.0 4.8971906e-05 4.5571197e-05 5.5045672e-05 
4.0 4.1 3.4263909e-05 3.0735078e-05 3.730271e-05 
4.1 4.2 2.1424438e-05 1.9787307e-05 2.3851039e-05 
4.2 4.3 1.3955156e-05 1.2320583e-05 1.5642119e-05 
4.3 4.4 8.3327599e-06 7.3790095e-06 9.4438588e-06 
4.4 4.5 5.088719e-06 4.6144068e-06 5.7243344e-06 
4.5 4.6 2.6371723e-06 2.231518e-06 2.9207314e-06 
4.6 4.7 1.0560657e-06 9.6531265e-07 1.2870409e-06 
4.7 4.8 5.067483e-07 4.3291129e-07 5.2278529e-07 
4.8 4.9 1.5378344e-07 1.4128762e-07 1.8913641e-07 
4.9 5.0 4.3046537e-08 3.8689556e-08 4.9061052e-08 


# LO ptH_s {ptmin, ptmax, center, min, max}
0.0 30.0 7.3305416e-05 7.1891921e-05 7.4556167e-05 
30.0 60.0 0.00014620882 0.00014285673 0.00014931634 
60.0 90.0 0.00012484428 0.00012134736 0.00012827543 
90.0 120.0 7.9671982e-05 7.7038311e-05 8.2370767e-05 
120.0 150.0 4.5803571e-05 4.4030039e-05 4.7658798e-05 
150.0 180.0 2.5707062e-05 2.4603009e-05 2.6893361e-05 
180.0 210.0 1.4728458e-05 1.4018032e-05 1.5490071e-05 
210.0 240.0 8.7004161e-06 8.2578028e-06 9.1908394e-06 
240.0 270.0 5.3348704e-06 5.0351558e-06 5.6773729e-06 
270.0 300.0 3.3972257e-06 3.1918554e-06 3.6248232e-06 


# LO yH_s {ptmin, ptmax, center, min, max}
-5.0 -4.9 1.8742079e-07 1.8742079e-07 2.6546143e-07 
-4.9 -4.8 6.7148276e-07 5.0330808e-07 7.3323769e-07 
-4.8 -4.7 2.017045e-06 1.747675e-06 2.3647721e-06 
-4.7 -4.6 3.8081093e-06 3.181862e-06 4.3735647e-06 
-4.6 -4.5 7.1065047e-06 6.4389366e-06 8.6602212e-06 
-4.5 -4.4 1.3859462e-05 1.2080093e-05 1.5350366e-05 
-4.4 -4.3 2.1789992e-05 1.9287031e-05 2.5279903e-05 
-4.3 -4.2 3.3820404e-05 3.0159259e-05 3.84052e-05 
-4.2 -4.1 5.0854667e-05 4.4707619e-05 5.8662346e-05 
-4.1 -4.0 7.2372681e-05 6.4543708e-05 8.1503629e-05 
-4.0 -3.9 9.8359028e-05 9.0447761e-05 0.00010744353 
-3.9 -3.8 0.00013034896 0.00012025777 0.00014588652 
-3.8 -3.7 0.00016962612 0.00015167723 0.00018771878 
-3.7 -3.6 0.00021859414 0.0002024924 0.00023465878 
-3.6 -3.5 0.00026725561 0.00024766507 0.00029641038 
-3.5 -3.4 0.00033432261 0.00031154898 0.00035785162 
-3.4 -3.3 0.0004030292 0.00037742603 0.00043466918 
-3.3 -3.2 0.00048768494 0.00045593576 0.00052351063 
-3.2 -3.1 0.00057761439 0.00054470563 0.00061281163 
-3.1 -3.0 0.0006660749 0.00063074427 0.00071176624 
-3.0 -2.9 0.00077528621 0.0007338608 0.00081673603 
-2.9 -2.8 0.00089572737 0.0008515198 0.00094595712 
-2.8 -2.7 0.0010136654 0.00096749812 0.001062402 
-2.7 -2.6 0.0011449926 0.0010946474 0.0012025329 
-2.6 -2.5 0.0012769205 0.0012205583 0.001335605 
-2.5 -2.4 0.001425638 0.001366023 0.0014842454 
-2.4 -2.3 0.0015584933 0.001503913 0.0016223426 
-2.3 -2.2 0.0017096605 0.0016466097 0.0017716631 
-2.2 -2.1 0.0018558148 0.0017866137 0.0019238104 
-2.1 -2.0 0.0020058695 0.0019388713 0.0020765112 
-2.0 -1.9 0.0021489983 0.0020788771 0.0022224459 
-1.9 -1.8 0.0022926616 0.0022223287 0.0023602112 
-1.8 -1.7 0.0024275422 0.0023541176 0.0025021729 
-1.7 -1.6 0.0025681138 0.0024948494 0.0026404048 
-1.6 -1.5 0.0026980527 0.0026218259 0.0027725485 
-1.5 -1.4 0.0028162733 0.0027363757 0.002893768 
-1.4 -1.3 0.0029383433 0.0028613429 0.0030130661 
-1.3 -1.2 0.0030514955 0.0029725816 0.0031315241 
-1.2 -1.1 0.0031566316 0.0030726422 0.003231386 
-1.1 -1.0 0.0032432466 0.0031644897 0.0033250871 
-1.0 -0.9 0.0033457805 0.0032606317 0.0034270126 
-0.9 -0.8 0.0034200797 0.0033322474 0.0034918318 
-0.8 -0.7 0.0034801607 0.0034006402 0.0035655472 
-0.7 -0.6 0.0035522076 0.0034681749 0.0036327236 
-0.6 -0.5 0.0036011344 0.0035138765 0.0036777076 
-0.5 -0.4 0.0036379948 0.0035543857 0.0037228978 
-0.4 -0.3 0.0036871335 0.0035986383 0.0037641114 
-0.3 -0.2 0.0037060782 0.003619084 0.0037865794 
-0.2 -0.1 0.003724857 0.0036369391 0.0038043263 
-0.1 0.0 0.0037324698 0.0036453612 0.0038143912 
0.0 0.1 0.0037330394 0.0036488111 0.0038111087 
0.1 0.2 0.0037223981 0.0036363274 0.0038068206 
0.2 0.3 0.0037168895 0.0036308622 0.0037920735 
0.3 0.4 0.0036745634 0.0035905726 0.0037581065 
0.4 0.5 0.0036523128 0.003559943 0.003731029 
0.5 0.6 0.0036041706 0.0035217784 0.0036849564 
0.6 0.7 0.0035524355 0.0034670362 0.0036252546 
0.7 0.8 0.0034842796 0.003400086 0.0035694724 
0.8 0.9 0.0034224789 0.0033404443 0.0034993375 
0.9 1.0 0.0033411819 0.0032520491 0.0034271909 
1.0 1.1 0.0032440096 0.0031665645 0.0033165308 
1.1 1.2 0.0031585303 0.0030759625 0.003236189 
1.2 1.3 0.0030553381 0.0029777497 0.0031319265 
1.3 1.4 0.0029499698 0.0028693114 0.0030282006 
1.4 1.5 0.0028207612 0.0027428384 0.0029014873 
1.5 1.6 0.0026965991 0.0026199196 0.0027662263 
1.6 1.7 0.0025696149 0.0024919142 0.0026457891 
1.7 1.8 0.0024294964 0.0023578137 0.0025054094 
1.8 1.9 0.0022858704 0.0022149274 0.0023542665 
1.9 2.0 0.0021402169 0.0020744028 0.0022102841 
2.0 2.1 0.0020032089 0.0019332983 0.0020750261 
2.1 2.2 0.0018564678 0.0017915886 0.0019206044 
2.2 2.3 0.0017105732 0.0016486732 0.0017726053 
2.3 2.4 0.0015658638 0.0015058217 0.0016317712 
2.4 2.5 0.0014243165 0.0013691512 0.0014889435 
2.5 2.6 0.001286645 0.0012279011 0.0013391447 
2.6 2.7 0.0011405418 0.0010888129 0.0011999421 
2.7 2.8 0.0010131732 0.000965363 0.0010633579 
2.8 2.9 0.00088805136 0.00084587916 0.00093647162 
2.9 3.0 0.00077542504 0.00073880189 0.00082576217 
3.0 3.1 0.00067066702 0.00063437572 0.00070911233 
3.1 3.2 0.00057873902 0.00054500212 0.00061261772 
3.2 3.3 0.00048633884 0.00045345949 0.00052265759 
3.3 3.4 0.00040425484 0.00037868227 0.00043393568 
3.4 3.5 0.00033471277 0.00031096804 0.00036160736 
3.5 3.6 0.00027071845 0.00025207429 0.00029436748 
3.6 3.7 0.00021737102 0.0001996499 0.00023952947 
3.7 3.8 0.00017175655 0.00015607913 0.00018869481 
3.8 3.9 0.00013292469 0.00012162537 0.00014523183 
3.9 4.0 9.4339978e-05 8.6797829e-05 0.0001091014 
4.0 4.1 7.2156817e-05 6.3666962e-05 7.9001662e-05 
4.1 4.2 4.9687779e-05 4.3614601e-05 5.7127348e-05 
4.2 4.3 3.3167037e-05 3.119366e-05 3.684728e-05 
4.3 4.4 2.4162528e-05 2.0985588e-05 2.6301461e-05 
4.4 4.5 1.3161619e-05 1.1634723e-05 1.5603897e-05 
4.5 4.6 7.945405e-06 6.9632503e-06 9.2727758e-06 
4.6 4.7 4.0866661e-06 3.3866174e-06 5.009651e-06 
4.7 4.8 1.7770544e-06 1.5952558e-06 2.0136998e-06 
4.8 4.9 6.6199604e-07 5.9340483e-07 8.5426325e-07 
4.9 5.0 2.0499178e-07 1.4081715e-07 2.5483577e-07 


