# create_lambda_band.py -l 1.5 -lo
# LO cross-section {center, min, max}
0.006647367 0.0063256085 0.0070008138 


# LO ptHH {ptmin, ptmax, center, min, max}
0.0 30.0 1.8340451e-05 1.7623216e-05 1.9073048e-05 
30.0 60.0 4.1503065e-05 3.9740003e-05 4.3369859e-05 
60.0 90.0 4.3293862e-05 4.1312774e-05 4.5465171e-05 
90.0 120.0 3.4647031e-05 3.2949266e-05 3.6510052e-05 
120.0 150.0 2.4856369e-05 2.3578708e-05 2.6274279e-05 
150.0 180.0 1.7030372e-05 1.6139573e-05 1.8036353e-05 
180.0 210.0 1.1606407e-05 1.0989601e-05 1.2318279e-05 
210.0 240.0 8.0185981e-06 7.577796e-06 8.4984414e-06 
240.0 270.0 5.6430904e-06 5.3270535e-06 6.0101568e-06 
270.0 300.0 4.0003784e-06 3.7799618e-06 4.2488632e-06 


# LO yHH {ptmin, ptmax, center, min, max}
-5.0 -4.9 0.0 0.0 0.0 
-4.9 -4.8 0.0 0.0 0.0 
-4.8 -4.7 0.0 0.0 0.0 
-4.7 -4.6 2.0670757e-14 7.9833912e-15 2.0670757e-14 
-4.6 -4.5 2.6614179e-11 1.5519627e-11 2.6614179e-11 
-4.5 -4.4 2.5917719e-10 2.1867562e-10 3.8079896e-10 
-4.4 -4.3 2.6107735e-09 2.2683424e-09 3.1608538e-09 
-4.3 -4.2 1.4012759e-08 1.2838421e-08 1.4012759e-08 
-4.2 -4.1 5.0119514e-08 4.4632873e-08 5.4854362e-08 
-4.1 -4.0 1.4989862e-07 1.3380839e-07 1.5971934e-07 
-4.0 -3.9 3.9863843e-07 3.7745633e-07 4.2740879e-07 
-3.9 -3.8 8.8278881e-07 8.2988121e-07 9.5783558e-07 
-3.8 -3.7 1.8399171e-06 1.7242152e-06 1.9869318e-06 
-3.7 -3.6 3.3965457e-06 3.1670666e-06 3.6619795e-06 
-3.6 -3.5 6.2339729e-06 5.8958817e-06 6.6915074e-06 
-3.5 -3.4 1.0370215e-05 9.8583973e-06 1.1006606e-05 
-3.4 -3.3 1.6308372e-05 1.5263324e-05 1.6997427e-05 
-3.3 -3.2 2.4729081e-05 2.344205e-05 2.6503949e-05 
-3.2 -3.1 3.7167845e-05 3.5285328e-05 3.8607571e-05 
-3.1 -3.0 5.1844633e-05 4.8959296e-05 5.53016e-05 
-3.0 -2.9 7.131232e-05 6.8350258e-05 7.5045613e-05 
-2.9 -2.8 9.8947846e-05 9.3717114e-05 0.00010441594 
-2.8 -2.7 0.00012947379 0.0001238455 0.0001358148 
-2.7 -2.6 0.00016646657 0.00015801553 0.00017477874 
-2.6 -2.5 0.00021254309 0.00020274466 0.00022292328 
-2.5 -2.4 0.00026338666 0.00025122509 0.00027647227 
-2.4 -2.3 0.00032389967 0.00030988686 0.00033965358 
-2.3 -2.2 0.00039469097 0.00037543817 0.00041312488 
-2.2 -2.1 0.00046290234 0.0004428817 0.00048620868 
-2.1 -2.0 0.00054482963 0.00051901257 0.00057153535 
-2.0 -1.9 0.00062831661 0.00060241426 0.00065980329 
-1.9 -1.8 0.00072386111 0.00069080062 0.00075788306 
-1.8 -1.7 0.00082266351 0.0007827238 0.00086285802 
-1.7 -1.6 0.00091966799 0.00087786698 0.00096705601 
-1.6 -1.5 0.0010273467 0.0009795726 0.0010797926 
-1.5 -1.4 0.0011328634 0.0010806807 0.0011907737 
-1.4 -1.3 0.0012372789 0.0011797598 0.0013009309 
-1.3 -1.2 0.0013473192 0.0012812061 0.0014152495 
-1.2 -1.1 0.0014497986 0.0013816704 0.0015256132 
-1.1 -1.0 0.0015499911 0.0014765157 0.0016296214 
-1.0 -0.9 0.0016429418 0.0015650105 0.0017306121 
-0.9 -0.8 0.001739037 0.0016523771 0.0018313303 
-0.8 -0.7 0.0018254894 0.0017354648 0.0019231028 
-0.7 -0.6 0.0019032896 0.0018092059 0.002009539 
-0.6 -0.5 0.00196915 0.0018731121 0.0020749136 
-0.5 -0.4 0.0020237795 0.0019228178 0.0021357851 
-0.4 -0.3 0.0020770685 0.0019724224 0.0021935937 
-0.3 -0.2 0.0021066734 0.0020036184 0.0022257413 
-0.2 -0.1 0.0021334156 0.0020247359 0.0022506561 
-0.1 0.0 0.0021453695 0.0020385711 0.002266038 
0.0 0.1 0.0021469643 0.0020378206 0.0022659608 
0.1 0.2 0.0021327767 0.0020235943 0.0022533598 
0.2 0.3 0.0021112034 0.002005376 0.0022292586 
0.3 0.4 0.0020761458 0.001970053 0.0021916647 
0.4 0.5 0.0020226243 0.0019243671 0.0021365181 
0.5 0.6 0.0019647095 0.0018673549 0.0020740727 
0.6 0.7 0.0019041825 0.0018114177 0.0020029826 
0.7 0.8 0.0018269153 0.0017348749 0.0019252574 
0.8 0.9 0.001744292 0.0016581321 0.0018403703 
0.9 1.0 0.0016448136 0.0015681076 0.0017332921 
1.0 1.1 0.0015463045 0.0014716891 0.0016268059 
1.1 1.2 0.0014517134 0.0013835203 0.0015250594 
1.2 1.3 0.0013503371 0.0012868466 0.0014178221 
1.3 1.4 0.0012382917 0.0011794706 0.001304136 
1.4 1.5 0.0011320535 0.0010788923 0.0011904639 
1.5 1.6 0.0010289471 0.00098221403 0.0010815021 
1.6 1.7 0.00092331921 0.00088115383 0.00096718926 
1.7 1.8 0.0008228365 0.00078583806 0.00086333416 
1.8 1.9 0.0007241624 0.00068933972 0.00076043769 
1.9 2.0 0.00063082619 0.0006033929 0.00066149727 
2.0 2.1 0.00054455894 0.00051959687 0.00057276565 
2.1 2.2 0.00046344661 0.00044189187 0.00048511203 
2.2 2.3 0.00038890422 0.00037216258 0.00040782897 
2.3 2.4 0.00032531903 0.00030924563 0.00034043935 
2.4 2.5 0.00026370406 0.00025282588 0.00027764005 
2.5 2.6 0.00021327632 0.00020280964 0.0002226102 
2.6 2.7 0.00016760159 0.00015874095 0.00017746066 
2.7 2.8 0.00012947781 0.00012455334 0.0001350754 
2.8 2.9 9.9406243e-05 9.4642802e-05 0.00010423191 
2.9 3.0 7.3317138e-05 6.9548508e-05 7.745525e-05 
3.0 3.1 5.2232871e-05 4.956255e-05 5.5475397e-05 
3.1 3.2 3.6446562e-05 3.449768e-05 3.8757157e-05 
3.2 3.3 2.5178421e-05 2.3944504e-05 2.6417363e-05 
3.3 3.4 1.6264533e-05 1.540824e-05 1.7128329e-05 
3.4 3.5 1.0619872e-05 1.003042e-05 1.1237985e-05 
3.5 3.6 6.4526399e-06 6.1793117e-06 6.8014523e-06 
3.6 3.7 3.5421831e-06 3.2024534e-06 3.8293582e-06 
3.7 3.8 1.8162695e-06 1.7263411e-06 2.0098784e-06 
3.8 3.9 8.6430274e-07 8.1216092e-07 9.6183045e-07 
3.9 4.0 4.0859699e-07 3.7024602e-07 4.2245131e-07 
4.0 4.1 1.7844718e-07 1.5271928e-07 1.7844718e-07 
4.1 4.2 5.56878e-08 4.9007949e-08 5.56878e-08 
4.2 4.3 1.2129005e-08 1.1835192e-08 1.6360723e-08 
4.3 4.4 2.4817314e-09 2.1899379e-09 2.8109678e-09 
4.4 4.5 2.524123e-10 2.524123e-10 3.0696736e-10 
4.5 4.6 2.12495e-11 7.4231975e-12 2.12495e-11 
4.6 4.7 2.5023358e-15 2.5023358e-15 1.3365521e-14 
4.7 4.8 0.0 0.0 0.0 
4.8 4.9 0.0 0.0 0.0 
4.9 5.0 0.0 0.0 0.0 


# LO mHH {ptmin, ptmax, center, min, max}
0.0 200.0 0.0 0.0 0.0 
200.0 400.0 7.375449e-06 7.2290266e-06 7.5003943e-06 
400.0 600.0 9.91416e-06 9.5591017e-06 1.0271549e-05 
600.0 800.0 6.3465319e-06 6.0170608e-06 6.7105586e-06 
800.0 1000.0 3.6334157e-06 3.395144e-06 3.9018568e-06 
1000.0 1200.0 2.1136505e-06 1.9553381e-06 2.2992871e-06 
1200.0 1400.0 1.2832486e-06 1.1743873e-06 1.4143143e-06 
1400.0 1600.0 8.0688575e-07 7.3334098e-07 8.9645996e-07 
1600.0 1800.0 5.2458341e-07 4.7170417e-07 5.8680306e-07 
1800.0 2000.0 3.5168363e-07 3.160136e-07 3.9746377e-07 


# LO phiHH {ptmin, ptmax, center, min, max}
0.0 0.31415927 0.0011790958 0.0011246354 0.0012395971 
0.31415927 0.62831853 0.0011632095 0.0011088761 0.0012217037 
0.62831853 0.9424778 0.0011785403 0.001124557 0.0012384392 
0.9424778 1.2566371 0.0012584272 0.0011997842 0.0013232562 
1.2566371 1.5707963 0.0014130452 0.001347161 0.0014853835 
1.5707963 1.8849556 0.0016791342 0.0015989173 0.0017663266 
1.8849556 2.1991149 0.0020954826 0.0019965629 0.0022044241 
2.1991149 2.5132741 0.0027318608 0.0026001776 0.002876981 
2.5132741 2.8274334 0.0036509243 0.003471928 0.0038461884 
2.8274334 3.1415927 0.0048095062 0.0045624375 0.0050819825 


# LO ptH_h {ptmin, ptmax, center, min, max}
0.0 30.0 2.3747594e-06 2.3077145e-06 2.43932e-06 
30.0 60.0 2.0405053e-05 1.9709517e-05 2.1116546e-05 
60.0 90.0 3.9419893e-05 3.7862262e-05 4.1052443e-05 
90.0 120.0 4.226387e-05 4.0399425e-05 4.4266715e-05 
120.0 150.0 3.4700736e-05 3.3012509e-05 3.6533137e-05 
150.0 180.0 2.5158305e-05 2.3853282e-05 2.6622634e-05 
180.0 210.0 1.7243176e-05 1.6305495e-05 1.8316044e-05 
210.0 240.0 1.159954e-05 1.0920539e-05 1.2374322e-05 
240.0 270.0 7.8318515e-06 7.3434322e-06 8.367743e-06 
270.0 300.0 5.3290715e-06 4.9987503e-06 5.7234813e-06 


# LO yH_h {ptmin, ptmax, center, min, max}
-5.0 -4.9 6.118167e-08 5.8799634e-08 8.4435383e-08 
-4.9 -4.8 1.7874394e-07 1.6397798e-07 2.3207402e-07 
-4.8 -4.7 6.3863388e-07 5.0783101e-07 7.1910057e-07 
-4.7 -4.6 1.3801798e-06 1.2846913e-06 1.7316568e-06 
-4.6 -4.5 3.0019378e-06 2.6115421e-06 3.4861525e-06 
-4.5 -4.4 5.7138294e-06 5.1763816e-06 6.3355958e-06 
-4.4 -4.3 9.9567131e-06 8.8579786e-06 1.1101216e-05 
-4.3 -4.2 1.6536714e-05 1.4892705e-05 1.8381492e-05 
-4.2 -4.1 2.5810623e-05 2.3596861e-05 2.8435785e-05 
-4.1 -4.0 3.7483581e-05 3.4585295e-05 4.1514821e-05 
-4.0 -3.9 5.4049741e-05 4.9347635e-05 5.8816399e-05 
-3.9 -3.8 7.3073753e-05 6.7044657e-05 8.0097806e-05 
-3.8 -3.7 9.5997976e-05 8.8606391e-05 0.00010511183 
-3.7 -3.6 0.00012305656 0.00011361349 0.00013399888 
-3.6 -3.5 0.00015407716 0.00014321777 0.00016686762 
-3.5 -3.4 0.00019191245 0.00017866558 0.00020643523 
-3.4 -3.3 0.00022965647 0.0002144418 0.00024764541 
-3.3 -3.2 0.00027306867 0.0002556651 0.00029303452 
-3.2 -3.1 0.00031835077 0.00029763176 0.00034106947 
-3.1 -3.0 0.00036601554 0.00034352067 0.00039008235 
-3.0 -2.9 0.00041612416 0.0003914123 0.00044483796 
-2.9 -2.8 0.00046499568 0.00043796973 0.00049565769 
-2.8 -2.7 0.0005177249 0.000489152 0.00055040263 
-2.7 -2.6 0.00057315336 0.00054009674 0.00060833722 
-2.6 -2.5 0.00062624231 0.00059157735 0.00066510515 
-2.5 -2.4 0.00067882444 0.00064174119 0.00071858353 
-2.4 -2.3 0.00072788897 0.00069021731 0.00077191545 
-2.3 -2.2 0.00078790179 0.00074491098 0.00083294213 
-2.2 -2.1 0.00083192122 0.00079055989 0.00087904798 
-2.1 -2.0 0.00088134932 0.00083793998 0.00093029107 
-2.0 -1.9 0.00092402931 0.00087828576 0.00097399661 
-1.9 -1.8 0.00097208097 0.0009239324 0.0010239669 
-1.8 -1.7 0.0010194218 0.00096992748 0.0010738279 
-1.7 -1.6 0.001060059 0.0010109292 0.0011165309 
-1.6 -1.5 0.0011027621 0.0010479825 0.0011596173 
-1.5 -1.4 0.0011356038 0.0010819408 0.0011951854 
-1.4 -1.3 0.001174482 0.0011210748 0.0012365964 
-1.3 -1.2 0.0012031261 0.0011479831 0.0012594276 
-1.2 -1.1 0.0012335709 0.0011795034 0.0012969284 
-1.1 -1.0 0.0012589416 0.0012039815 0.0013210457 
-1.0 -0.9 0.0012943088 0.0012316284 0.0013574435 
-0.9 -0.8 0.0013114422 0.0012542627 0.0013729007 
-0.8 -0.7 0.0013378253 0.0012792241 0.0014052436 
-0.7 -0.6 0.0013484767 0.0012883783 0.0014113298 
-0.6 -0.5 0.0013661334 0.0013055604 0.0014295835 
-0.5 -0.4 0.0013840723 0.0013227701 0.0014477534 
-0.4 -0.3 0.0013968013 0.0013384206 0.0014641542 
-0.3 -0.2 0.0014020102 0.0013387419 0.0014680159 
-0.2 -0.1 0.0014040904 0.0013457898 0.0014694985 
-0.1 0.0 0.001412071 0.0013505419 0.0014800782 
0.0 0.1 0.0014070283 0.0013450223 0.0014734393 
0.1 0.2 0.0014059005 0.0013437798 0.0014690539 
0.2 0.3 0.0013999233 0.0013387594 0.0014638262 
0.3 0.4 0.0013901525 0.0013332682 0.0014575467 
0.4 0.5 0.0013825656 0.0013218777 0.0014476116 
0.5 0.6 0.0013770996 0.0013153162 0.0014425494 
0.6 0.7 0.0013549348 0.001294518 0.0014203999 
0.7 0.8 0.0013341613 0.0012770768 0.0013948608 
0.8 0.9 0.0013103854 0.0012520073 0.0013782313 
0.9 1.0 0.0012891701 0.0012312399 0.0013516997 
1.0 1.1 0.0012652692 0.0012088682 0.0013246663 
1.1 1.2 0.0012386821 0.0011816582 0.0012993499 
1.2 1.3 0.0012080449 0.0011508342 0.0012728756 
1.3 1.4 0.001174582 0.0011198373 0.0012291852 
1.4 1.5 0.0011365805 0.0010867121 0.001196446 
1.5 1.6 0.0010987717 0.0010453217 0.0011572526 
1.6 1.7 0.0010541978 0.0010033697 0.0011105717 
1.7 1.8 0.0010170443 0.00096822772 0.001071296 
1.8 1.9 0.0009745037 0.00092606626 0.0010262573 
1.9 2.0 0.00093370495 0.00088757797 0.00098329846 
2.0 2.1 0.00088582669 0.00083894522 0.00093692211 
2.1 2.2 0.00083545896 0.00079217814 0.00088235655 
2.2 2.3 0.00078236642 0.00074198319 0.00082670536 
2.3 2.4 0.00073162427 0.00069528774 0.00077565968 
2.4 2.5 0.00068107487 0.00064268636 0.00072321469 
2.5 2.6 0.00062775738 0.00059498379 0.00066436336 
2.6 2.7 0.00057471339 0.00054119089 0.00060942927 
2.7 2.8 0.00051906386 0.00049131488 0.00055447394 
2.8 2.9 0.0004666777 0.0004382073 0.00049677186 
2.9 3.0 0.00041310803 0.00038801781 0.00044308282 
3.0 3.1 0.0003647772 0.00034201646 0.00038796477 
3.1 3.2 0.00031816035 0.00029930135 0.00034023989 
3.2 3.3 0.00027257445 0.00025432331 0.00029280427 
3.3 3.4 0.00022970585 0.00021468556 0.00024766947 
3.4 3.5 0.00018915368 0.00017589459 0.00020338651 
3.5 3.6 0.0001559903 0.00014485121 0.00016880779 
3.6 3.7 0.00012412916 0.00011496956 0.00013432238 
3.7 3.8 9.5751005e-05 8.8031388e-05 0.00010537184 
3.8 3.9 7.2506973e-05 6.6801481e-05 7.8812705e-05 
3.9 4.0 5.2915896e-05 4.8218063e-05 5.9041204e-05 
4.0 4.1 3.6772262e-05 3.4223851e-05 4.0627481e-05 
4.1 4.2 2.5804863e-05 2.2705654e-05 2.7889617e-05 
4.2 4.3 1.6370604e-05 1.5212677e-05 1.8261797e-05 
4.3 4.4 1.0071075e-05 9.2811958e-06 1.1511453e-05 
4.4 4.5 5.9497331e-06 4.9585286e-06 6.3387892e-06 
4.5 4.6 2.9397928e-06 2.5609019e-06 3.6399731e-06 
4.6 4.7 1.4200822e-06 1.2716197e-06 1.6463217e-06 
4.7 4.8 5.7083949e-07 4.9772218e-07 6.7005181e-07 
4.8 4.9 1.9584911e-07 1.516008e-07 2.1784367e-07 
4.9 5.0 4.8233786e-08 4.6397945e-08 5.9944866e-08 


# LO ptH_s {ptmin, ptmax, center, min, max}
0.0 30.0 3.2467932e-05 3.1180969e-05 3.3838261e-05 
30.0 60.0 6.2021021e-05 5.9335194e-05 6.4897534e-05 
60.0 90.0 5.0679009e-05 4.8290421e-05 5.3283671e-05 
90.0 120.0 3.1521607e-05 2.9899185e-05 3.3321334e-05 
120.0 150.0 1.782741e-05 1.6844372e-05 1.8925606e-05 
150.0 180.0 9.9925583e-06 9.4148588e-06 1.0659705e-05 
180.0 210.0 5.7482482e-06 5.3939403e-06 6.1529902e-06 
210.0 240.0 3.4269714e-06 3.2043307e-06 3.6704426e-06 
240.0 270.0 2.1320403e-06 1.9882064e-06 2.2970149e-06 
270.0 300.0 1.383801e-06 1.2934482e-06 1.4938119e-06 


# LO yH_s {ptmin, ptmax, center, min, max}
-5.0 -4.9 2.2999146e-07 1.8989583e-07 3.0590537e-07 
-4.9 -4.8 8.1155801e-07 6.4994373e-07 9.1051557e-07 
-4.8 -4.7 2.1839817e-06 1.8515662e-06 2.6852044e-06 
-4.7 -4.6 4.918227e-06 4.2117904e-06 5.8284365e-06 
-4.6 -4.5 9.1025383e-06 7.8648367e-06 1.0656895e-05 
-4.5 -4.4 1.6270357e-05 1.4156247e-05 1.8494805e-05 
-4.4 -4.3 2.6043331e-05 2.3372657e-05 3.0107999e-05 
-4.3 -4.2 4.08648e-05 3.6707476e-05 4.6597385e-05 
-4.2 -4.1 6.1840772e-05 5.5345467e-05 6.8425494e-05 
-4.1 -4.0 8.3969773e-05 7.6352496e-05 9.4314509e-05 
-4.0 -3.9 0.00011323802 0.00010157257 0.00012504558 
-3.9 -3.8 0.00014439394 0.00013310701 0.00016237842 
-3.8 -3.7 0.00018524724 0.0001704016 0.00020306744 
-3.7 -3.6 0.00022854111 0.0002083528 0.00025043251 
-3.6 -3.5 0.00027683287 0.00025484061 0.00030272028 
-3.5 -3.4 0.00032290542 0.00029853882 0.00034950478 
-3.4 -3.3 0.00036937306 0.00034328573 0.00040367492 
-3.3 -3.2 0.00042669757 0.00039602896 0.00046055774 
-3.2 -3.1 0.00047719168 0.00044381351 0.0005157009 
-3.1 -3.0 0.00052983496 0.00049387107 0.00056959752 
-3.0 -2.9 0.00058486588 0.00054868473 0.00063117973 
-2.9 -2.8 0.00063799871 0.00059763692 0.00068367244 
-2.8 -2.7 0.00068305254 0.00064112774 0.00073361805 
-2.7 -2.6 0.00073266513 0.0006897429 0.00078300949 
-2.6 -2.5 0.00078080133 0.0007358879 0.00083133524 
-2.5 -2.4 0.00082108784 0.0007709927 0.0008736507 
-2.4 -2.3 0.00086259185 0.00081469552 0.00091572523 
-2.3 -2.2 0.00089564575 0.0008485364 0.00095173926 
-2.2 -2.1 0.00093380505 0.0008846718 0.00098730795 
-2.1 -2.0 0.00095966077 0.00091114199 0.0010146478 
-2.0 -1.9 0.00098773555 0.00093880175 0.0010413608 
-1.9 -1.8 0.0010109578 0.00096061524 0.0010678198 
-1.8 -1.7 0.0010346343 0.00098434764 0.0010876461 
-1.7 -1.6 0.0010511406 0.0010021364 0.0011046413 
-1.6 -1.5 0.0010716897 0.0010248125 0.0011262264 
-1.5 -1.4 0.0010854452 0.0010338138 0.0011369246 
-1.4 -1.3 0.0010943881 0.0010484107 0.0011442911 
-1.3 -1.2 0.0011059615 0.0010586438 0.0011557187 
-1.2 -1.1 0.0011126164 0.0010650861 0.0011632975 
-1.1 -1.0 0.0011188837 0.0010736653 0.0011687142 
-1.0 -0.9 0.0011251258 0.0010796629 0.0011694858 
-0.9 -0.8 0.0011280835 0.0010839866 0.0011734125 
-0.8 -0.7 0.0011293689 0.0010854353 0.0011739712 
-0.7 -0.6 0.0011332398 0.0010915176 0.0011765628 
-0.6 -0.5 0.0011398115 0.001096318 0.0011832153 
-0.5 -0.4 0.0011349628 0.0010961258 0.0011788919 
-0.4 -0.3 0.0011395238 0.0010968111 0.0011814235 
-0.3 -0.2 0.0011391345 0.0010996833 0.0011786226 
-0.2 -0.1 0.0011388342 0.0010981769 0.0011805244 
-0.1 0.0 0.0011377007 0.0010986281 0.0011804094 
0.0 0.1 0.0011411449 0.001099409 0.0011821737 
0.1 0.2 0.0011406045 0.0010995638 0.001181413 
0.2 0.3 0.0011383731 0.0010976606 0.001180016 
0.3 0.4 0.0011350514 0.0010953121 0.0011785101 
0.4 0.5 0.0011394232 0.0010972244 0.0011808169 
0.5 0.6 0.0011359326 0.0010924201 0.0011795016 
0.6 0.7 0.0011367342 0.0010939894 0.0011786572 
0.7 0.8 0.0011307022 0.0010870972 0.0011769762 
0.8 0.9 0.0011289034 0.0010852281 0.0011749944 
0.9 1.0 0.0011270925 0.0010818469 0.001173706 
1.0 1.1 0.0011188421 0.0010748134 0.0011678066 
1.1 1.2 0.0011102753 0.0010640585 0.0011599558 
1.2 1.3 0.0011044651 0.0010582362 0.0011538215 
1.3 1.4 0.001094482 0.0010460314 0.0011442267 
1.4 1.5 0.0010801759 0.0010325862 0.0011330418 
1.5 1.6 0.0010685282 0.0010211714 0.0011187102 
1.6 1.7 0.0010509442 0.0010009879 0.0011051992 
1.7 1.8 0.0010362162 0.00098794809 0.0010904449 
1.8 1.9 0.0010133413 0.0009608842 0.0010695419 
1.9 2.0 0.00098903123 0.00093888569 0.0010433732 
2.0 2.1 0.00095887125 0.00091081723 0.0010151459 
2.1 2.2 0.00093010741 0.00088209485 0.00098362394 
2.2 2.3 0.00089994399 0.00084833281 0.00095366935 
2.3 2.4 0.00086037789 0.00081660746 0.00091399374 
2.4 2.5 0.0008240316 0.00077461016 0.00087587648 
2.5 2.6 0.00077902312 0.00073415144 0.00083172891 
2.6 2.7 0.00073847492 0.00069455173 0.00078968853 
2.7 2.8 0.00068478631 0.00064382218 0.00073363704 
2.8 2.9 0.00063449501 0.00059607762 0.00068048869 
2.9 3.0 0.00058805793 0.0005478199 0.00062934951 
3.0 3.1 0.00052991432 0.00049722755 0.00057484902 
3.1 3.2 0.00048191852 0.00044611148 0.00051796252 
3.2 3.3 0.00042488921 0.0003947784 0.0004589588 
3.3 3.4 0.00037144012 0.00034490869 0.00040780342 
3.4 3.5 0.00032497635 0.00030006652 0.0003503082 
3.5 3.6 0.00027005374 0.0002500855 0.00029718119 
3.6 3.7 0.00022699489 0.00020604706 0.00024739574 
3.7 3.8 0.00018531597 0.00017123267 0.00020594615 
3.8 3.9 0.00014784249 0.00013378175 0.00016435454 
3.9 4.0 0.00011406564 0.00010305812 0.00012435139 
4.0 4.1 8.3098902e-05 7.7058213e-05 9.5313326e-05 
4.1 4.2 6.222609e-05 5.3700931e-05 6.7762898e-05 
4.2 4.3 4.0365078e-05 3.577983e-05 4.7162424e-05 
4.3 4.4 2.6033855e-05 2.338026e-05 2.950561e-05 
4.4 4.5 1.6317156e-05 1.4676532e-05 1.8341979e-05 
4.5 4.6 9.6029063e-06 8.692269e-06 1.0945875e-05 
4.6 4.7 4.9387415e-06 4.1181739e-06 5.6726725e-06 
4.7 4.8 2.183046e-06 1.9156311e-06 2.7467446e-06 
4.8 4.9 8.0439966e-07 6.3218569e-07 9.5107618e-07 
4.9 5.0 2.2179547e-07 1.7861429e-07 3.2847582e-07 


