# create_lambda_band.py -l 0.5 -n3lo
# N3LO cross-section {center, min, max}
0.012813887 0.012809435 0.012826315 


# N3LO ptHH {ptmin, ptmax, center, min, max}
0.0 30.0 3.9660607e-05 3.9632763e-05 3.9723424e-05 
30.0 60.0 8.951246e-05 8.9466616e-05 8.9622761e-05 
60.0 90.0 9.1827138e-05 9.179645e-05 9.1918967e-05 
90.0 120.0 7.0930476e-05 7.0910355e-05 7.0992882e-05 
120.0 150.0 4.813953e-05 4.8128852e-05 4.8168785e-05 
150.0 180.0 3.0727499e-05 3.0722463e-05 3.0748951e-05 
180.0 210.0 1.9395972e-05 1.9389307e-05 1.9408325e-05 
210.0 240.0 1.2163892e-05 1.2162073e-05 1.2167967e-05 
240.0 270.0 7.7850042e-06 7.7850042e-06 7.7931662e-06 
270.0 300.0 5.0611632e-06 5.0602759e-06 5.0626642e-06 


# N3LO yHH {ptmin, ptmax, center, min, max}
-5.0 -4.9 0.0 0.0 0.0 
-4.9 -4.8 0.0 0.0 0.0 
-4.8 -4.7 0.0 0.0 0.0 
-4.7 -4.6 1.4922375e-13 7.0812653e-14 1.7771169e-13 
-4.6 -4.5 4.2098481e-11 3.6160621e-11 5.4084469e-11 
-4.5 -4.4 1.3599208e-09 1.1599267e-09 1.4271092e-09 
-4.4 -4.3 1.121962e-08 1.0600306e-08 1.1299862e-08 
-4.3 -4.2 5.7751415e-08 5.7751415e-08 5.9160193e-08 
-4.2 -4.1 2.5942444e-07 2.5229167e-07 2.6295872e-07 
-4.1 -4.0 6.6689349e-07 6.6511557e-07 6.7191815e-07 
-4.0 -3.9 1.7471476e-06 1.7368607e-06 1.7490356e-06 
-3.9 -3.8 4.0042817e-06 3.9739674e-06 4.0069688e-06 
-3.8 -3.7 7.7191541e-06 7.683676e-06 7.741272e-06 
-3.7 -3.6 1.4176383e-05 1.4165823e-05 1.4241031e-05 
-3.6 -3.5 2.4273681e-05 2.4165773e-05 2.430322e-05 
-3.5 -3.4 3.8612566e-05 3.8579939e-05 3.8691971e-05 
-3.4 -3.3 5.8769471e-05 5.8747608e-05 5.8896454e-05 
-3.3 -3.2 8.6464347e-05 8.6322453e-05 8.6601824e-05 
-3.2 -3.1 0.00012250162 0.0001223421 0.00012269824 
-3.1 -3.0 0.00016626828 0.00016594556 0.00016651778 
-3.0 -2.9 0.00022568567 0.00022548819 0.00022599189 
-2.9 -2.8 0.0002922265 0.00029183201 0.00029291288 
-2.8 -2.7 0.00036658117 0.00036638982 0.00036729566 
-2.7 -2.6 0.00045909087 0.00045796429 0.00045962249 
-2.6 -2.5 0.0005591716 0.0005586224 0.00056038902 
-2.5 -2.4 0.00067298256 0.00067230401 0.00067413972 
-2.4 -2.3 0.00080081521 0.00079993249 0.00080179146 
-2.3 -2.2 0.00093622383 0.00093618076 0.00093842782 
-2.2 -2.1 0.0010800515 0.0010789866 0.0010809934 
-2.1 -2.0 0.0012396124 0.0012389135 0.001241465 
-2.0 -1.9 0.00139222 0.0013913384 0.0013939636 
-1.9 -1.8 0.0015600003 0.0015597206 0.001562825 
-1.8 -1.7 0.0017401306 0.0017388105 0.0017417076 
-1.7 -1.6 0.0019095965 0.0019086239 0.0019121527 
-1.6 -1.5 0.0020854541 0.0020838289 0.0020877319 
-1.5 -1.4 0.0022631225 0.0022624277 0.0022654575 
-1.4 -1.3 0.0024272631 0.0024263559 0.0024297991 
-1.3 -1.2 0.0026028258 0.0026010194 0.0026058331 
-1.2 -1.1 0.0027709386 0.0027697753 0.0027734692 
-1.1 -1.0 0.0029217002 0.0029209384 0.0029240508 
-1.0 -0.9 0.0030640833 0.0030635098 0.0030668583 
-0.9 -0.8 0.0032123148 0.0032110715 0.0032152084 
-0.8 -0.7 0.0033315048 0.003330082 0.0033341191 
-0.7 -0.6 0.0034382418 0.0034376272 0.0034403844 
-0.6 -0.5 0.0035460968 0.0035436111 0.0035493984 
-0.5 -0.4 0.0036308521 0.0036284298 0.0036335909 
-0.4 -0.3 0.0036947823 0.0036947823 0.0036971892 
-0.3 -0.2 0.0037435238 0.0037435238 0.0037460105 
-0.2 -0.1 0.0037694605 0.0037669916 0.0037722032 
-0.1 0.0 0.0038023212 0.0038015213 0.0038051871 
0.0 0.1 0.0037968089 0.0037943768 0.0037999951 
0.1 0.2 0.00378003 0.00378003 0.0037815045 
0.2 0.3 0.0037532331 0.0037506802 0.003756388 
0.3 0.4 0.0036943115 0.0036943115 0.003696633 
0.4 0.5 0.0036296401 0.0036290618 0.0036325999 
0.5 0.6 0.0035358889 0.0035346469 0.0035394486 
0.6 0.7 0.0034381558 0.0034367984 0.0034406094 
0.7 0.8 0.0033358241 0.0033347985 0.0033381538 
0.8 0.9 0.0032036788 0.0032029622 0.0032063648 
0.9 1.0 0.003072459 0.0030707213 0.0030756752 
1.0 1.1 0.0029173898 0.0029160132 0.0029190274 
1.1 1.2 0.0027622981 0.0027613184 0.0027655581 
1.2 1.3 0.0026026945 0.0026021727 0.0026050026 
1.3 1.4 0.0024325408 0.0024310978 0.0024353765 
1.4 1.5 0.0022698812 0.002268683 0.0022723354 
1.5 1.6 0.0020895695 0.0020880049 0.0020922436 
1.6 1.7 0.001909979 0.0019089637 0.0019118876 
1.7 1.8 0.0017396612 0.0017386928 0.0017414155 
1.8 1.9 0.0015661799 0.0015659064 0.0015689814 
1.9 2.0 0.0013953294 0.0013936867 0.0013969514 
2.0 2.1 0.001237344 0.0012364653 0.001239946 
2.1 2.2 0.0010777411 0.0010771926 0.0010783971 
2.2 2.3 0.00093399643 0.00093308209 0.00093558381 
2.3 2.4 0.00080088318 0.00080088318 0.00080189485 
2.4 2.5 0.00067285509 0.00067212733 0.00067461503 
2.5 2.6 0.00055621025 0.00055562061 0.00055702899 
2.6 2.7 0.00045726441 0.00045698937 0.00045811418 
2.7 2.8 0.00036866911 0.00036825777 0.00036928902 
2.8 2.9 0.00029164253 0.00029126144 0.00029226222 
2.9 3.0 0.00022297937 0.00022272791 0.00022338346 
3.0 3.1 0.00016813894 0.00016798892 0.00016835726 
3.1 3.2 0.00012343306 0.00012306863 0.00012349533 
3.2 3.3 8.6705351e-05 8.6597458e-05 8.6841017e-05 
3.3 3.4 5.8652384e-05 5.8639862e-05 5.8796836e-05 
3.4 3.5 3.8774063e-05 3.8710283e-05 3.8902887e-05 
3.5 3.6 2.4334014e-05 2.4263894e-05 2.4392359e-05 
3.6 3.7 1.4516697e-05 1.4463682e-05 1.4539429e-05 
3.7 3.8 7.9028623e-06 7.8869491e-06 7.930881e-06 
3.8 3.9 3.9068854e-06 3.8814863e-06 3.9223234e-06 
3.9 4.0 1.8831883e-06 1.8558369e-06 1.8831883e-06 
4.0 4.1 7.1889184e-07 7.1503851e-07 7.2096054e-07 
4.1 4.2 2.6727e-07 2.6299499e-07 2.6727e-07 
4.2 4.3 6.896568e-08 6.8082437e-08 6.9509404e-08 
4.3 4.4 1.4049288e-08 1.3431059e-08 1.4050617e-08 
4.4 4.5 1.3632813e-09 1.170834e-09 1.4106414e-09 
4.5 4.6 2.5587084e-10 2.5552815e-10 3.0512644e-10 
4.6 4.7 1.5114333e-13 1.4506406e-13 2.1539541e-13 
4.7 4.8 0.0 0.0 0.0 
4.8 4.9 0.0 0.0 0.0 
4.9 5.0 0.0 0.0 0.0 


# N3LO mHH {ptmin, ptmax, center, min, max}
0.0 200.0 0.0 0.0 0.0 
200.0 400.0 2.3636368e-05 2.3627153e-05 2.3667353e-05 
400.0 600.0 1.9954776e-05 1.9947812e-05 1.997469e-05 
600.0 800.0 9.1353119e-06 9.1324668e-06 9.1422308e-06 
800.0 1000.0 4.564781e-06 4.5635095e-06 4.5676226e-06 
1000.0 1200.0 2.5001289e-06 2.4992509e-06 2.5014378e-06 
1200.0 1400.0 1.4556618e-06 1.4552112e-06 1.4561007e-06 
1400.0 1600.0 8.967003e-07 8.9663339e-07 8.9691992e-07 
1600.0 1800.0 5.7642615e-07 5.7633388e-07 5.7667498e-07 
1800.0 2000.0 3.8518261e-07 3.8479763e-07 3.8526761e-07 


# N3LO phiHH {ptmin, ptmax, center, min, max}
0.0 0.31415927 0.0015848314 0.0015844174 0.0015860806 
0.31415927 0.62831853 0.0016542016 0.0016538503 0.0016557905 
0.62831853 0.9424778 0.0018080237 0.0018073136 0.0018096575 
0.9424778 1.2566371 0.0020665557 0.0020661482 0.0020678689 
1.2566371 1.5707963 0.0024682115 0.0024673311 0.0024706231 
1.5707963 1.8849556 0.0031005812 0.003099571 0.0031030872 
1.8849556 2.1991149 0.0040546838 0.0040534882 0.0040586163 
2.1991149 2.5132741 0.0055334248 0.0055316224 0.00553889 
2.5132741 2.8274334 0.0078016576 0.0077988818 0.0078093418 
2.8274334 3.1415927 0.010715696 0.010710476 0.010727473 


# N3LO ptH_h {ptmin, ptmax, center, min, max}
0.0 30.0 4.5430975e-06 4.5397059e-06 4.5506978e-06 
30.0 60.0 3.9418903e-05 3.9398151e-05 3.9476758e-05 
60.0 90.0 7.6923483e-05 7.6887465e-05 7.7013096e-05 
90.0 120.0 8.3053291e-05 8.3024323e-05 8.3138808e-05 
120.0 150.0 6.8613738e-05 6.8593951e-05 6.8678236e-05 
150.0 180.0 4.9696643e-05 4.9682564e-05 4.9733675e-05 
180.0 210.0 3.3812063e-05 3.3801354e-05 3.3835795e-05 
210.0 240.0 2.2401063e-05 2.2396663e-05 2.2420833e-05 
240.0 270.0 1.4739424e-05 1.473508e-05 1.4748508e-05 
270.0 300.0 9.8267044e-06 9.8245065e-06 9.8313221e-06 


# N3LO yH_h {ptmin, ptmax, center, min, max}
-5.0 -4.9 9.5296056e-08 9.4431159e-08 9.5801151e-08 
-4.9 -4.8 3.7462355e-07 3.7424906e-07 3.7830072e-07 
-4.8 -4.7 8.6721393e-07 8.557821e-07 8.6991657e-07 
-4.7 -4.6 2.0225594e-06 2.0131337e-06 2.0645332e-06 
-4.6 -4.5 4.3635753e-06 4.3328307e-06 4.3635753e-06 
-4.5 -4.4 8.2711027e-06 8.2450092e-06 8.2914396e-06 
-4.4 -4.3 1.421256e-05 1.4161451e-05 1.4227349e-05 
-4.3 -4.2 2.3341277e-05 2.3296335e-05 2.3364952e-05 
-4.2 -4.1 3.7441562e-05 3.7382157e-05 3.7475469e-05 
-4.1 -4.0 5.4583529e-05 5.4524337e-05 5.4719904e-05 
-4.0 -3.9 7.788801e-05 7.7869699e-05 7.8028912e-05 
-3.9 -3.8 0.00010706248 0.00010670513 0.00010712768 
-3.8 -3.7 0.00014456072 0.00014444861 0.00014477254 
-3.7 -3.6 0.00018681639 0.00018669601 0.00018713141 
-3.6 -3.5 0.00023595154 0.00023574559 0.00023649282 
-3.5 -3.4 0.00029214562 0.00029208589 0.00029242643 
-3.4 -3.3 0.00035523964 0.0003545494 0.00035574672 
-3.3 -3.2 0.00042850845 0.00042840279 0.00042927243 
-3.2 -3.1 0.00050470463 0.00050405263 0.00050549072 
-3.1 -3.0 0.00058858629 0.00058829616 0.00058923299 
-3.0 -2.9 0.00067268253 0.00067225459 0.00067398627 
-2.9 -2.8 0.00076888636 0.00076770964 0.00076960386 
-2.8 -2.7 0.00086306166 0.00086273499 0.00086446374 
-2.7 -2.6 0.00096614737 0.00096604157 0.00096703595 
-2.6 -2.5 0.0010693301 0.0010684787 0.0010709213 
-2.5 -2.4 0.0011736685 0.0011730093 0.0011751078 
-2.4 -2.3 0.0012823295 0.001282101 0.0012842103 
-2.3 -2.2 0.0013894529 0.0013882435 0.0013910034 
-2.2 -2.1 0.0014949639 0.0014939611 0.0014966592 
-2.1 -2.0 0.0016087115 0.0016076221 0.0016103442 
-2.0 -1.9 0.001710895 0.0017105964 0.0017132917 
-1.9 -1.8 0.0018127497 0.0018116358 0.0018146446 
-1.8 -1.7 0.0019215683 0.0019199259 0.0019234871 
-1.7 -1.6 0.0020231589 0.0020230518 0.0020248317 
-1.6 -1.5 0.0021232704 0.0021226261 0.0021247282 
-1.5 -1.4 0.002211658 0.0022107404 0.0022148237 
-1.4 -1.3 0.0023046733 0.0023029669 0.0023066041 
-1.3 -1.2 0.0023959743 0.0023957405 0.0023985613 
-1.2 -1.1 0.0024692525 0.0024686773 0.0024712824 
-1.1 -1.0 0.0025420692 0.0025413901 0.00254454 
-1.0 -0.9 0.002610095 0.0026088522 0.0026115534 
-0.9 -0.8 0.002668632 0.0026684196 0.0026709804 
-0.8 -0.7 0.0027419711 0.0027396522 0.0027443501 
-0.7 -0.6 0.0027788445 0.0027788445 0.0027817319 
-0.6 -0.5 0.0028396762 0.0028382545 0.0028410344 
-0.5 -0.4 0.0028626604 0.002861576 0.002864867 
-0.4 -0.3 0.0028958045 0.0028944358 0.0028984678 
-0.3 -0.2 0.002918233 0.0029177312 0.0029208592 
-0.2 -0.1 0.00294174 0.00294082 0.0029441328 
-0.1 0.0 0.0029349549 0.0029340331 0.0029371104 
0.0 0.1 0.0029353582 0.0029346865 0.0029377726 
0.1 0.2 0.0029342655 0.0029333309 0.0029362308 
0.2 0.3 0.0029216882 0.0029208885 0.0029236282 
0.3 0.4 0.0029037294 0.0029027323 0.002906574 
0.4 0.5 0.0028649693 0.0028643051 0.002866664 
0.5 0.6 0.0028254002 0.0028229911 0.0028284672 
0.6 0.7 0.0027812085 0.002781143 0.0027832384 
0.7 0.8 0.00273196 0.0027303308 0.002733871 
0.8 0.9 0.0026749629 0.0026739339 0.0026771041 
0.9 1.0 0.0026203304 0.0026194259 0.002623568 
1.0 1.1 0.0025488675 0.0025478006 0.0025506956 
1.1 1.2 0.0024754234 0.0024747846 0.0024767819 
1.2 1.3 0.0023840463 0.0023824829 0.0023866478 
1.3 1.4 0.0022975611 0.0022975611 0.0022998357 
1.4 1.5 0.0022132138 0.0022120186 0.0022155014 
1.5 1.6 0.0021205316 0.0021194733 0.0021223219 
1.6 1.7 0.0020254067 0.0020249015 0.0020275338 
1.7 1.8 0.0019221984 0.0019215659 0.0019242117 
1.8 1.9 0.0018232251 0.0018217695 0.001824761 
1.9 2.0 0.0017209448 0.0017203518 0.0017232475 
2.0 2.1 0.0016041905 0.0016031422 0.0016062443 
2.1 2.2 0.0014926091 0.0014922023 0.0014943939 
2.2 2.3 0.0013929565 0.0013929565 0.0013943863 
2.3 2.4 0.0012840261 0.0012826854 0.0012856733 
2.4 2.5 0.0011760497 0.0011753085 0.0011772709 
2.5 2.6 0.0010734695 0.0010731977 0.0010751075 
2.6 2.7 0.00096722138 0.00096640504 0.00096888755 
2.7 2.8 0.00085909913 0.00085871071 0.00085948795 
2.8 2.9 0.00076366822 0.0007635684 0.00076526263 
2.9 3.0 0.00067565441 0.00067485593 0.000676969 
3.0 3.1 0.00058755294 0.00058742394 0.0005880845 
3.1 3.2 0.00050447691 0.00050380485 0.00050515438 
3.2 3.3 0.00042505993 0.00042495802 0.00042571904 
3.3 3.4 0.00035401214 0.00035361014 0.00035450325 
3.4 3.5 0.00029325405 0.00029304474 0.00029433604 
3.5 3.6 0.00023538315 0.0002350028 0.00023558538 
3.6 3.7 0.00018601978 0.00018572122 0.00018641832 
3.7 3.8 0.00014319192 0.00014319192 0.00014351391 
3.8 3.9 0.00010774996 0.00010719772 0.0001078386 
3.9 4.0 7.8280169e-05 7.8236613e-05 7.8324649e-05 
4.0 4.1 5.415311e-05 5.4093892e-05 5.4357431e-05 
4.1 4.2 3.7641609e-05 3.7525398e-05 3.7641609e-05 
4.2 4.3 2.3631928e-05 2.3627074e-05 2.3699053e-05 
4.3 4.4 1.4345747e-05 1.4277014e-05 1.4369123e-05 
4.4 4.5 8.173275e-06 8.1140933e-06 8.1800852e-06 
4.5 4.6 4.2365878e-06 4.2303093e-06 4.25066e-06 
4.6 4.7 2.0556181e-06 2.0488109e-06 2.0638496e-06 
4.7 4.8 8.3077341e-07 8.1372256e-07 8.3815214e-07 
4.8 4.9 2.9903455e-07 2.9903455e-07 3.1063385e-07 
4.9 5.0 8.1088453e-08 7.8703879e-08 8.1206374e-08 


# N3LO ptH_s {ptmin, ptmax, center, min, max}
0.0 30.0 6.0225706e-05 6.0196734e-05 6.0300198e-05 
30.0 60.0 0.0001157818 0.00011573839 0.00011590339 
60.0 90.0 9.6253532e-05 9.6221926e-05 9.6345237e-05 
90.0 120.0 6.1555266e-05 6.1531885e-05 6.1610087e-05 
120.0 150.0 3.6177663e-05 3.6166436e-05 3.6208321e-05 
150.0 180.0 2.0992327e-05 2.0987704e-05 2.1008623e-05 
180.0 210.0 1.239842e-05 1.2393833e-05 1.2408488e-05 
210.0 240.0 7.5314683e-06 7.5285355e-06 7.5368266e-06 
240.0 270.0 4.7583993e-06 4.7573526e-06 4.7616664e-06 
270.0 300.0 3.0959497e-06 3.094696e-06 3.0978287e-06 


# N3LO yH_s {ptmin, ptmax, center, min, max}
-5.0 -4.9 3.7373735e-07 3.6969042e-07 3.7679457e-07 
-4.9 -4.8 1.2014462e-06 1.19836e-06 1.2132133e-06 
-4.8 -4.7 2.9557462e-06 2.8971897e-06 2.9605542e-06 
-4.7 -4.6 6.2945978e-06 6.259373e-06 6.4172748e-06 
-4.6 -4.5 1.2237106e-05 1.2148226e-05 1.2332476e-05 
-4.5 -4.4 2.2335311e-05 2.2256901e-05 2.2363298e-05 
-4.4 -4.3 3.665765e-05 3.6462125e-05 3.6684909e-05 
-4.3 -4.2 5.5926602e-05 5.5843744e-05 5.5972435e-05 
-4.2 -4.1 8.3868442e-05 8.3701754e-05 8.4044014e-05 
-4.1 -4.0 0.00011735931 0.00011682463 0.00011735931 
-4.0 -3.9 0.00015589376 0.00015563339 0.00015627274 
-3.9 -3.8 0.00020687889 0.00020634016 0.00020769951 
-3.8 -3.7 0.00026237612 0.00026206087 0.00026262627 
-3.7 -3.6 0.00031692373 0.0003167509 0.00031696082 
-3.6 -3.5 0.00039017796 0.00038983229 0.00039055419 
-3.5 -3.4 0.00047204181 0.00047104934 0.00047232266 
-3.4 -3.3 0.0005476434 0.00054672303 0.00054799973 
-3.3 -3.2 0.00062692043 0.00062669078 0.00062787214 
-3.2 -3.1 0.00072307094 0.00072285071 0.00072389346 
-3.1 -3.0 0.00080746511 0.00080643473 0.00080852145 
-3.0 -2.9 0.00090124748 0.00089993036 0.0009015565 
-2.9 -2.8 0.00099874684 0.00099861198 0.0010001305 
-2.8 -2.7 0.0010932136 0.0010926956 0.0010945494 
-2.7 -2.6 0.0011847057 0.0011841877 0.0011859566 
-2.6 -2.5 0.0012759832 0.0012753192 0.0012766424 
-2.5 -2.4 0.0013690548 0.001368876 0.0013705541 
-2.4 -2.3 0.0014637752 0.0014620905 0.0014646632 
-2.3 -2.2 0.0015506735 0.0015506735 0.0015523783 
-2.2 -2.1 0.0016303048 0.0016295794 0.0016315494 
-2.1 -2.0 0.0017177333 0.0017166878 0.0017195149 
-2.0 -1.9 0.0018010247 0.0018004492 0.0018033483 
-1.9 -1.8 0.0018679507 0.0018675692 0.0018694266 
-1.8 -1.7 0.0019404026 0.0019393922 0.0019420419 
-1.7 -1.6 0.0020152971 0.0020138219 0.0020172919 
-1.6 -1.5 0.0020758677 0.0020755409 0.0020780033 
-1.5 -1.4 0.0021451738 0.0021438916 0.0021476928 
-1.4 -1.3 0.0021985279 0.0021978905 0.0022005651 
-1.3 -1.2 0.0022558455 0.0022551218 0.0022577611 
-1.2 -1.1 0.0023081212 0.0023073486 0.0023103077 
-1.1 -1.0 0.0023503918 0.0023492385 0.0023530394 
-1.0 -0.9 0.0023856404 0.0023854407 0.0023881761 
-0.9 -0.8 0.0024208967 0.0024199907 0.0024234761 
-0.8 -0.7 0.0024622215 0.002461649 0.002464276 
-0.7 -0.6 0.0024819122 0.0024803387 0.0024845159 
-0.6 -0.5 0.0025195734 0.002519314 0.002522454 
-0.5 -0.4 0.0025356398 0.002534489 0.0025384398 
-0.4 -0.3 0.0025594837 0.0025586161 0.0025622518 
-0.3 -0.2 0.0025642005 0.002563384 0.0025669811 
-0.2 -0.1 0.0025771345 0.0025764566 0.0025792928 
-0.1 0.0 0.0025782582 0.0025773599 0.002581711 
0.0 0.1 0.0025805988 0.002579512 0.0025828979 
0.1 0.2 0.0025714668 0.002570717 0.0025741505 
0.2 0.3 0.0025647094 0.0025637048 0.0025675708 
0.3 0.4 0.0025537008 0.0025527744 0.0025565447 
0.4 0.5 0.0025324236 0.0025315908 0.0025349484 
0.5 0.6 0.0025151293 0.0025141972 0.0025170561 
0.6 0.7 0.0024855209 0.0024847017 0.0024886261 
0.7 0.8 0.0024649961 0.002463296 0.0024676753 
0.8 0.9 0.0024271168 0.002426013 0.002429667 
0.9 1.0 0.0023910269 0.0023910269 0.0023934536 
1.0 1.1 0.0023401628 0.0023396042 0.0023424008 
1.1 1.2 0.0023009916 0.0022994753 0.0023040309 
1.2 1.3 0.0022491014 0.0022489406 0.0022509559 
1.3 1.4 0.0021943723 0.002193936 0.002196389 
1.4 1.5 0.0021442133 0.0021420321 0.0021461858 
1.5 1.6 0.0020828139 0.0020824588 0.0020844642 
1.6 1.7 0.0020107943 0.0020102316 0.0020131833 
1.7 1.8 0.0019422844 0.0019415705 0.0019442751 
1.8 1.9 0.0018729382 0.0018719511 0.0018745429 
1.9 2.0 0.0017870703 0.0017870703 0.0017888458 
2.0 2.1 0.0017174301 0.0017157848 0.0017192926 
2.1 2.2 0.0016365303 0.0016357569 0.0016379239 
2.2 2.3 0.0015520821 0.0015515712 0.0015533269 
2.3 2.4 0.0014644595 0.0014640149 0.001466363 
2.4 2.5 0.0013736759 0.0013727406 0.0013751006 
2.5 2.6 0.0012807993 0.0012805576 0.0012811456 
2.6 2.7 0.0011809043 0.0011806676 0.0011832422 
2.7 2.8 0.001093842 0.0010927771 0.0010948496 
2.8 2.9 0.00099756171 0.00099577233 0.00099787111 
2.9 3.0 0.00089744163 0.00089723477 0.00089954331 
3.0 3.1 0.00081606916 0.00081574515 0.00081649274 
3.1 3.2 0.00072059901 0.00071999477 0.00072159726 
3.2 3.3 0.00062842486 0.00062785083 0.00062944554 
3.3 3.4 0.00055136798 0.00054984473 0.00055189445 
3.4 3.5 0.00046424311 0.00046393177 0.00046456335 
3.5 3.6 0.00038800864 0.0003871065 0.00038841662 
3.6 3.7 0.00032221968 0.00032187449 0.00032246247 
3.7 3.8 0.0002620728 0.00026184788 0.00026242047 
3.8 3.9 0.0002070901 0.0002069782 0.0002074909 
3.9 4.0 0.00015786497 0.00015755646 0.00015788994 
4.0 4.1 0.00011393155 0.00011322225 0.00011403111 
4.1 4.2 8.2546984e-05 8.2232993e-05 8.2621024e-05 
4.2 4.3 5.4227858e-05 5.410032e-05 5.4623222e-05 
4.3 4.4 3.8155005e-05 3.7760969e-05 3.8217542e-05 
4.4 4.5 2.2792465e-05 2.2485096e-05 2.2963136e-05 
4.5 4.6 1.3974314e-05 1.3903543e-05 1.4010991e-05 
4.6 4.7 6.5709497e-06 6.5250331e-06 6.5709497e-06 
4.7 4.8 3.2617549e-06 3.2463669e-06 3.3186967e-06 
4.8 4.9 1.1376442e-06 1.0334877e-06 1.143312e-06 
4.9 5.0 3.4843498e-07 3.4372405e-07 4.2902898e-07 


