# create_lambda_band.py -l -5.0 -nlo
# NLO cross-section {center, min, max}
0.22703297 0.22588131 0.22801753 


# NLO ptHH {ptmin, ptmax, center, min, max}
0.0 30.0 0.00063976155 0.00063506375 0.00064520978 
30.0 60.0 0.0014734056 0.0014641186 0.0014839042 
60.0 90.0 0.001559865 0.0015514566 0.0015684416 
90.0 120.0 0.0012511947 0.0012450867 0.0012563373 
120.0 150.0 0.00088363617 0.0008799014 0.00088668518 
150.0 180.0 0.00058842067 0.00058601044 0.00059034255 
180.0 210.0 0.00038374738 0.00038240859 0.00038522575 
210.0 240.0 0.00024984745 0.00024894926 0.00025082722 
240.0 270.0 0.0001643053 0.00016373506 0.00016498675 
270.0 300.0 0.00010958691 0.00010923685 0.00011007652 


# NLO yHH {ptmin, ptmax, center, min, max}
-5.0 -4.9 0.0 0.0 0.0 
-4.9 -4.8 0.0 0.0 0.0 
-4.8 -4.7 0.0 0.0 0.0 
-4.7 -4.6 1.1890742e-11 1.2059386e-12 1.1890742e-11 
-4.6 -4.5 1.5963121e-09 1.1961815e-09 1.9384904e-09 
-4.5 -4.4 4.8626426e-08 4.1565476e-08 6.0833145e-08 
-4.4 -4.3 4.4843775e-07 4.3225418e-07 4.7594979e-07 
-4.3 -4.2 2.4329203e-06 2.3128192e-06 2.6171042e-06 
-4.2 -4.1 9.1717713e-06 8.7613289e-06 9.2908125e-06 
-4.1 -4.0 2.6933274e-05 2.5752941e-05 2.7964539e-05 
-4.0 -3.9 6.3868985e-05 6.2645195e-05 6.5002758e-05 
-3.9 -3.8 0.00014041748 0.00013756505 0.00014439299 
-3.8 -3.7 0.00027168304 0.00026622438 0.00027355164 
-3.7 -3.6 0.00047239356 0.00046775288 0.0004823007 
-3.6 -3.5 0.00078457754 0.00077410057 0.00079288763 
-3.5 -3.4 0.001223839 0.0012102836 0.0012447745 
-3.4 -3.3 0.0018361782 0.001822631 0.0018531945 
-3.3 -3.2 0.0025940401 0.0025802639 0.002621344 
-3.2 -3.1 0.0035530234 0.0035219713 0.0035740868 
-3.1 -3.0 0.0047057072 0.0046803409 0.0047374567 
-3.0 -2.9 0.0060820025 0.006057685 0.0061320377 
-2.9 -2.8 0.0076293337 0.007590992 0.0076796149 
-2.8 -2.7 0.0093924055 0.0093371404 0.0094601254 
-2.7 -2.6 0.011291909 0.011253682 0.011374976 
-2.6 -2.5 0.013486741 0.01340427 0.0135747 
-2.5 -2.4 0.015741622 0.015649996 0.01584932 
-2.4 -2.3 0.018150852 0.018053304 0.018263687 
-2.3 -2.2 0.020620342 0.020501013 0.020744354 
-2.2 -2.1 0.023166168 0.023017884 0.023313431 
-2.1 -2.0 0.025823361 0.025687129 0.025966865 
-2.0 -1.9 0.028441052 0.028275069 0.028614391 
-1.9 -1.8 0.031065591 0.030912446 0.031234097 
-1.8 -1.7 0.033802581 0.033580609 0.033972199 
-1.7 -1.6 0.036364928 0.036179066 0.03654916 
-1.6 -1.5 0.038887748 0.038667401 0.039066034 
-1.5 -1.4 0.041291583 0.041052801 0.041489718 
-1.4 -1.3 0.043662743 0.043433711 0.043872966 
-1.3 -1.2 0.045979745 0.045722798 0.046206585 
-1.2 -1.1 0.047947408 0.047702171 0.048171944 
-1.1 -1.0 0.049974751 0.049732299 0.050212846 
-1.0 -0.9 0.051738383 0.051469428 0.051989494 
-0.9 -0.8 0.053342958 0.053075947 0.053587238 
-0.8 -0.7 0.054903979 0.054631404 0.055172577 
-0.7 -0.6 0.05618353 0.055873485 0.056473755 
-0.6 -0.5 0.057262229 0.056963593 0.057557177 
-0.5 -0.4 0.058334777 0.058006313 0.058623458 
-0.4 -0.3 0.058995985 0.058660405 0.059299169 
-0.3 -0.2 0.059548735 0.05922562 0.059838378 
-0.2 -0.1 0.060027517 0.059687721 0.060316339 
-0.1 0.0 0.060183537 0.059834349 0.060497072 
0.0 0.1 0.060123927 0.059777391 0.060406429 
0.1 0.2 0.059943017 0.059607451 0.060270863 
0.2 0.3 0.059659139 0.059316071 0.059947121 
0.3 0.4 0.059036776 0.058704774 0.059324891 
0.4 0.5 0.058324524 0.058002748 0.058605415 
0.5 0.6 0.057397658 0.057079853 0.057708221 
0.6 0.7 0.056252526 0.055962125 0.056519049 
0.7 0.8 0.054968524 0.054677183 0.05524628 
0.8 0.9 0.053268427 0.053009579 0.053532529 
0.9 1.0 0.051755303 0.051492792 0.052020001 
1.0 1.1 0.04997528 0.049711583 0.050197103 
1.1 1.2 0.047932722 0.047689387 0.048200475 
1.2 1.3 0.045937648 0.045670552 0.046126171 
1.3 1.4 0.043668304 0.043439518 0.04387322 
1.4 1.5 0.041331989 0.041092784 0.041535575 
1.5 1.6 0.038866112 0.038672499 0.039044274 
1.6 1.7 0.036415166 0.036199003 0.036599249 
1.7 1.8 0.033806069 0.033627701 0.033987122 
1.8 1.9 0.031111241 0.030931949 0.031275512 
1.9 2.0 0.028458182 0.028295237 0.028614407 
2.0 2.1 0.025857911 0.025703874 0.026013971 
2.1 2.2 0.023184091 0.023064996 0.023317356 
2.2 2.3 0.020590888 0.020476876 0.020717321 
2.3 2.4 0.01814876 0.018030882 0.018256535 
2.4 2.5 0.015724076 0.015645857 0.015841297 
2.5 2.6 0.013420389 0.013342891 0.013510378 
2.6 2.7 0.011342175 0.011293728 0.0114295 
2.7 2.8 0.0093941296 0.0093461642 0.0094558743 
2.8 2.9 0.0076415325 0.0076112569 0.0077016703 
2.9 3.0 0.0060688755 0.0060407002 0.006110782 
3.0 3.1 0.0047055769 0.00468498 0.0047433716 
3.1 3.2 0.00356385 0.0035336993 0.0035882054 
3.2 3.3 0.002581222 0.0025700426 0.0026036222 
3.3 3.4 0.0018351124 0.0018161384 0.0018587439 
3.4 3.5 0.001243591 0.0012278145 0.0012552004 
3.5 3.6 0.00078831687 0.00078379976 0.00079973483 
3.6 3.7 0.00047969684 0.0004718173 0.00048725476 
3.7 3.8 0.00027113102 0.00026784454 0.00027692534 
3.8 3.9 0.000141191 0.00013713174 0.00014383899 
3.9 4.0 6.4590786e-05 6.3219986e-05 6.6416865e-05 
4.0 4.1 2.7793525e-05 2.6885422e-05 2.7934954e-05 
4.1 4.2 9.9823008e-06 9.4895914e-06 1.0118253e-05 
4.2 4.3 2.428899e-06 2.3554223e-06 2.7049589e-06 
4.3 4.4 5.2427622e-07 4.7633563e-07 5.2759032e-07 
4.4 4.5 5.3400206e-08 4.6537921e-08 6.0360651e-08 
4.5 4.6 1.5949042e-09 1.1868458e-09 1.7300736e-09 
4.6 4.7 4.5387874e-12 6.9059117e-13 6.0628909e-12 
4.7 4.8 0.0 0.0 0.0 
4.8 4.9 0.0 0.0 0.0 
4.9 5.0 0.0 0.0 0.0 


# NLO mHH {ptmin, ptmax, center, min, max}
0.0 200.0 0.0 0.0 0.0 
200.0 400.0 0.00079308404 0.00078857758 0.00079794849 
400.0 600.0 0.0002487294 0.00024771254 0.00024955902 
600.0 800.0 5.7688979e-05 5.7507036e-05 5.8026575e-05 
800.0 1000.0 1.9113571e-05 1.9009196e-05 1.9264062e-05 
1000.0 1200.0 7.7996462e-06 7.7289446e-06 7.8714226e-06 
1200.0 1400.0 3.6841964e-06 3.661218e-06 3.7264792e-06 
1400.0 1600.0 1.9422152e-06 1.8962124e-06 1.96489e-06 
1600.0 1800.0 1.1073599e-06 1.0915593e-06 1.1155156e-06 
1800.0 2000.0 6.559479e-07 6.4412162e-07 6.6840276e-07 


# NLO phiHH {ptmin, ptmax, center, min, max}
0.0 0.31415927 0.035907523 0.035742857 0.03603558 
0.31415927 0.62831853 0.036057624 0.03588579 0.036189029 
0.62831853 0.9424778 0.037178924 0.037021078 0.037325652 
0.9424778 1.2566371 0.040049137 0.039859234 0.040197361 
1.2566371 1.5707963 0.045184459 0.044961965 0.045381966 
1.5707963 1.8849556 0.053964881 0.053701335 0.054195775 
1.8849556 2.1991149 0.068381131 0.068032635 0.068688621 
2.1991149 2.5132741 0.091999876 0.09152559 0.092432253 
2.5132741 2.8274334 0.13059693 0.12990283 0.1312162 
2.8274334 3.1415927 0.1833479 0.18236924 0.18418619 


# NLO ptH_h {ptmin, ptmax, center, min, max}
0.0 30.0 6.9098318e-05 6.8512912e-05 6.9889555e-05 
30.0 60.0 0.00062961983 0.00062494607 0.00063552605 
60.0 90.0 0.0012917063 0.0012835092 0.0013014548 
90.0 120.0 0.0014602498 0.0014521136 0.0014690029 
120.0 150.0 0.0012452165 0.0012390902 0.0012506947 
150.0 180.0 0.00092319967 0.00091909561 0.00092666216 
180.0 210.0 0.00063783447 0.00063529181 0.0006399447 
210.0 240.0 0.0004265219 0.00042504423 0.00042835413 
240.0 270.0 0.0002824276 0.00028142425 0.00028364408 
270.0 300.0 0.00018661689 0.00018604904 0.00018765607 


# NLO yH_h {ptmin, ptmax, center, min, max}
-5.0 -4.9 1.2738818e-07 1.1678128e-07 1.514933e-07 
-4.9 -4.8 5.7458447e-07 5.2082031e-07 6.0775347e-07 
-4.8 -4.7 2.1337097e-06 2.0251024e-06 2.2033108e-06 
-4.7 -4.6 5.5103631e-06 5.377529e-06 5.9110841e-06 
-4.6 -4.5 1.3128932e-05 1.2385772e-05 1.3402168e-05 
-4.5 -4.4 3.0347407e-05 2.998626e-05 3.1053581e-05 
-4.4 -4.3 5.7892811e-05 5.6392132e-05 5.8923099e-05 
-4.3 -4.2 0.00010376727 0.00010110593 0.00010543427 
-4.2 -4.1 0.00018302379 0.00017944082 0.00018454161 
-4.1 -4.0 0.00030606105 0.00030013833 0.00031181122 
-4.0 -3.9 0.00047118432 0.00046534959 0.00047844915 
-3.9 -3.8 0.00071098215 0.0007039488 0.00071727246 
-3.8 -3.7 0.0010327618 0.0010219891 0.0010416641 
-3.7 -3.6 0.0014651029 0.0014489563 0.0014766377 
-3.6 -3.5 0.0019988383 0.0019859437 0.0020166317 
-3.5 -3.4 0.0026832024 0.0026761391 0.0027017329 
-3.4 -3.3 0.0035085025 0.0034805945 0.0035284015 
-3.3 -3.2 0.004450363 0.0044439428 0.0044882041 
-3.2 -3.1 0.0056020934 0.005569833 0.0056331096 
-3.1 -3.0 0.0068852971 0.0068568377 0.0069312088 
-3.0 -2.9 0.0083449437 0.0083100831 0.00839458 
-2.9 -2.8 0.0099048006 0.0098589364 0.0099650018 
-2.8 -2.7 0.011699489 0.011630487 0.011774517 
-2.7 -2.6 0.013547796 0.013490775 0.013633966 
-2.6 -2.5 0.015565221 0.015479661 0.015667771 
-2.5 -2.4 0.017616969 0.017517147 0.017716876 
-2.4 -2.3 0.019758361 0.019637418 0.019873181 
-2.3 -2.2 0.022137059 0.022025764 0.022258448 
-2.2 -2.1 0.024436734 0.024275497 0.024573781 
-2.1 -2.0 0.026766189 0.02660423 0.026916849 
-2.0 -1.9 0.029067769 0.028907903 0.029222537 
-1.9 -1.8 0.031493286 0.031321469 0.031646784 
-1.8 -1.7 0.033844612 0.033654942 0.034008777 
-1.7 -1.6 0.036059145 0.035877372 0.036241497 
-1.6 -1.5 0.038457926 0.038227868 0.0386215 
-1.5 -1.4 0.040448995 0.040225949 0.04066698 
-1.4 -1.3 0.042499914 0.042294711 0.042686653 
-1.3 -1.2 0.044601988 0.044354279 0.044821162 
-1.2 -1.1 0.046415593 0.04617765 0.046667846 
-1.1 -1.0 0.048177275 0.047935324 0.048397514 
-1.0 -0.9 0.049770702 0.049510807 0.050015947 
-0.9 -0.8 0.051189911 0.050912143 0.05144939 
-0.8 -0.7 0.052435153 0.052182152 0.052700109 
-0.7 -0.6 0.053655469 0.053361225 0.053922152 
-0.6 -0.5 0.054638971 0.054375249 0.054926001 
-0.5 -0.4 0.055580892 0.055280146 0.055854418 
-0.4 -0.3 0.056213467 0.055901625 0.056498197 
-0.3 -0.2 0.05680523 0.056494378 0.057099373 
-0.2 -0.1 0.057075192 0.056746121 0.057365022 
-0.1 0.0 0.057268896 0.056962355 0.057575185 
0.0 0.1 0.057305441 0.057003237 0.057583415 
0.1 0.2 0.057122419 0.056800733 0.057422387 
0.2 0.3 0.056694626 0.056375514 0.056967077 
0.3 0.4 0.056349832 0.056048404 0.056638581 
0.4 0.5 0.0555359 0.055241716 0.055824793 
0.5 0.6 0.054815473 0.054517582 0.055091588 
0.6 0.7 0.053814331 0.053550005 0.054098965 
0.7 0.8 0.05247924 0.052209712 0.052745467 
0.8 0.9 0.051219275 0.050965472 0.051446327 
0.9 1.0 0.049698601 0.049449691 0.049984442 
1.0 1.1 0.048152788 0.047896753 0.048372444 
1.1 1.2 0.046346122 0.046110825 0.04654246 
1.2 1.3 0.044519109 0.044282181 0.044762605 
1.3 1.4 0.042541169 0.042311597 0.042750424 
1.4 1.5 0.040531506 0.040308144 0.040717049 
1.5 1.6 0.038388817 0.03816103 0.038569703 
1.6 1.7 0.036166278 0.035985705 0.036349049 
1.7 1.8 0.033845399 0.033655283 0.034017619 
1.8 1.9 0.031558359 0.031370154 0.031706114 
1.9 2.0 0.029104993 0.028932725 0.029268774 
2.0 2.1 0.026751522 0.02660212 0.026893198 
2.1 2.2 0.024413845 0.024277749 0.024545066 
2.2 2.3 0.022086591 0.021978968 0.022220505 
2.3 2.4 0.019814132 0.019701817 0.019931397 
2.4 2.5 0.017578049 0.017461531 0.01768087 
2.5 2.6 0.015524345 0.015445831 0.015623575 
2.6 2.7 0.01355346 0.013470265 0.013624051 
2.7 2.8 0.011647021 0.011608714 0.011722145 
2.8 2.9 0.0099496558 0.0098921821 0.010006313 
2.9 3.0 0.0082980482 0.0082558097 0.0083649398 
3.0 3.1 0.0068792036 0.0068578422 0.0069180347 
3.1 3.2 0.005611433 0.0055867385 0.0056491202 
3.2 3.3 0.0044755956 0.0044480408 0.0045005655 
3.3 3.4 0.0035046267 0.0034836025 0.0035286238 
3.4 3.5 0.0027025629 0.0026879699 0.0027252284 
3.5 3.6 0.0020014581 0.001989885 0.0020130584 
3.6 3.7 0.0014656854 0.0014525549 0.0014732252 
3.7 3.8 0.0010230616 0.0010096778 0.0010398058 
3.8 3.9 0.00071180068 0.00070856096 0.0007180689 
3.9 4.0 0.0004728677 0.00046431213 0.0004779917 
4.0 4.1 0.00029083894 0.00028721284 0.00029587627 
4.1 4.2 0.0001845724 0.00018086389 0.00018693202 
4.2 4.3 0.00010438859 0.00010127069 0.00010605003 
4.3 4.4 5.6760215e-05 5.4956229e-05 5.7303417e-05 
4.4 4.5 2.8330068e-05 2.7680324e-05 2.9759508e-05 
4.5 4.6 1.2793345e-05 1.2511253e-05 1.3408559e-05 
4.6 4.7 5.784732e-06 5.5587344e-06 5.9792182e-06 
4.7 4.8 1.8959891e-06 1.6861842e-06 1.975676e-06 
4.8 4.9 6.2713532e-07 5.590862e-07 6.512551e-07 
4.9 5.0 1.6110102e-07 1.5436907e-07 1.6145435e-07 


# NLO ptH_s {ptmin, ptmax, center, min, max}
0.0 30.0 0.0010113768 0.0010051146 0.0010187046 
30.0 60.0 0.0020042889 0.0019927101 0.0020166735 
60.0 90.0 0.0017201297 0.001711203 0.001728529 
90.0 120.0 0.0011253884 0.001120093 0.0011298931 
120.0 150.0 0.00066997967 0.00066716009 0.00067222808 
150.0 180.0 0.00039148214 0.00038993434 0.00039291995 
180.0 210.0 0.00023148522 0.00023064692 0.00023247589 
210.0 240.0 0.0001405546 0.00014011249 0.00014133937 
240.0 270.0 8.7747617e-05 8.7488966e-05 8.8240442e-05 
270.0 300.0 5.6179976e-05 5.6003008e-05 5.6568044e-05 


# NLO yH_s {ptmin, ptmax, center, min, max}
-5.0 -4.9 4.6545632e-07 4.0569094e-07 5.5394365e-07 
-4.9 -4.8 1.7616526e-06 1.6906737e-06 1.8604113e-06 
-4.8 -4.7 5.9892788e-06 5.6401232e-06 6.5176848e-06 
-4.7 -4.6 1.2568952e-05 1.2061855e-05 1.3451372e-05 
-4.6 -4.5 2.950537e-05 2.8400272e-05 2.9567506e-05 
-4.5 -4.4 6.5861167e-05 6.3488845e-05 6.9995358e-05 
-4.4 -4.3 0.00011307564 0.00010986396 0.00011345645 
-4.3 -4.2 0.00018332712 0.0001796874 0.00018697055 
-4.2 -4.1 0.00030159196 0.00029459046 0.00030542364 
-4.1 -4.0 0.00048413414 0.00047184589 0.00049076416 
-4.0 -3.9 0.00071713404 0.000705621 0.00072401031 
-3.9 -3.8 0.0010481729 0.0010389745 0.0010622683 
-3.8 -3.7 0.0014631872 0.0014419578 0.0014807958 
-3.7 -3.6 0.0019733854 0.0019600711 0.0019829011 
-3.6 -3.5 0.002631057 0.0026113999 0.0026546521 
-3.5 -3.4 0.0034048288 0.0033855613 0.0034261556 
-3.4 -3.3 0.0042864813 0.0042606861 0.0043117821 
-3.3 -3.2 0.0053178964 0.0052923076 0.0053450389 
-3.2 -3.1 0.0065127882 0.0065016996 0.0065515297 
-3.1 -3.0 0.0078354387 0.0078098035 0.0078800432 
-3.0 -2.9 0.0093243772 0.0092780947 0.009377871 
-2.9 -2.8 0.010910447 0.01086294 0.010978575 
-2.8 -2.7 0.012696413 0.012615994 0.012771644 
-2.7 -2.6 0.01451176 0.014431438 0.014585334 
-2.6 -2.5 0.016429792 0.016338796 0.016534041 
-2.5 -2.4 0.018536797 0.018431082 0.018630872 
-2.4 -2.3 0.020551851 0.020451756 0.02067983 
-2.3 -2.2 0.02280034 0.022675682 0.022926534 
-2.2 -2.1 0.025040778 0.024894688 0.025164224 
-2.1 -2.0 0.027285453 0.027126783 0.027444173 
-2.0 -1.9 0.029435483 0.029264071 0.029577025 
-1.9 -1.8 0.031684005 0.031507531 0.031854667 
-1.8 -1.7 0.033888295 0.033689734 0.034041783 
-1.7 -1.6 0.036013324 0.035819443 0.036183787 
-1.6 -1.5 0.03814337 0.037932755 0.038338105 
-1.5 -1.4 0.040160994 0.039933483 0.040343262 
-1.4 -1.3 0.042127985 0.041905379 0.042324832 
-1.3 -1.2 0.043893744 0.043677446 0.044116166 
-1.2 -1.1 0.04562854 0.045381417 0.045861046 
-1.1 -1.0 0.047320773 0.047086461 0.047565836 
-1.0 -0.9 0.048739003 0.048466545 0.048977665 
-0.9 -0.8 0.050201074 0.049957669 0.050445704 
-0.8 -0.7 0.051518895 0.051252201 0.051804932 
-0.7 -0.6 0.05253794 0.052246945 0.05280593 
-0.6 -0.5 0.053445778 0.053182856 0.053715732 
-0.5 -0.4 0.054220158 0.053919756 0.054511606 
-0.4 -0.3 0.054883108 0.054579445 0.055170914 
-0.3 -0.2 0.055390278 0.055107177 0.055676099 
-0.2 -0.1 0.055624332 0.055307077 0.055924773 
-0.1 0.0 0.055759776 0.055450286 0.056042336 
0.0 0.1 0.055801045 0.055490543 0.056102907 
0.1 0.2 0.055603414 0.055296896 0.055878533 
0.2 0.3 0.055326327 0.055028347 0.05564737 
0.3 0.4 0.054806435 0.054533003 0.055098719 
0.4 0.5 0.054260987 0.053952594 0.054554498 
0.5 0.6 0.053360955 0.053091029 0.053632849 
0.6 0.7 0.052493115 0.052208244 0.052789081 
0.7 0.8 0.051368164 0.05109506 0.051636809 
0.8 0.9 0.050270249 0.05000857 0.050498954 
0.9 1.0 0.048787713 0.048557534 0.049075521 
1.0 1.1 0.047367596 0.047089198 0.047586337 
1.1 1.2 0.045672409 0.045458917 0.045871698 
1.2 1.3 0.043979057 0.043739787 0.044232348 
1.3 1.4 0.042161378 0.041935986 0.042377691 
1.4 1.5 0.040198228 0.039980022 0.04037098 
1.5 1.6 0.038120812 0.037901013 0.038310066 
1.6 1.7 0.036044961 0.035849083 0.036209078 
1.7 1.8 0.033867567 0.033685441 0.03403522 
1.8 1.9 0.031641955 0.031467984 0.031805018 
1.9 2.0 0.029386076 0.029212973 0.029535229 
2.0 2.1 0.027181728 0.027016689 0.027327689 
2.1 2.2 0.025081142 0.024939911 0.025205054 
2.2 2.3 0.022739513 0.022622368 0.022869742 
2.3 2.4 0.020675014 0.020532673 0.020789218 
2.4 2.5 0.018588689 0.018507594 0.018706697 
2.5 2.6 0.016462068 0.016376102 0.016546234 
2.6 2.7 0.014552652 0.014456349 0.014642053 
2.7 2.8 0.012703502 0.012643843 0.012780302 
2.8 2.9 0.010928327 0.010886652 0.010981016 
2.9 3.0 0.0093410918 0.0093019406 0.0094056294 
3.0 3.1 0.0078340663 0.0078034654 0.0078763358 
3.1 3.2 0.0065161647 0.0064908698 0.0065531655 
3.2 3.3 0.0053902019 0.0053674398 0.0054211082 
3.3 3.4 0.0043142758 0.0042942811 0.0043343339 
3.4 3.5 0.0033613212 0.0033377272 0.0033822866 
3.5 3.6 0.0026039486 0.0025902709 0.0026263956 
3.6 3.7 0.0019864159 0.0019739311 0.0020053219 
3.7 3.8 0.0014437947 0.0014283926 0.0014509968 
3.8 3.9 0.0010471279 0.0010396075 0.0010555976 
3.9 4.0 0.00073594171 0.00072437947 0.00074587582 
4.0 4.1 0.00048156127 0.00046964408 0.00049051604 
4.1 4.2 0.00032694203 0.00032405196 0.0003335973 
4.2 4.3 0.00019639747 0.0001921462 0.00019999845 
4.3 4.4 0.0001194733 0.00011060028 0.00012160036 
4.4 4.5 5.6221658e-05 5.4848677e-05 5.9697404e-05 
4.5 4.6 2.7862413e-05 2.7524916e-05 3.0022544e-05 
4.6 4.7 1.4152981e-05 1.3163016e-05 1.4158693e-05 
4.7 4.8 5.4218859e-06 5.3677259e-06 5.7859863e-06 
4.8 4.9 1.9088126e-06 1.7312621e-06 1.97018e-06 
4.9 5.0 4.6527257e-07 4.5140724e-07 5.4961698e-07 


