# Q1 =   100.0000 , Q2 =   500.0000
# x  F1Wp(LO) F1Wm(LO) F1Wp(NLO) F1Wm(NLO) F1Wp(NNLO) F1Wm(NNLO) F1Z(LO) F1Z(NLO) F1Z(NNLO)
    1.000000316960E-05    1.472676107165E+05    1.472471822242E+05   -5.373385458731E+03   -5.378730964552E+03    2.410610873450E+02    2.407045894450E+02    9.992590907762E+04   -4.279792500741E+03    2.231816403734E+02
    1.059254059240E-05    1.382335869734E+05    1.382133923421E+05   -5.043839008979E+03   -5.049071262024E+03    2.187706895542E+02    2.184249353764E+02    9.379561438078E+04   -4.017475568459E+03    2.030951730646E+02
    1.122018806381E-05    1.297538463831E+05    1.297338829366E+05   -4.735812362827E+03   -4.739634349678E+03    1.982826050152E+02    1.979473375840E+02    8.804144908503E+04   -3.771249545629E+03    1.846115392554E+02
    1.188502598494E-05    1.217943795773E+05    1.217746446702E+05   -4.445416828416E+03   -4.449178828917E+03    1.794614941537E+02    1.791364615742E+02    8.264033481719E+04   -3.540127621871E+03    1.676113694071E+02
    1.258925802843E-05    1.143232639295E+05    1.143037549466E+05   -4.173275292447E+03   -4.176544872094E+03    1.621819657013E+02    1.618669199622E+02    7.757060924409E+04   -3.323183042064E+03    1.519837643770E+02
    1.333521844269E-05    1.073105355169E+05    1.072912498730E+05   -3.917416734156E+03   -3.920624920004E+03    1.463273417404E+02    1.460220399287E+02    7.281193918728E+04   -3.119545985786E+03    1.376258708426E+02
    1.412537978909E-05    1.007280689380E+05    1.007090040777E+05   -3.677254936145E+03   -3.680407274125E+03    1.317894559070E+02    1.314936596281E+02    6.834523906882E+04   -2.928402104939E+03    1.244420555664E+02
    1.496236113743E-05    9.454946450539E+04    9.453061790237E+04   -3.451826774436E+03   -3.454924004219E+03    1.184679447397E+02    1.181814200592E+02    6.415259436112E+04   -2.748978483017E+03    1.123436056026E+02
    1.584893674715E-05    8.874994235881E+04    8.873131151584E+04   -3.240228220921E+03   -3.243271073707E+03    1.062697036186E+02    1.059922209973E+02    6.021718973362E+04   -2.580562267180E+03    1.012481888440E+02
    1.678804526291E-05    8.330624307628E+04    8.328782552476E+04   -3.041611194984E+03   -3.044600782471E+03    9.510837972854E+01    9.483971396041E+01    5.652324160839E+04   -2.422476029143E+03    9.107941000555E+01
    1.778279945500E-05    7.819653438308E+04    7.817832768268E+04   -2.855178274207E+03   -2.855937194245E+03    8.490390671442E+01    8.464383685837E+01    5.305593485389E+04   -2.274086012579E+03    8.176640361409E+01
    1.883649653694E-05    7.340032358487E+04    7.338232532330E+04   -2.680182288940E+03   -2.680953618841E+03    7.558203521119E+01    7.533034455514E+01    4.980136336306E+04   -2.134797280876E+03    7.324342035576E+01
    1.995262909442E-05    6.889837537390E+04    6.888058316650E+04   -2.515921492058E+03   -2.518754411135E+03    6.707415198031E+01    6.683062701838E+01    4.674647427753E+04   -2.002455256924E+03    6.544966881646E+01
    2.113489666185E-05    6.467263467828E+04    6.465504616779E+04   -2.361738974309E+03   -2.363979365062E+03    5.931607081870E+01    5.908050431398E+01    4.387901563394E+04   -1.881324278625E+03    5.832826843883E+01
    2.238721798482E-05    6.070615424524E+04    6.068876710142E+04   -2.217012441180E+03   -2.219742982138E+03    5.224898762120E+01    5.202117503893E+01    4.118748722276E+04   -1.766123925793E+03    5.182706171824E+01
    2.371374400920E-05    5.698302666757E+04    5.696583858694E+04   -2.081162944766E+03   -2.083845307628E+03    4.581818807419E+01    4.559792888199E+01    3.866109446219E+04   -1.657808358520E+03    4.589750077376E+01
    2.511887163984E-05    5.348832058090E+04    5.347132928641E+04   -1.953647928617E+03   -1.956286304773E+03    3.997298887925E+01    3.976008666409E+01    3.628970510227E+04   -1.556304291698E+03    4.049459160378E+01
    2.660725831458E-05    5.020802077572E+04    5.019122401647E+04   -1.832544457575E+03   -1.836540138452E+03    3.466654633525E+01    3.446080813618E+01    3.406380858563E+04   -1.461205126089E+03    3.557671935537E+01
    2.818383744181E-05    4.712897198402E+04    4.711236753495E+04   -1.720236769688E+03   -1.724141394383E+03    2.985542520897E+01    2.965666215032E+01    3.197447790169E+04   -1.371771358009E+03    3.110528093246E+01
    2.985383475271E-05    4.423882611507E+04    4.422241177667E+04   -1.615777647056E+03   -1.618634741231E+03    2.549947418177E+01    2.530750114013E+01    3.001333378139E+04   -1.287816061432E+03    2.704456787934E+01
    3.162278562252E-05    4.152599272871E+04    4.150976632674E+04   -1.516788638950E+03   -1.519597307396E+03    2.156155662920E+01    2.137619217862E+01    2.817251108901E+04   -1.209011410418E+03    2.336153218706E+01
    3.349655341806E-05    3.897959254748E+04    3.896355193268E+04   -1.424073069565E+03   -1.426632236243E+03    1.800733474797E+01    1.782840110629E+01    2.644462727590E+04   -1.135038692710E+03    2.002559674332E+01
    3.548134893245E-05    3.658941382116E+04    3.657355686897E+04   -1.337012822987E+03   -1.339366985875E+03    1.480506866652E+01    1.463239164128E+01    2.482275277002E+04   -1.065601457722E+03    1.700847888518E+01
    3.758375097145E-05    3.434587136870E+04    3.433019597898E+04   -1.255142004722E+03   -1.257451802518E+03    1.192542950691E+01    1.175883844338E+01    2.330038318219E+04   -1.000421444547E+03    1.428402616403E+01
    3.981072815955E-05    3.223996813325E+04    3.222447222999E+04   -1.178292439860E+03   -1.180558479614E+03    9.341411166495E+00    9.180738127626E+00    2.187141321779E+04   -9.392374658743E+02    1.182813612320E+01
    4.216966203819E-05    3.026325909607E+04    3.024794062716E+04   -1.106156040378E+03   -1.108378902964E+03    7.027796005584E+00    6.872878271956E+00    2.053011218910E+04   -8.818043629906E+02    9.618318977703E+00
    4.466837153263E-05    2.840781740467E+04    2.839267434159E+04   -1.038445614576E+03   -1.040623919750E+03    4.961637707484E+00    4.812314853208E+00    1.927110103026E+04   -8.278920148327E+02    7.634001555780E+00
    4.731513886856E-05    2.666620257916E+04    2.665123291672E+04   -9.748837457525E+02   -9.770220658099E+02    3.121584851252E+00    2.977699798486E+00    1.808933072243E+04   -7.772844217541E+02    5.856145610846E+00
    5.011873702437E-05    2.503143066950E+04    2.501663242561E+04   -9.152216262772E+02   -9.173185499088E+02    1.487986191331E+00    1.349385308946E+00    1.698006204282E+04   -7.297788156724E+02    4.267141474760E+00
    5.308845881011E-05    2.349694624377E+04    2.348231745914E+04   -8.592180908258E+02   -8.612741923345E+02    4.273104585309E-02   -9.073536194096E-02    1.593884655628E+04   -6.839891852427E+02    2.857285375468E+00
    5.623414766941E-05    2.205659609518E+04    2.204213483312E+04   -8.066487078779E+02   -8.086645549847E+02   -1.230809390691E+00   -1.359290713215E+00    1.496150877311E+04   -6.433241345432E+02    1.592094329859E+00
    5.956623030659E-05    2.070460456244E+04    2.069030890854E+04   -7.573027509533E+02   -7.592789048739E+02   -2.348111215422E+00   -2.471750601797E+00    1.404412940175E+04   -6.040309711382E+02    4.772354347019E-01
    6.309575124703E-05    1.943555036433E+04    1.942141842625E+04   -7.109824456705E+02   -7.129194611965E+02   -3.323304351338E+00   -3.442242896275E+00    1.318302962900E+04   -5.671413690222E+02   -5.064841771736E-01
    6.683440944536E-05    1.824434485567E+04    1.823037476291E+04   -6.675021605804E+02   -6.694005786073E+02   -4.169421332540E+00   -4.283797089065E+00    1.237475636475E+04   -5.323655932809E+02   -1.370788863090E+00
    7.079459706283E-05    1.712621161754E+04    1.711240152116E+04   -6.266876341661E+02   -6.285480231203E+02   -4.898449499600E+00   -5.008397525229E+00    1.161606839210E+04   -5.000088778460E+02   -2.126475597578E+00
    7.498944054238E-05    1.607666729970E+04    1.606301537210E+04   -5.883753154304E+02   -5.901981945903E+02   -5.521389174907E+00   -5.627041574594E+00    1.090392336725E+04   -4.694949445000E+02   -2.783507709577E+00
    7.943284411759E-05    1.509150363851E+04    1.507800807321E+04   -5.524116838989E+02   -5.541975820770E+02   -6.048406255519E+00   -6.149849586138E+00    1.023546561709E+04   -4.408503360245E+02   -3.350964945535E+00
    8.413953589964E-05    1.416677057824E+04    1.415342958961E+04   -5.186526391176E+02   -5.204020756132E+02   -6.488748909705E+00   -6.586195234100E+00    9.608014685479E+03   -4.139603823185E+02   -3.837334416465E+00
    8.912511669514E-05    1.329876042797E+04    1.328557225102E+04   -4.869648327873E+02   -4.886764182074E+02   -6.851015816780E+00   -6.944545460970E+00    9.019054582271E+03   -3.887174355762E+02   -4.250282473293E+00
    9.440611171657E-05    1.248399299060E+04    1.247095588077E+04   -4.572155755603E+02   -4.588936422033E+02   -7.142990140498E+00   -7.232723909175E+00    8.466223692066E+03   -3.650204951892E+02   -4.596899992927E+00
    1.000000253568E-04    1.171920160433E+04    1.170631383723E+04   -4.292914074111E+02   -4.309345512909E+02   -7.371856419167E+00   -7.457912261851E+00    7.947305302089E+03   -3.427747143011E+02   -4.883705450937E+00
    1.059253992091E-04    1.100132004057E+04    1.098857991180E+04   -4.030786065283E+02   -4.046907907467E+02   -7.544155527726E+00   -7.626648973384E+00    7.460218711272E+03   -3.218910807483E+02   -5.116622359838E+00
    1.122018735254E-04    1.032747020584E+04    1.031487603073E+04   -3.784721568870E+02   -3.800469505599E+02   -7.665893728330E+00   -7.744937479980E+00    7.003010884870E+03   -3.022860439958E+02   -5.301178352664E+00
    1.188502523153E-04    9.694950598165E+03    9.682500711586E+03   -3.553735080420E+02   -3.569148628824E+02   -7.742608183057E+00   -7.818312354286E+00    6.573848621125E+03   -2.838833266443E+02   -5.442361330126E+00
    1.258925723037E-04    9.101225471814E+03    9.088918227968E+03   -3.336901566826E+02   -3.351985560653E+02   -7.779297786971E+00   -7.851769928163E+00    6.171011198575E+03   -2.666028553565E+02   -5.544756723128E+00
    1.333521759735E-04    8.543914666870E+03    8.531748439071E+03   -3.133352722738E+02   -3.148111973689E+02   -7.780545145940E+00   -7.849890290388E+00    5.792883474499E+03   -2.503820187455E+02   -5.612557938499E+00
    1.412537889366E-04    8.020784062819E+03    8.008757243290E+03   -2.942273631419E+02   -2.956712715107E+02   -7.750529140770E+00   -7.816849845214E+00    5.437949406837E+03   -2.351537915953E+02   -5.649596649646E+00
    1.496236018893E-04    7.529736617890E+03    7.517847617563E+03   -2.762899260523E+02   -2.777022989551E+02   -7.693056609703E+00   -7.756452994613E+00    5.104785973583E+03   -2.208572975412E+02   -5.659370878746E+00
    1.584893574245E-04    7.068803958209E+03    7.057051206520E+03   -2.594511566181E+02   -2.608324547206E+02   -7.611591700611E+00   -7.672161489594E+00    4.792057465280E+03   -2.074353954780E+02   -5.645063673461E+00
    1.678804419868E-04    6.636138483021E+03    6.624520427718E+03   -2.436436564671E+02   -2.449943314374E+02   -7.509264856718E+00   -7.567103740335E+00    4.498510127708E+03   -1.948344503700E+02   -5.609588118451E+00
    1.778279832772E-04    6.230005954315E+03    6.218521061262E+03   -2.288041628935E+02   -2.301246691499E+02   -7.388979748642E+00   -7.444180341131E+00    4.222967133292E+03   -1.830041130898E+02   -5.555607757176E+00
    1.883649534286E-04    5.848778541143E+03    5.837425294130E+03   -2.148732738321E+02   -2.161640788321E+02   -7.253294774785E+00   -7.305947877286E+00    3.964323861045E+03   -1.718971400245E+02   -5.485485167290E+00
    1.995262782958E-04    5.490928290721E+03    5.479705191275E+03   -2.017953093049E+02   -2.030568182891E+02   -7.104558333445E+00   -7.154752401773E+00    3.721543466135E+03   -1.614691688378E+02   -5.401468507124E+00
    2.113489532207E-04    5.155021000124E+03    5.143926567322E+03   -1.895179023411E+02   -1.907538667218E+02   -6.944894102931E+00   -6.992715599532E+00    3.493652721285E+03   -1.516785655528E+02   -5.305480442625E+00
    2.238721656565E-04    4.839710464006E+03    4.828743234300E+03   -1.779919604273E+02   -1.791962089259E+02   -6.776215048486E+00   -6.821748124567E+00    3.279738113343E+03   -1.424862288443E+02   -5.199334026419E+00
    2.371374250594E-04    4.543733075274E+03    4.532891602303E+03   -1.671713682045E+02   -1.683476281894E+02   -6.600223593825E+00   -6.643550258837E+00    3.078942179350E+03   -1.338555223205E+02   -5.084630591216E+00
    2.511887004750E-04    4.265902757036E+03    4.255185611457E+03   -1.570129060580E+02   -1.581615988737E+02   -6.418511666798E+00   -6.459711855473E+00    2.890460067428E+03   -1.257519917488E+02   -4.962875080074E+00
    2.660725662789E-04    4.005106205533E+03    3.994511974843E+03   -1.474759381005E+02   -1.485974826508E+02   -6.232446449965E+00   -6.271598027113E+00    2.713536308679E+03   -1.181433188493E+02   -4.835364761283E+00
    2.818383565518E-04    3.760298424941E+03    3.749825713309E+03   -1.385223518986E+02   -1.396171575457E+02   -6.043271114190E+00   -6.080449920396E+00    2.547461787154E+03   -1.109991683118E+02   -4.703285434449E+00
    2.985383286022E-04    3.530498536152E+03    3.520145964254E+03   -1.301163647175E+02   -1.311848407263E+02   -5.852095066947E+00   -5.887374953547E+00    2.391570895740E+03   -1.042910661236E+02   -4.567703350231E+00
    3.162278361789E-04    3.314785842725E+03    3.304552047576E+03   -1.222243930517E+02   -1.232669410154E+02   -5.659864154413E+00   -5.693317151299E+00    2.245238866557E+03   -9.799228536148E+01   -4.429529335038E+00
    3.349655129464E-04    3.112296138209E+03    3.102179773005E+03   -1.148149141889E+02   -1.158319314136E+02   -5.467577048134E+00   -5.499273117447E+00    2.107879265151E+03   -9.207773899246E+01   -4.289705552876E+00
    3.548134668321E-04    2.922218240055E+03    2.912217974014E+03   -1.078583397578E+02   -1.088502143943E+02   -5.275866756922E+00   -5.305873770591E+00    1.978941638442E+03   -8.652387531633E+01   -4.148924956533E+00
    3.758374858894E-04    2.743790736187E+03    2.733905254394E+03   -1.013283240236E+02   -1.022940227951E+02   -5.085492529453E+00   -5.113876763811E+00    1.857909306989E+03   -8.130860053183E+01   -3.499792390390E+00
    3.981072563587E-04    2.576298931207E+03    2.566526934463E+03   -9.519451754557E+01   -9.613727914624E+01   -4.897029383076E+00   -4.923855272189E+00    1.744297292714E+03   -7.641114075974E+01   -3.867137145032E+00
    4.216965936497E-04    2.419071979964E+03    2.409412184638E+03   -8.943673246947E+01   -9.035551027019E+01   -4.710991462395E+00   -4.736321598702E+00    1.637650373779E+03   -7.181206675711E+01   -3.727242757787E+00
    4.466836870101E-04    2.271480197009E+03    2.261931334890E+03   -8.403055338474E+01   -8.492572342819E+01   -4.527837680648E+00   -4.551733009394E+00    1.537541258811E+03   -6.749307657457E+01   -3.588656048351E+00
    4.731513586915E-04    2.132932531132E+03    2.123493349291E+03   -7.895446590654E+01   -7.982640001170E+01   -4.347948773967E+00   -4.370468442964E+00    1.443568873151E+03   -6.343701280380E+01   -3.451772047569E+00
    5.011873384724E-04    2.002874194854E+03    1.993543455503E+03   -7.418821249955E+01   -7.503727828473E+01   -4.171652625523E+00   -4.192854090152E+00    1.355356750257E+03   -5.962936108096E+01   -3.316937091937E+00
    5.308845544473E-04    1.880784439373E+03    1.871560919730E+03   -6.971279879775E+01   -7.053936080402E+01   -3.999225048317E+00   -4.019164102676E+00    1.272551521804E+03   -5.605023379860E+01   -3.184453352223E+00
    5.623414410462E-04    1.766174466030E+03    1.757056958186E+03   -6.551039999886E+01   -6.631481570459E+01   -3.830899054818E+00   -3.849629870250E+00    1.194821500434E+03   -5.269021286219E+01   -3.054565786142E+00
    5.956622653057E-04    1.658585465924E+03    1.649572776717E+03   -6.156428013613E+01   -6.234691133336E+01   -3.666831457094E+00   -3.684406563802E+00    1.121855349457E+03   -4.953438939213E+01   -2.927472935952E+00
    6.309574724727E-04    1.557586779812E+03    1.548677730697E+03   -5.785873236668E+01   -5.861992585260E+01   -3.507217801726E+00   -3.523688217252E+00    1.053360834183E+03   -4.657026199872E+01   -2.803394364408E+00
    6.683440520859E-04    1.462774170911E+03    1.453967597843E+03   -5.437901369701E+01   -5.511909490936E+01   -3.352159414392E+00   -3.367574790292E+00    9.890636498662E+02   -4.378609630236E+01   -2.682464116050E+00
    7.079459257502E-04    1.373768203680E+03    1.365062956995E+03   -5.111128583754E+01   -5.183063455936E+01   -3.201720522640E+00   -3.216128539622E+00    9.287063215643E+02   -4.117087786898E+01   -2.564758545206E+00
    7.498943578865E-04    1.290212722073E+03    1.281607666372E+03   -4.804391062650E+01   -4.874150035797E+01   -3.055947929894E+00   -3.069395040635E+00    8.720471715002E+02   -3.871424883586E+01   -2.450422361829E+00
    7.943283908219E-04    1.211773421166E+03    1.203267435204E+03   -4.516062245591E+01   -4.583949113965E+01   -2.914909324505E+00   -2.927440573653E+00    8.188593497836E+02   -3.640654520228E+01   -2.339495235691E+00
    8.413953056587E-04    1.138136506421E+03    1.129728483002E+03   -4.245407310144E+01   -4.311320214950E+01   -2.778595305364E+00   -2.790254281780E+00    7.689299246055E+02   -3.423863652911E+01   -2.232025467404E+00
    8.912511104532E-04    1.069007435217E+03    1.060696281090E+03   -3.991214789227E+01   -4.055416431976E+01   -2.646995982535E+00   -2.657824874301E+00    7.220590282561E+02   -3.220197272655E+01   -2.128039971895E+00
    9.440610573198E-04    1.004109735597E+03    9.958943713573E+02   -3.752476439046E+01   -3.814539645446E+01   -2.520084425878E+00   -2.530124048723E+00    6.780590555404E+02   -3.028852825208E+01   -2.027548951552E+00
    1.000000190176E-03    9.431838974935E+02    9.350632574873E+02   -3.528245886750E+01   -3.588432635985E+01   -2.397818743241E+00   -2.407108568392E+00    6.367539113781E+02   -2.849076992190E+01   -1.930547801916E+00
    1.059253924943E-03    8.859863319849E+02    8.779593642182E+02   -3.317634956628E+01   -3.375976914086E+01   -2.280143971840E+00   -2.288722153367E+00    5.979783045678E+02   -2.680162669736E+01   -1.837018849845E+00
    1.122018664127E-03    8.322883944092E+02    8.243540604614E+02   -3.119809681356E+01   -3.176338342771E+01   -2.166993797771E+00   -2.174897199493E+00    5.615770848844E+02   -2.521446132550E+01   -1.746932937605E+00
    1.188502447811E-03    7.818754674167E+02    7.740327423586E+02   -2.933987468895E+01   -2.988734343018E+01   -2.058271074086E+00   -2.065535250717E+00    5.274046208509E+02   -2.372304371960E+01   -1.660230501768E+00
    1.258925643231E-03    7.345461002841E+02    7.267939726000E+02   -2.759431609464E+01   -2.812427259164E+01   -1.953934719681E+00   -1.960594079137E+00    4.953242156877E+02   -2.232150543156E+01   -1.576903935819E+00
    1.333521675200E-03    6.901112010375E+02    6.824486725519E+02   -2.595456951176E+01   -2.646731706288E+01   -1.853874564588E+00   -1.859962395614E+00    4.652075590981E+02   -2.100439963842E+01   -1.496885010119E+00
    1.412537799822E-03    6.483932781441E+02    6.408193639536E+02   -2.441414030790E+01   -2.490999197888E+01   -1.757985698121E+00   -1.763533781667E+00    4.369342126908E+02   -1.976655197959E+01   -1.420099051295E+00
    1.496235924044E-03    6.092257287317E+02    6.017394571416E+02   -2.296695355011E+01   -2.344617282481E+01   -1.666169156995E+00   -1.671208307779E+00    4.103911269750E+02   -1.860312275427E+01   -1.346483983416E+00
    1.584893473776E-03    5.724521704805E+02    5.650525829457E+02   -2.160730706272E+01   -2.207021027671E+01   -1.578318698434E+00   -1.582878589858E+00    3.854721879917E+02   -1.750957972389E+01   -1.275967867579E+00
    1.678804313446E-03    5.379258145072E+02    5.306119655799E+02   -2.032984854886E+01   -2.077672712517E+01   -1.494324973688E+00   -1.498434163051E+00    3.620777917621E+02   -1.648165712042E+01   -1.208474957733E+00
    1.778279720043E-03    5.055088767279E+02    4.982798340091E+02   -1.912955411569E+01   -1.956069636979E+01   -1.414076297343E+00   -1.417762250520E+00    3.401144448468E+02   -1.551535503019E+01   -1.143905629728E+00
    1.883649414877E-03    4.750720253364E+02    4.679268694340E+02   -1.800170811692E+01   -1.841739930960E+01   -1.337439221819E+00   -1.340728271094E+00    3.194943894128E+02   -1.460691885135E+01   -1.082221523490E+00
    1.995262656475E-03    4.464938621839E+02    4.394316866762E+02   -1.694188423187E+01   -1.734240662117E+01   -1.264340868763E+00   -1.267258436416E+00    3.001352513063E+02   -1.375282423712E+01   -1.023317374268E+00
    2.113489398229E-03    4.196604359789E+02    4.126803473839E+02   -1.594592770519E+01   -1.633156455156E+01   -1.194644934684E+00   -1.197215355666E+00    2.819597097171E+02   -1.294976296297E+01   -9.671087826619E-01
    2.238721514648E-03    3.944647853552E+02    3.875659031064E+02   -1.500993694206E+01   -1.538096218702E+01   -1.128236572847E+00   -1.130483184777E+00    2.648951871129E+02   -1.219462966113E+01   -9.135105055512E-01
    2.371374100268E-03    3.708065099751E+02    3.639879664035E+02   -1.413023492054E+01   -1.448693387624E+01   -1.065001366755E+00   -1.066946532409E+00    2.488735581965E+02   -1.148448943135E+01   -8.624368747205E-01
    2.511886845517E-03    3.485913679480E+02    3.418523082712E+02   -1.330342532991E+01   -1.364605557394E+01   -1.004949510969E+00   -1.006481201614E+00    2.338308767219E+02   -1.081664715147E+01   -8.138108679390E-01
    2.660725494121E-03    3.277308979496E+02    3.210704802674E+02   -1.252626106316E+01   -1.285509007905E+01   -9.475883557508E-01   -9.489939744217E-01    2.197071190706E+02   -1.018851306055E+01   -7.675293630802E-01
    2.818383386855E-03    3.081420645256E+02    3.015594598226E+02   -1.179571470311E+01   -1.211099335906E+01   -8.931966044586E-01   -8.943622072167E-01    2.064459435620E+02   -9.597676113662E+00   -7.235163851893E-01
    2.985383096773E-03    2.897469251577E+02    2.832413173142E+02   -1.110894450467E+01   -1.141094995543E+01   -8.415314269453E-01   -8.424757039174E-01    1.939944645309E+02   -9.041873048523E+00   -6.816879105610E-01
    3.162278161326E-03    2.724723177569E+02    2.660429035674E+02   -1.046328299341E+01   -1.075227537607E+01   -7.924854069849E-01   -7.932261779959E-01    1.823030402672E+02   -8.518968260928E+00   -6.419609500062E-01
    3.349654917123E-03    2.562495673306E+02    2.498955565298E+02   -9.856226263440E+00   -1.013246314772E+01   -7.459532048387E-01   -7.465074405123E-01    1.713250739664E+02   -8.026990737610E+00   -6.042537450816E-01
    3.548134443398E-03    2.410142106458E+02    2.347348259440E+02   -9.285423931859E+00   -9.549160377344E+00   -7.018317165553E-01   -7.022155589924E-01    1.610168268929E+02   -7.564055818111E+00   -5.684859372696E-01
    3.758374620643E-03    2.267057377867E+02    2.205002149137E+02   -8.748669708953E+00   -9.000158321736E+00   -6.600202067105E-01   -6.602489897247E-01    1.513372430069E+02   -7.128406072732E+00   -5.345787124689E-01
    3.981072311218E-03    2.132673495671E+02    2.071349373257E+02   -8.243892547017E+00   -8.483383536038E+00   -6.204204173966E-01   -6.205086863575E-01    1.422477843515E+02   -6.718391717508E+00   -5.024549233386E-01
    4.216965669175E-03    2.006457298271E+02    1.945856901562E+02   -7.769148331734E+00   -7.996889564975E+00   -5.829366556625E-01   -5.828981869512E-01    1.337122765392E+02   -6.332464002643E+00   -4.720391914558E-01
    4.466836586940E-03    1.887908316998E+02    1.828024397476E+02   -7.322604363338E+00   -7.538829111713E+00   -5.474758616675E-01   -5.473236817646E-01    1.256967637191E+02   -5.969169006752E+00   -4.432579913703E-01
    4.731513286975E-03    1.776556769905E+02    1.717382211990E+02   -6.902563882057E+00   -7.107540627439E+00   -5.139476595524E-01   -5.136940637771E-01    1.181693724423E+02   -5.627141811841E+00   -4.160397183224E-01
    5.011873067012E-03    1.671961678652E+02    1.613489500650E+02   -6.507409784159E+00   -6.701369353181E+00   -4.822644338765E-01   -4.819210848128E-01    1.111001838799E+02   -5.305101035720E+00   -3.903066821537E-01
    5.308845207934E-03    1.573709100913E+02    1.515932456094E+02   -6.135632379286E+00   -6.318792137956E+00   -4.523413291525E-01   -4.519190096029E-01    1.044611138810E+02   -5.001823075640E+00   -3.660080133675E-01
    5.623414053982E-03    1.481410471232E+02    1.424322649024E+02   -5.785794693039E+00   -5.958427622994E+00   -4.240960213400E-01   -4.236049499138E-01    9.822580039036E+01   -4.716221110267E+00   -3.430693700366E-01
    5.956622275455E-03    1.394701043664E+02    1.338295470982E+02   -5.456606909875E+00   -5.618931123044E+00   -3.974648617623E-01   -3.968988470626E-01    9.236949777233E+01   -4.447212782292E+00   -3.214272531781E-01
    6.309574324750E-03    1.313238429964E+02    1.257508672670E+02   -5.146798850957E+00   -5.299047496403E+00   -3.723239399610E-01   -3.717233922610E-01    8.686897761968E+01   -4.193802376702E+00   -3.010202269948E-01
    6.683440097183E-03    1.236701227449E+02    1.181640991968E+02   -4.855197817438E+00   -4.997602152899E+00   -3.486465504895E-01   -3.480040079936E-01    8.170243564777E+01   -3.955056167563E+00   -2.817889199527E-01
    7.079458808720E-03    1.164787731046E+02    1.110390866124E+02   -4.580702814676E+00   -4.713492274436E+00   -3.263456818801E-01   -3.256688216835E-01    7.684940430150E+01   -3.730095695827E+00   -2.636760182694E-01
    7.498943103492E-03    1.097214724350E+02    1.043475222980E+02   -4.322280140996E+00   -4.445682404069E+00   -3.053527265092E-01   -3.046486326748E-01    7.229067072412E+01   -3.518097004581E+00   -2.466262527263E-01
    7.943283404678E-03    1.033716344858E+02    9.806283463680E+01   -4.078959246423E+00   -4.193200305376E+00   -2.856016934127E-01   -2.848768732336E-01    6.800819975996E+01   -3.318286421244E+00   -2.305863794963E-01
    8.413952523210E-03    9.740430187998E+01    9.216008111280E+01   -3.849828845942E+00   -3.955133076500E+00   -2.670291646539E-01   -2.662895645988E-01    6.398506168052E+01   -3.129937464877E+00   -2.155051558886E-01
    8.912510539550E-03    9.179604613264E+01    8.661584834813E+01   -3.634033069100E+00   -3.730623502624E+00   -2.495742473604E-01   -2.488252687196E-01    6.020536434574E+01   -2.952367943395E+00   -2.013333116106E-01
    9.440609974739E-03    8.652487380335E+01    8.140815827533E+01   -3.430749377175E+00   -3.518866632473E+00   -2.331785220719E-01   -2.324250363256E-01    5.665418952781E+01   -2.784917581873E+00   -1.880235161612E-01
    1.000000126784E-02    8.157013840549E+01    7.651638006789E+01   -3.239263631547E+00   -3.319094795458E+00   -2.177859880365E-01   -2.170326769354E-01    5.331753314227E+01   -2.627025359144E+00   -1.755303429282E-01
    1.059253857795E-02    7.691245771972E+01    7.192114747609E+01   -3.058846002040E+00   -3.130623367180E+00   -2.033433199748E-01   -2.025934239416E-01    5.018224914658E+01   -2.478105229006E+00   -1.638105709230E-01
    1.122018593000E-02    7.253363618034E+01    6.760428123694E+01   -2.888831111766E+00   -2.952771715328E+00   -1.897985672714E-01   -1.890557405077E-01    4.723599688166E+01   -2.337626537981E+00   -1.528217863606E-01
    1.188502372469E-02    6.841659202364E+01    6.354871624727E+01   -2.728594045808E+00   -2.784907888719E+00   -1.771029199844E-01   -1.763700663354E-01    4.446719164532E+01   -2.205090872614E+00   -1.425243590360E-01
    1.258925563425E-02    6.454528890431E+01    5.973843320683E+01   -2.577547858131E+00   -2.626456236862E+00   -1.652094668137E-01   -1.644890327062E-01    4.186495829833E+01   -2.080031827907E+00   -1.328800733271E-01
    1.333521590666E-02    6.090467170845E+01    5.615839445920E+01   -2.435141231287E+00   -2.476858301642E+00   -1.540734110767E-01   -1.533673997864E-01    3.941908771878E+01   -1.962006476216E+00   -1.238524030811E-01
    1.412537710278E-02    5.748060630435E+01    5.279448377219E+01   -2.300856280287E+00   -2.335595266453E+00   -1.436520075561E-01   -1.429619932766E-01    3.711999592923E+01   -1.850602978045E+00   -1.154064651554E-01
    1.496235829195E-02    5.425982299012E+01    4.963344981681E+01   -2.174206491551E+00   -2.202179777938E+00   -1.339044989228E-01   -1.332316406620E-01    3.495868573310E+01   -1.745414024664E+00   -1.075089721670E-01
    1.584893373306E-02    5.122986341104E+01    4.666285311795E+01   -2.054734789073E+00   -2.076154013842E+00   -1.247920520238E-01   -1.241371073389E-01    3.292671070642E+01   -1.646114793679E+00   -1.001281847015E-01
    1.678804207023E-02    4.837903073593E+01    4.387101626541E+01   -1.941992404319E+00   -1.957068208670E+00   -1.162776941942E-01   -1.156410328058E-01    3.101614140147E+01   -1.552342036353E+00   -9.323386318084E-02
    1.778279607314E-02    4.569634288963E+01    4.124697718381E+01   -1.835619475389E+00   -1.844564721064E+00   -1.083262496684E-01   -1.077071760114E-01    2.921953362549E+01   -1.463773823975E+00   -8.679721950729E-02
    1.883649295469E-02    4.317148865684E+01    3.878044527577E+01   -1.735208805880E+00   -1.738230795907E+00   -1.009042766625E-01   -1.003031271543E-01    2.752989866847E+01   -1.380107621826E+00   -8.079196630342E-02
    1.995262529991E-02    4.079478648109E+01    3.646176026237E+01   -1.640407440170E+00   -1.637706820702E+00   -9.397941033323E-02   -9.339610781555E-02    2.594067536061E+01   -1.301059097574E+00   -7.518979020111E-02
    2.113489264250E-02    3.855714579374E+01    3.428185355595E+01   -1.550880447493E+00   -1.542677450542E+00   -8.752272670805E-02   -8.695559949871E-02    2.444570384762E+01   -1.226361003677E+00   -6.996718299808E-02
    2.238721372731E-02    3.645003071818E+01    3.223221201066E+01   -1.466312989480E+00   -1.452816490422E+00   -8.150498483745E-02   -8.095265611034E-02    2.303920097862E+01   -1.155762129293E+00   -6.510066780310E-02
    2.371373949942E-02    3.446542600399E+01    3.030484390563E+01   -1.386409085880E+00   -1.367828045997E+00   -7.589904964911E-02   -7.536057435024E-02    2.171573720835E+01   -1.089026317751E+00   -6.056743667075E-02
    2.511886686283E-02    3.259580505726E+01    2.849224702567E+01   -1.310871392397E+00   -1.287434011928E+00   -7.067922100772E-02   -7.015181952382E-02    2.047021492224E+01   -1.025923098887E+00   -5.634752776891E-02
    2.660725325452E-02    3.083409993372E+01    2.678737870933E+01   -1.239477902300E+00   -1.211372992985E+00   -6.582174259607E-02   -6.530261154132E-02    1.929784809517E+01   -9.662616493766E-01   -5.242040666730E-02
    2.818383208192E-02    2.917367318083E+01    2.518362774739E+01   -1.171961858143E+00   -1.139387103668E+00   -6.130240636241E-02   -6.078967951922E-02    1.819414320539E+01   -9.098360168641E-01   -4.876718989776E-02
    2.985382907523E-02    2.760829141368E+01    2.367478801787E+01   -1.108091848488E+00   -1.071281970939E+00   -5.710010153182E-02   -5.659102595402E-02    1.715488132600E+01   -8.564616383957E-01   -4.537002641452E-02
    3.162277960863E-02    2.613210051976E+01    2.225503375281E+01   -1.047650218053E+00   -1.006785192678E+00   -5.319428222676E-02   -5.268587258275E-02    1.617610132279E+01   -8.059649370595E-01   -4.221205447117E-02
    3.349654704782E-02    2.473960239381E+01    2.091889633771E+01   -9.904222769708E-01   -9.457440026473E-01   -4.956555262446E-02   -4.905460751099E-02    1.525408409125E+01   -7.581826569717E-01   -3.927735935806E-02
    3.548134218475E-02    2.342563311178E+01    1.966124255157E+01   -9.362366204255E-01   -8.879461995384E-01   -4.619466909780E-02   -4.567873366974E-02    1.438533777072E+01   -7.129612410200E-01   -3.655093208365E-02
    3.758374382392E-02    2.218534245526E+01    1.847725416021E+01   -8.849006371848E-01   -8.332115478836E-01   -4.306635850147E-02   -4.254081849057E-02    1.356658387579E+01   -6.701562485350E-01   -3.401862881519E-02
    3.981072058850E-02    2.101417470533E+01    1.736240878136E+01   -8.362439210060E-01   -7.813706661032E-01   -4.016332777891E-02   -3.962444508800E-02    1.279474429001E+01   -6.296318112218E-01   -3.166713149120E-02
    4.216965401853E-02    1.990785063215E+01    1.631246194616E+01   -7.901061528083E-01   -7.322643902794E-01   -3.747027078377E-02   -3.691416473318E-02    1.206692907106E+01   -5.912601242106E-01   -2.948390928816E-02
    4.466836303778E-02    1.886235060766E+01    1.532343028477E+01   -7.463365083725E-01   -6.857431794079E-01   -3.497278207673E-02   -3.439521043332E-02    1.138042501829E+01   -5.549209705790E-01   -2.745718111250E-02
    4.731512987035E-02    1.787389877575E+01    1.439157576968E+01   -7.047931069029E-01   -6.416665596738E-01   -3.265768257418E-02   -3.205443631099E-02    1.073268495770E+01   -5.205012773151E-01   -2.557565627468E-02
    5.011872749299E-02    1.693894821725E+01    1.351339095372E+01   -6.653424985813E-01   -5.999026053378E-01   -3.051144718544E-02   -2.987876241183E-02    1.012131770180E+01   -4.878855052753E-01   -2.382941103715E-02
    5.308844871396E-02    1.605416705556E+01    1.268558514407E+01   -6.278591873666E-01   -5.603274541530E-01   -2.852194046786E-02   -2.785616598635E-02    9.544078645661E+00   -4.569929261365E-01   -2.220845378044E-02
    5.623413697503E-02    1.521642544273E+01    1.190507145744E+01   -5.922251898292E-01   -5.228248552284E-01   -2.667912905299E-02   -2.597537627458E-02    8.998860960420E+00   -4.277193844563E-01   -2.070364793236E-02
    5.956621897853E-02    1.442278338228E+01    1.116895470474E+01   -5.583296264253E-01   -4.872857472015E-01   -2.497179558876E-02   -2.422583569648E-02    8.483687351502E+00   -3.999765124144E-01   -1.930643468028E-02
    6.309573924774E-02    1.367047934009E+01    1.047452005714E+01   -5.260587317162E-01   -4.536078648865E-01   -2.339001385925E-02   -2.259766257480E-02    7.996702348611E+00   -3.736812764858E-01   -1.800880180699E-02
    6.683439673506E-02    1.295691960086E+01    9.819222448133E+00   -4.953352981183E-01   -4.216953724683E-01   -2.192446183293E-02   -2.108119945930E-02    7.536165097548E+00   -3.487556870244E-01   -1.680325365088E-02
    7.079458359939E-02    1.227966833069E+01    9.200676669466E+00   -4.660565600512E-01   -3.914585213730E-01   -2.056638446973E-02   -1.966869368172E-02    7.100442625977E+00   -3.251265284705E-01   -1.568278220543E-02
    7.498942628119E-02    1.163643831015E+01    8.616648120881E+00   -4.381365796224E-01   -3.628133307886E-01   -1.930755801171E-02   -1.835161239325E-02    6.688003557158E+00   -3.027251088820E-01   -1.464083935318E-02
    7.943282901137E-02    1.102508230475E+01    8.065044175437E+00   -4.114949233424E-01   -3.356812902159E-01   -1.813990777873E-02   -1.712243637453E-02    6.297412247190E+00   -2.814870278079E-01   -1.367131033768E-02
    8.413951989832E-02    1.044358504104E+01    7.543906128258E+00   -3.860564238245E-01   -3.099837235219E-01   -1.705693775718E-02   -1.597415969008E-02    5.927323323917E+00   -2.613519610700E-01   -1.276848840942E-02
    8.912509974568E-02    9.890055764089E+00    7.051401692178E+00   -3.617450896558E-01   -2.856638470293E-01   -1.605139118005E-02   -1.490026223160E-02    5.576476606258E+00   -2.422634614991E-01   -1.192682164082E-02
    9.440609376280E-02    9.362721350284E+00    6.585818010633E+00   -3.385090745292E-01   -2.626516314422E-01   -1.511657305612E-02   -1.389468397909E-02    5.243692384771E+00   -2.241687745018E-01   -1.114184014512E-02
    1.000000063392E-01    8.859919954454E+00    6.145555157611E+00   -3.162747102570E-01   -2.408878282554E-01   -1.424677059681E-02   -1.295155749301E-02    4.927867045555E+00   -2.070186673483E-01   -1.040865631028E-02
    1.059253790647E-01    8.380095172852E+00    5.729120097081E+00   -2.949941953831E-01   -2.203174213551E-01   -1.343383486967E-02   -1.206621141906E-02    4.627969021323E+00   -1.907640925106E-01   -9.722967658968E-03
    1.122018521873E-01    7.921790704170E+00    5.335121070261E+00   -2.746234235311E-01   -2.008862079429E-01   -1.268056677985E-02   -1.123352996682E-02    4.343035052144E+00   -1.753693873355E-01   -9.080772399479E-03
    1.188502297128E-01    7.483645496805E+00    4.962262390426E+00   -2.551121757550E-01   -1.825545504238E-01   -1.197281267410E-02   -1.044888544494E-02    4.072166744396E+00   -1.607911132516E-01   -8.478193650925E-03
    1.258925483619E-01    7.064389370794E+00    4.609339615357E+00   -2.363851974188E-01   -1.652722523143E-01   -1.130892190297E-02   -9.708428624560E-03    3.814527412902E+00   -1.469926563140E-01   -7.912137437468E-03
    1.333521506131E-01    6.662839104207E+00    4.275235070232E+00   -2.184345366028E-01   -1.490044880706E-01   -1.068460760916E-02   -9.008520684055E-03    3.569339192666E+00   -1.339382782447E-01   -7.379052278865E-03
    1.412537620735E-01    6.277894976550E+00    3.958913694855E+00   -2.012199042325E-01   -1.337152098699E-01   -1.009514749315E-02   -8.346042167772E-03    3.335880407845E+00   -1.216016850688E-01   -6.876346523487E-03
    1.496235734345E-01    5.908537770743E+00    3.659419193871E+00   -1.847134575996E-01   -1.193585528407E-01   -9.536967369829E-03   -7.717099586366E-03    3.113483190002E+00   -1.099492921715E-01   -6.395518309570E-03
    1.584893272837E-01    5.553826209273E+00    3.375870441930E+00   -1.688856359716E-01   -1.059150857183E-01   -9.005826575359E-03   -7.119226134376E-03    2.901531320159E+00   -9.896581866960E-02   -5.950795254787E-03
    1.678804100600E-01    5.212894849938E+00    3.107458140500E+00   -1.537111153785E-01   -9.335068070290E-02   -8.498474649835E-03   -6.550122147965E-03    2.699458300445E+00   -8.860926052966E-02   -5.523126027884E-03
    1.778279494585E-01    4.884952415402E+00    2.853441670185E+00   -1.391770199757E-01   -8.164376879222E-02   -8.011342734448E-03   -6.007387663267E-03    2.506745626429E+00   -7.887238742179E-02   -5.115916355856E-03
    1.883649176061E-01    4.569280561232E+00    2.613146110105E+00   -1.252664633935E-01   -7.076714343315E-02   -7.541251999740E-03   -5.489441895314E-03    2.322921250570E+00   -6.973041884038E-02   -4.727361327946E-03
    1.995262403507E-01    4.265233074790E+00    2.385959380715E+00   -1.119692520453E-01   -6.070202740071E-02   -7.085250772028E-03   -4.994485342948E-03    2.147558217959E+00   -6.116971449907E-02   -4.355895480469E-03
    2.113489130272E-01    3.972235494733E+00    2.171329462058E+00   -9.927929048756E-02   -5.142684399937E-02   -6.640487080141E-03   -4.521452636235E-03    1.980273453188E+00   -5.317262589728E-02   -3.999970803753E-03
    2.238721230814E-01    3.689785135644E+00    1.968761632807E+00   -8.719276070381E-02   -4.292181955401E-02   -6.204783380155E-03   -4.069265733968E-03    1.820726673293E+00   -4.572835943841E-02   -3.658228661732E-03
    2.371373799615E-01    3.417451493778E+00    1.777815667129E+00   -7.571528959607E-02   -3.517101103519E-02   -5.775830850634E-03   -3.637236118336E-03    1.668619396200E+00   -3.882357077658E-02   -3.329786544727E-03
    2.511886527050E-01    3.154876998572E+00    1.598102916994E+00   -6.485111152753E-02   -2.815630011401E-02   -5.351768639030E-03   -3.224895576899E-03    1.523694007443E+00   -3.244965960780E-02   -3.013716863228E-03
    2.660725156783E-01    2.901778059114E+00    1.429283196593E+00   -5.461007142965E-02   -2.186019750170E-02   -4.931085256473E-03   -2.832272719096E-03    1.385732839485E+00   -2.659719259904E-02   -2.709336756940E-03
    2.818383029529E-01    2.657946333851E+00    1.271061373298E+00   -4.500475905572E-02   -1.626640653056E-02   -4.512662632477E-03   -2.459467189181E-03    1.254557207533E+00   -2.125806721803E-02   -2.416363489914E-03
    2.985382718274E-01    2.423250125595E+00    1.123183556288E+00   -3.605383100599E-02   -1.135614599692E-02   -4.095826751915E-03   -2.106917164135E-03    1.130026333362E+00   -1.642611372264E-02   -2.134578138734E-03
    3.162277760400E-01    2.197635768470E+00    9.854327598838E-01   -2.777615841379E-02   -7.110465200955E-03   -3.680404443041E-03   -1.775313694804E-03    1.012036073396E+00   -1.209440787271E-02   -1.864060135480E-03
    3.349654492440E-01    1.981128830827E+00    8.576239045475E-01   -2.019349662636E-02   -3.507628714554E-03   -3.266716006416E-03   -1.465543148951E-03    9.005173499419E-01   -8.256259850074E-03   -1.605136879602E-03
    3.548133993551E-01    1.773834901818E+00    7.395980057398E-01   -1.333048889117E-02   -5.237356356376E-04   -2.855919820305E-03   -1.178787211863E-03    7.954341636339E-01   -4.905116267204E-03   -1.358357860921E-03
    3.758374144141E-01    1.575939662152E+00    6.312153905957E-01   -7.210997886374E-03    1.868477767900E-03   -2.449653344116E-03   -9.162711092289E-04    6.967810421870E-01   -2.032773738693E-03   -1.124610667749E-03
    3.981071806482E-01    1.387707854154E+00    5.323477782406E-01   -1.859178032788E-03    3.700540538510E-03   -2.050379685748E-03   -6.793395159055E-04    6.045797544590E-01    3.699909589557E-04   -9.049349958285E-04
    4.216965134532E-01    1.209480664123E+00    4.428690640796E-01    2.703085054556E-03    5.008587354318E-03   -1.661366633585E-03   -4.693287673839E-04    5.188750911141E-01    2.314898935455E-03   -7.006254794971E-04
    4.466836020616E-01    1.041670904980E+00    3.626446682499E-01    6.458225527240E-03    5.834287867773E-03   -1.286718996737E-03   -2.875177554148E-04    4.397294844096E-01    3.816794761559E-03   -5.131604235893E-04
    4.731512687095E-01    8.847552383092E-01    2.915193501526E-01    9.394912200697E-03    6.224969963826E-03   -9.313570673788E-04   -1.349193156857E-04    3.672162118995E-01    4.894383626784E-03   -3.442029978099E-04
    5.011872431586E-01    7.392624976828E-01    2.293034652821E-01    1.151124218293E-02    6.234709971907E-03   -6.010701318317E-04   -1.220571408805E-05    3.014109047694E-01    5.570939855019E-03   -1.954613733626E-04
    5.308844534858E-01    6.057569677759E-01    1.757577627131E-01    1.281727727348E-02    5.923644925247E-03   -3.022462883748E-04    8.049375331041E-05    2.423810661142E-01    5.875883108079E-03   -6.863829093226E-05
    5.623413341023E-01    4.848152310972E-01    1.305770078401E-01    1.334013609590E-02    5.358143217661E-03   -4.180461446119E-05    1.437752469454E-04    1.901733021886E-01    5.845006082028E-03    3.468315699733E-05
    5.956621520251E-01    3.769949194536E-01    9.337299630222E-02    1.312677379062E-02    4.609796500311E-03    1.731973006217E-04    1.791584203005E-04    1.447979928387E-01    5.521774013938E-03    1.132387052084E-04
    6.309573524797E-01    2.827933886196E-01    6.365792743283E-02    1.224916203699E-02    3.753711230620E-03    3.360722350250E-04    1.892609677710E-04    1.062111820775E-01    4.957787030139E-03    1.662774216565E-04
    6.683439249830E-01    2.025939883470E-01    4.082968327658E-02    1.080951722918E-02    2.866158646333E-03    4.412388066688E-04    1.779553886564E-04    7.429358091058E-02    4.213465093919E-03    1.938279494510E-04
    7.079457911159E-01    1.365972070057E-01    2.416135931987E-02    8.942870702442E-03    2.020287079608E-03    4.852602819080E-04    1.504116236496E-04    4.882675423869E-02    3.357185718583E-03    1.970145761001E-04
    7.498942152746E-01    8.473355053685E-02    1.279849722884E-02    6.820760030644E-03    1.281201680733E-03    4.682588394447E-04    1.130194243182E-04    2.946684842663E-02    2.464526502654E-03    1.784218202172E-04
    7.943282397597E-01    4.655456111491E-02    5.768965217227E-03    4.650556128501E-03    6.991487161476E-04    3.958894008864E-04    7.300411927706E-05    1.571663695260E-02    1.615553412531E-03    1.425318114587E-04
    8.413951456455E-01    2.109789706784E-02    2.012434757002E-03    2.668867746161E-03    3.015420629398E-04    2.818050949201E-04    3.767634719254E-05    6.897265058860E-03    8.899753392559E-04    9.614796956433E-05
    8.912509409587E-01    6.721879090619E-03    4.390517518636E-04    1.122595954012E-03    8.475475300960E-05    1.506397949318E-04    1.305358022642E-05    2.121914360120E-03    3.586361735784E-04    4.875285477393E-05
    9.440608777821E-01    9.043439974679E-04    3.036068027138E-05    2.209656995880E-04    8.338527368450E-06    4.079808940350E-05    1.715334532989E-06    2.747474985244E-04    6.747495747980E-05    1.252397862352E-05
