# Q1 =   100.0000 , Q2 =   500.0000
# x  F3Wp(LO) F3Wm(LO) F3Wp(NLO) F3Wm(NLO) F3Wp(NNLO) F3Wm(NNLO) F3Z(LO) F3Z(NLO) F3Z(NNLO)
    1.000000316960E-05   -4.894166536519E+04    4.910724212057E+04    7.253273932281E+01   -7.208534800661E+01    1.354299600930E+00   -1.362744252512E+00    4.285065548768E+01    1.135523770910E-01   -1.204933002725E-03
    1.059254059240E-05   -4.593343093352E+04    4.609710740392E+04    6.808938676104E+01   -6.766158997354E+01    1.270888111759E+00   -1.279335792312E+00    4.235885535595E+01    1.084991011808E-01   -1.250785041231E-03
    1.122018806381E-05   -4.310983556345E+04    4.327163349063E+04    6.391808754645E+01   -6.350954858399E+01    1.192598097488E+00   -1.203591950240E+00    4.187268196336E+01    1.035330012983E-01   -1.294135698237E-03
    1.188502598494E-05   -4.045954949699E+04    4.061949037306E+04    6.000215991505E+01   -5.961254560799E+01    1.119115271555E+00   -1.129967144757E+00    4.139207069522E+01    9.867358678452E-02   -1.335040767235E-03
    1.258925802843E-05   -3.797193815483E+04    3.813004322508E+04    5.632594554082E+01   -5.595492659513E+01    1.050165136134E+00   -1.060857128929E+00    4.091695766620E+01    9.385833834480E-02   -1.373597316681E-03
    1.333521844269E-05   -3.563701948151E+04    3.579330974721E+04    5.287474674099E+01   -5.252199768213E+01    9.854285225523E-01   -9.959849122764E-01    4.044727971351E+01    8.914738285497E-02   -1.409858515265E-03
    1.412537978909E-05   -3.344542390780E+04    3.359992012894E+04    4.963476753395E+01   -4.929996665295E+01    9.246673607225E-01   -9.350904994282E-01    3.998297438719E+01    8.452009977545E-02   -1.443890606561E-03
    1.496236113743E-05   -3.138835676969E+04    3.154107946772E+04    4.659305831378E+01   -4.627588761515E+01    8.676376833018E-01   -8.756832488609E-01    3.952397994180E+01    7.997488198364E-02   -1.475758639451E-03
    1.584893674715E-05   -2.945756303333E+04    2.960853249385E+04    4.373733596889E+01   -4.343760907157E+01    8.141104926284E-01   -8.221637607371E-01    3.907023532764E+01    7.551155351736E-02   -1.505526489681E-03
    1.678804526291E-05   -2.764529418432E+04    2.779453045971E+04    4.105658810700E+01   -4.077374542495E+01    7.638708423286E-01   -7.719272839213E-01    3.862168018282E+01    7.112826451131E-02   -1.533277160487E-03
    1.778279945500E-05   -2.594427714861E+04    2.609180006069E+04    3.853970188518E+01   -3.827354899597E+01    7.167169750205E-01   -7.247721058984E-01    3.817825482361E+01    6.682562194967E-02   -1.559032520188E-03
    1.883649653694E-05   -2.434768512040E+04    2.449351426300E+04    3.617675067444E+01   -3.591500282173E+01    6.724595131562E-01   -6.805089153503E-01    3.773990023682E+01    6.260042716447E-02   -1.582872017742E-03
    1.995262909442E-05   -2.284911017994E+04    2.299326492145E+04    3.395830710766E+01   -3.372463852956E+01    6.328682237616E-01   -6.390728583154E-01    3.730655807173E+01    5.845290715879E-02   -1.604855126038E-03
    2.113489666185E-05   -2.144253759142E+04    2.158503707736E+04    3.187551419674E+01   -3.165764367031E+01    5.939757557364E-01   -6.000547121784E-01    3.687817063172E+01    5.438217147639E-02   -1.625040174149E-03
    2.238721798482E-05   -2.012232167801E+04    2.026318483349E+04    2.992005829388E+01   -2.971769269913E+01    5.572561083509E-01   -5.634293968386E-01    3.645468086636E+01    5.038734007777E-02   -1.643484363528E-03
    2.371374400920E-05   -1.888316317698E+04    1.902240870918E+04    2.808413575386E+01   -2.789698497258E+01    5.226302025962E-01   -5.290500377177E-01    3.603603236285E+01    4.646754316728E-02   -1.660240752279E-03
    2.511887163984E-05   -1.772008798443E+04    1.785773438503E+04    2.636042164268E+01   -2.618819892891E+01    4.902996715011E-01   -4.967787688070E-01    3.562216933907E+01    4.262192124184E-02   -1.675370487303E-03
    2.660725831458E-05   -1.662842720410E+04    1.676449275172E+04    2.474204036505E+01   -2.458446229593E+01    4.599537612531E-01   -4.664861812470E-01    3.521303663319E+01    3.884962470812E-02   -1.688924456034E-03
    2.818383744181E-05   -1.560379842041E+04    1.573830118290E+04    2.322253809539E+01   -2.307934407608E+01    4.314708319153E-01   -4.380508056686E-01    3.480857969822E+01    3.514981400233E-02   -1.700955570969E-03
    2.985383475271E-05   -1.464208812047E+04    1.477504595735E+04    2.179585689961E+01   -2.166674925759E+01    4.047759738476E-01   -4.113586261753E-01    3.440874459323E+01    3.152228470345E-02   -1.711515713987E-03
    3.162278562252E-05   -1.373943519471E+04    1.387086575942E+04    2.045631938177E+01   -2.034101551819E+01    3.796840056110E-01   -3.863026240320E-01    3.401347797567E+01    2.796495917929E-02   -1.720655747929E-03
    3.349655341806E-05   -1.289221544987E+04    1.302213619209E+04    1.919856910976E+01   -1.909680846422E+01    3.561328154052E-01   -3.626736644420E-01    3.362272709364E+01    2.447785645020E-02   -1.728423417977E-03
    3.548134893245E-05   -1.209702707221E+04    1.222545524011E+04    1.801760605398E+01   -1.792912106261E+01    3.340279685623E-01   -3.406080937726E-01    3.323643977835E+01    2.105958548656E-02   -1.734872682596E-03
    3.758375097145E-05   -1.135067698270E+04    1.147762962513E+04    1.690872737492E+01   -1.683325355480E+01    3.132808230467E-01   -3.198944892874E-01    3.285456443602E+01    1.770994544314E-02   -1.740048120569E-03
    3.981072815955E-05   -1.065016802940E+04    1.077566199812E+04    1.586752776039E+01   -1.580480337418E+01    2.938081729403E-01   -3.004497580974E-01    3.247705003994E+01    1.442825282458E-02   -1.743996757515E-03
    4.216966203819E-05   -9.992686965725E+03    1.011673891757E+04    1.488984511937E+01   -1.483961188884E+01    2.755319140314E-01   -2.822575695440E-01    3.210384612387E+01    1.121314138494E-02   -1.746764626502E-03
    4.466837153263E-05   -9.375593166306E+03    9.498219565320E+03    1.397179941951E+01   -1.393386170094E+01    2.583787300394E-01   -2.651122523830E-01    3.173490277404E+01    8.064211254255E-03   -1.748391417125E-03
    4.731513886856E-05   -8.796408035250E+03    8.917625154783E+03    1.310973975650E+01   -1.308372572233E+01    2.423663892951E-01   -2.490031838045E-01    3.137017062167E+01    4.980688134800E-03   -1.748932050151E-03
    5.011873702437E-05   -8.252805064273E+03    8.372628989073E+03    1.230023914746E+01   -1.228595861026E+01    2.272437937003E-01   -2.338934806200E-01    3.100960083551E+01    1.961715720939E-03   -1.748424271811E-03
    5.308845881011E-05   -7.742600500851E+03    7.861047129117E+03    1.154008079265E+01   -1.153728687418E+01    2.129902299755E-01   -2.202222867501E-01    3.065314511479E+01   -9.933847985318E-04   -1.746910334894E-03
    5.623414766941E-05   -7.263744588963E+03    7.380829634358E+03    1.082624517944E+01   -1.083469383939E+01    1.996820159101E-01   -2.068711555165E-01    3.030075568042E+01   -3.885450704488E-03   -1.744431587996E-03
    5.956623030659E-05   -6.814313347270E+03    6.930052340923E+03    1.015589788060E+01   -1.017534797290E+01    1.871924283533E-01   -1.943371350824E-01    2.995238526880E+01   -6.715029393218E-03   -1.741028485489E-03
    6.309575124703E-05   -6.392500851782E+03    6.506909144251E+03    9.526378078564E+00   -9.556591523586E+00    1.754712978469E-01   -1.825701046891E-01    2.960798712425E+01   -9.482969069141E-03   -1.736740598243E-03
    6.683440944536E-05   -5.996611992040E+03    6.109704755250E+03    8.935208889830E+00   -8.975949873026E+00    1.644715280376E-01   -1.715230184530E-01    2.926751499158E+01   -1.218976831598E-02   -1.731605020193E-03
    7.079459706283E-05   -5.625055671764E+03    5.736847900917E+03    8.380004970260E+00   -8.431040246129E+00    1.541530316982E-01   -1.611517166909E-01    2.893092310867E+01   -1.483648026059E-02   -1.725663450484E-03
    7.498944054238E-05   -5.276338426702E+03    5.386844942160E+03    7.858587094556E+00   -7.919686153376E+00    1.444663908323E-01   -1.514147488508E-01    2.859816619928E+01   -1.742329955373E-02   -1.718950390022E-03
    7.943284411759E-05   -4.949058434072E+03    5.058293883207E+03    7.368885322243E+00   -7.439821235755E+00    1.353763362362E-01   -1.422732072753E-01    2.826919946563E+01   -1.995107301529E-02   -1.711502064064E-03
    8.413953589964E-05   -4.641899889571E+03    4.749878748592E+03    6.908970016147E+00   -6.989516655634E+00    1.268463061848E-01   -1.336905712105E-01    2.794397858021E+01   -2.242101535260E-02   -1.703344431763E-03
    8.912511669514E-05   -4.353627729407E+03    4.460364305154E+03    6.477016300954E+00   -6.567009466041E+00    1.188419791788E-01   -1.256325603445E-01    2.762245967966E+01   -2.483291341001E-02   -1.694530978670E-03
    9.440611171657E-05   -4.083082676170E+03    4.188591107884E+03    6.071315775095E+00   -6.170417805777E+00    1.113311361153E-01   -1.180669973624E-01    2.730459935688E+01   -2.718781870428E-02   -1.685085899654E-03
    1.000000253568E-04   -3.829176588685E+03    3.933470849749E+03    5.690283970637E+00   -5.798316574628E+00    1.042835310435E-01   -1.109636789224E-01    2.699035465377E+01   -2.948637409543E-02   -1.675042105110E-03
    1.059253992091E-04   -3.590888097187E+03    3.693981996837E+03    5.332375998057E+00   -5.449144248349E+00    9.767076996076E-02   -1.042942545586E-01    2.667968305375E+01   -3.172921436894E-02   -1.664431710124E-03
    1.122018735254E-04   -3.367258506311E+03    3.469165691324E+03    4.996199250768E+00   -5.121490227756E+00    9.149914430543E-02   -9.803211301505E-02    2.637254247471E+01   -3.391696625189E-02   -1.653286044476E-03
    1.188502523153E-04   -3.157387949478E+03    3.258121905820E+03    4.680417650549E+00   -4.814030502445E+00    8.564478851403E-02   -9.215227555009E-02    2.606889126074E+01   -3.605024851186E-02   -1.641635663745E-03
    1.258925723037E-04   -2.960431779228E+03    3.060005833684E+03    4.383825206586E+00   -4.525541965794E+00    8.018305165324E-02   -8.663129580714E-02    2.576868817509E+01   -3.812967201335E-02   -1.629510362948E-03
    1.333521759735E-04   -2.775597179045E+03    2.874024500816E+03    4.105127979579E+00   -4.254817714771E+00    7.505893194114E-02   -8.129589032914E-02    2.547189239295E+01   -4.015592035650E-02   -1.616953111441E-03
    1.412537889366E-04   -2.602139983066E+03    2.699433585341E+03    3.843474670535E+00   -4.000783816272E+00    7.025030307153E-02   -7.643960856081E-02    2.517846349374E+01   -4.212955046604E-02   -1.603964634073E-03
    1.496236018893E-04   -2.439361690938E+03    2.535534432431E+03    3.597610279025E+00   -3.762411045031E+00    6.574025172442E-02   -7.187927218984E-02    2.488836145350E+01   -4.405098194428E-02   -1.590585974475E-03
    1.584893574245E-04   -2.286606665832E+03    2.381671252295E+03    3.366643038471E+00   -3.538737984761E+00    6.151005305348E-02   -6.759672950322E-02    2.460154663726E+01   -4.592091988298E-02   -1.576867707088E-03
    1.678804419868E-04   -2.143259504380E+03    2.237228490086E+03    3.149665408362E+00   -3.328858377881E+00    5.754189075687E-02   -6.357494437921E-02    2.431797979179E+01   -4.773993617326E-02   -1.562764949016E-03
    1.778279832772E-04   -2.008742567998E+03    2.101628357189E+03    2.945825466144E+00   -3.131975291714E+00    5.362349150420E-02   -5.979792786572E-02    2.403762203642E+01   -4.950947215869E-02   -1.548374185051E-03
    1.883649534286E-04   -1.882513665672E+03    1.974328513986E+03    2.754323495635E+00   -2.947130576411E+00    5.014824417476E-02   -5.625067388805E-02    2.376043485670E+01   -5.122832055665E-02   -1.533696469860E-03
    1.995262782958E-04   -1.764063878933E+03    1.854819894791E+03    2.574408784398E+00   -2.773736320712E+00    4.688863951332E-02   -5.291909887387E-02    2.348638009598E+01   -5.289791751366E-02   -1.518755842233E-03
    2.113489532207E-04   -1.652915520283E+03    1.742624666256E+03    2.405376617729E+00   -2.611036391359E+00    4.383142624227E-02   -4.978998504755E-02    2.321541994751E+01   -5.451880456529E-02   -1.503575655294E-03
    2.238721656565E-04   -1.548620216892E+03    1.637294311031E+03    2.246565457075E+00   -2.458371340230E+00    4.110222393335E-02   -4.685092718904E-02    2.294751694628E+01   -5.612192523195E-02   -1.488178586453E-03
    2.371374250594E-04   -1.450757111876E+03    1.538407829012E+03    2.097373547088E+00   -2.315141134997E+00    3.840112106905E-02   -4.408998018346E-02    2.268263396113E+01   -5.761620987597E-02   -1.472586647020E-03
    2.511887004750E-04   -1.358931175945E+03    1.445570048957E+03    1.957177953754E+00   -2.180725823561E+00    3.586820795306E-02   -4.149275594344E-02    2.242073418609E+01   -5.909405890768E-02   -1.456821188353E-03
    2.660725662789E-04   -1.272771622640E+03    1.358410043692E+03    1.825378504174E+00   -2.054600286155E+00    3.349315149191E-02   -3.905791029412E-02    2.216178113186E+01   -6.052541087147E-02   -1.440994090180E-03
    2.818383565518E-04   -1.191930420817E+03    1.276579642563E+03    1.701682771106E+00   -1.936252733584E+00    3.126625041101E-02   -3.677046993919E-02    2.190573861789E+01   -6.191063542107E-02   -1.424940659088E-03
    2.985383286022E-04   -1.116080898393E+03    1.199752035151E+03    1.585387117713E+00   -1.825200406219E+00    2.918637358064E-02   -3.467238711772E-02    2.165257076349E+01   -6.325058799241E-02   -1.408773751890E-03
    3.162278361789E-04   -1.044916431777E+03    1.127620460664E+03    1.476112561116E+00   -1.720997117040E+00    2.722103901162E-02   -3.264902744314E-02    2.140224197915E+01   -6.454493356988E-02   -1.392426797513E-03
    3.349655129464E-04   -9.781492157077E+02    1.059896977749E+03    1.373434064456E+00   -1.623218109452E+00    2.538614933436E-02   -3.074809074030E-02    2.115471695757E+01   -6.579473944817E-02   -1.376091734910E-03
    3.548134668321E-04   -9.155091085756E+02    9.963113097740E+02    1.276952615960E+00   -1.531465394299E+00    2.366604321301E-02   -2.896208041950E-02    2.090996066491E+01   -6.700037301184E-02   -1.359697909938E-03
    3.758374858894E-04   -8.567425485964E+02    9.366097609667E+02    1.186293632720E+00   -1.445366243516E+00    2.205400256783E-02   -2.724752628706E-02    2.066793833076E+01   -6.816230134504E-02   -1.343245368235E-03
    3.981072563587E-04   -8.016115364862E+02    8.805541990564E+02    1.101105462650E+00   -1.364570823194E+00    2.054315432973E-02   -2.567343561720E-02    2.042861543944E+01   -6.928110055120E-02   -1.326801355894E-03
    4.216965936497E-04   -7.498926805587E+02    8.279211003347E+02    1.021057978354E+00   -1.288769513272E+00    1.912726537976E-02   -2.419424875233E-02    2.019195772039E+01   -7.035698878976E-02   -1.310330834617E-03
    4.466836870101E-04   -7.013763004168E+02    7.785006533093E+02    9.458598143175E-01   -1.217615543597E+00    1.780048361843E-02   -2.280416912614E-02    1.995793113829E+01   -7.139052850757E-02   -1.293865982959E-03
    4.731513586915E-04   -6.558655856399E+02    7.320959173544E+02    8.751803766170E-01   -1.150839608412E+00    1.655731462548E-02   -2.149775651571E-02    1.972650188315E+01   -7.238215723481E-02   -1.277421458120E-03
    5.011873384724E-04   -6.131758060958E+02    6.885220329837E+02    8.087688770482E-01   -1.088170228782E+00    1.539259977667E-02   -2.026990508731E-02    1.949763636016E+01   -7.333222108702E-02   -1.261007306660E-03
    5.308845544473E-04   -5.731335707064E+02    6.476054805774E+02    7.462929568223E-01   -1.029352605465E+00    1.430149573043E-02   -1.911582278861E-02    1.927130117933E+01   -7.424134302403E-02   -1.244645470518E-03
    5.623414410462E-04   -5.355761316990E+02    6.091833845912E+02    6.877227970465E-01   -9.741433956045E-01    1.327945516347E-02   -1.803101201904E-02    1.904746314430E+01   -7.511102210320E-02   -1.228340586704E-03
    5.956622653057E-04   -5.003507315451E+02    5.731028604560E+02    6.326355770653E-01   -9.223267375467E-01    1.232220872182E-02   -1.701125148163E-02    1.882608924214E+01   -7.593923142409E-02   -1.212112948085E-03
    6.309574724727E-04   -4.673139899746E+02    5.392204015501E+02    5.808796131881E-01   -8.736872367762E-01    1.142574806928E-02   -1.605257978776E-02    1.860714663197E+01   -7.672759983195E-02   -1.195970549455E-03
    6.683440520859E-04   -4.363313286027E+02    5.074013037822E+02    5.322556676513E-01   -8.280283031115E-01    1.058630997529E-02   -1.515127085860E-02    1.839060263351E+01   -7.747652169121E-02   -1.179924783739E-03
    7.079459257502E-04   -4.072764308634E+02    4.775191254809E+02    4.865766862230E-01   -7.851634693639E-01    9.800361377801E-03   -1.430384424026E-02    1.817642471534E+01   -7.818638316379E-02   -1.163986517239E-03
    7.498943578865E-04   -3.800307350811E+02    4.494551804218E+02    4.436670516014E-01   -7.449529685313E-01    9.064585358181E-03   -1.350702273391E-02    1.796458048305E+01   -7.885756232576E-02   -1.148166096733E-03
    7.943283908219E-04   -3.544829586512E+02    4.230980619595E+02    4.033618825601E-01   -7.071303484945E-01    8.375867970590E-03   -1.275773047682E-02    1.775503766652E+01   -7.949042927342E-02   -1.132473356704E-03
    8.413953056587E-04   -3.305286514161E+02    3.983431963572E+02    3.655063761423E-01   -6.716452759490E-01    7.731285866238E-03   -1.205308053385E-02    1.754776410736E+01   -8.008534618806E-02   -1.116917628804E-03
    8.912511104532E-04   -3.080697764479E+02    3.750924235207E+02    3.299551903357E-01   -6.383194581012E-01    7.128094683001E-03   -1.139036324192E-02    1.734272774612E+01   -8.064266734371E-02   -1.101507746064E-03
    9.440610573198E-04   -2.870143165569E+02    3.532536034557E+02    2.965718646056E-01   -6.070177946750E-01    6.563765745979E-03   -1.076703527129E-02    1.713989660874E+01   -8.116273911376E-02   -1.086249451873E-03
    1.000000190176E-03   -2.672759049458E+02    3.327402468709E+02    2.652282760381E-01   -5.776134887296E-01    6.035788109987E-03   -1.018070935854E-02    1.693923879283E+01   -8.164580930980E-02   -1.071156088390E-03
    1.059253924943E-03   -2.487734785295E+02    3.134711684436E+02    2.358041289076E-01   -5.499875369495E-01    5.541934023276E-03   -9.629144671870E-03    1.674072245344E+01   -8.209208910609E-02   -1.056240591764E-03
    1.122018664127E-03   -2.314309525282E+02    2.953701613597E+02    2.081864756657E-01   -5.240282511967E-01    5.080073210952E-03   -9.110237769611E-03    1.654431578872E+01   -8.250243417065E-02   -1.041492718992E-03
    1.188502447811E-03   -2.151769150323E+02    2.783656918189E+02    1.822686289037E-01   -4.996308094175E-01    4.648316573082E-03   -8.622014121601E-03    1.634998702435E+01   -8.287682849360E-02   -1.026927746430E-03
    1.258925643231E-03   -1.999443403077E+02    2.623906122849E+02    1.579522716612E-01   -4.766968339649E-01    4.244454877205E-03   -8.162620149882E-03    1.615770439863E+01   -8.321558094742E-02   -1.012500543967E-03
    1.333521675200E-03   -1.856703196975E+02    2.473818923262E+02    1.351433144786E-01   -4.551339957184E-01    3.867058074065E-03   -7.730315763746E-03    1.596743614644E+01   -8.351899152028E-02   -9.983696779852E-04
    1.412537799822E-03   -1.722958090375E+02    2.332803659700E+02    1.137539671849E-01   -4.348583166429E-01    3.514288749839E-03   -7.323416155047E-03    1.577915048282E+01   -8.378735143326E-02   -9.843870960862E-04
    1.496235924044E-03   -1.597653915735E+02    2.200304945561E+02    9.369990963163E-02   -4.158108073445E-01    3.184744792846E-03   -6.940524252201E-03    1.559281558613E+01   -8.402094322305E-02   -9.706084382919E-04
    1.584893473776E-03   -1.480270554279E+02    2.075801441382E+02    7.490807845986E-02   -3.978346459131E-01    2.876891478143E-03   -6.580109517651E-03    1.540839958066E+01   -8.422004079647E-02   -9.570378808233E-04
    1.678804313446E-03   -1.370319847260E+02    1.958803765423E+02    5.730186183309E-02   -3.809413730339E-01    2.589361474351E-03   -6.240906725222E-03    1.522587051868E+01   -8.438490944828E-02   -9.436595446849E-04
    1.778279720043E-03   -1.267343635402E+02    1.848852532418E+02    4.081563176332E-02   -3.650360598806E-01    2.320871625372E-03   -5.921446825231E-03    1.504519636191E+01   -8.451580588774E-02   -9.305162089148E-04
    1.883649414877E-03   -1.170911918679E+02    1.745516512639E+02    2.538420774453E-02   -3.500556235419E-01    2.070217848800E-03   -5.620656226533E-03    1.486634496268E+01   -8.461297819965E-02   -9.175909209803E-04
    1.995262656475E-03   -1.080621129052E+02    1.648390903895E+02    1.094679315902E-02   -3.359408561655E-01    1.836270340028E-03   -5.337415522799E-03    1.468928404428E+01   -8.467714830213E-02   -9.048861474847E-04
    2.113489398229E-03   -9.960925092237E+01    1.557095709530E+02   -2.551887261157E-03   -3.226361868644E-01    1.617969069236E-03   -5.070673468843E-03    1.451398118076E+01   -8.470760310502E-02   -8.924039354922E-04
    2.238721514648E-03   -9.169705909085E+01    1.471274215905E+02   -1.516499658779E-02   -3.100894582570E-01    1.414319553233E-03   -4.819442766084E-03    1.434040377617E+01   -8.470501653398E-02   -8.801459161728E-04
    2.371374100268E-03   -8.429217665199E+01    1.390591563285E+02   -2.694273184413E-02   -2.982517166760E-01    1.224388886144E-03   -4.582796106525E-03    1.416851904317E+01   -8.466960489129E-02   -8.681133083190E-04
    2.511886845517E-03   -7.736329485412E+01    1.314733404376E+02   -3.793158926287E-02   -2.870770152030E-01    1.047302011637E-03   -4.359862353069E-03    1.399829398100E+01   -8.460157485774E-02   -8.563069218973E-04
    2.660725494121E-03   -7.088103111944E+01    1.243404645142E+02   -4.817662733601E-02   -2.765222287129E-01    8.822196843756E-04   -4.149822747945E-03    1.382969535288E+01   -8.450112362203E-02   -8.447271612296E-04
    2.818383386855E-03   -6.481781093685E+01    1.176328262856E+02   -5.771710993106E-02   -2.665468802345E-01    7.284105787291E-04   -3.951909330857E-03    1.366268966270E+01   -8.436843901164E-02   -8.333740280327E-04
    2.985383096773E-03   -5.914775700638E+01    1.113244196640E+02   -6.659260632524E-02   -2.571129223661E-01    5.851331858251E-04   -3.765399817448E-03    1.349724313109E+01   -8.420369960450E-02   -8.222470131382E-04
    3.162278161326E-03   -5.384658519040E+01    1.053908306047E+02   -7.484162989502E-02   -2.481848746551E-01    4.517109418215E-04   -3.589615480115E-03    1.333332167084E+01   -8.400707482904E-02   -8.113453828402E-04
    3.349654917123E-03   -4.889150685416E+01    9.980913935163E+01   -8.249518945144E-02   -2.397333833794E-01    3.275096549534E-04   -3.423918442344E-03    1.317089086163E+01   -8.377872504412E-02   -8.006680462932E-04
    3.548134443398E-03   -4.426113720382E+01    9.455782867671E+01   -8.958665334706E-02   -2.317182300103E-01    2.119279730980E-04   -3.267709141823E-03    1.300991592416E+01   -8.351880163988E-02   -7.902134077443E-04
    3.758374620643E-03   -3.993540925356E+01    8.961669774808E+01   -9.614411400677E-02   -2.241144838964E-01    1.044195413573E-04   -3.120330376815E-03    1.285036169384E+01   -8.322744707849E-02   -7.799794817321E-04
    3.981072311218E-03   -3.589549307753E+01    8.496678127807E+01   -1.021993142745E-01   -2.168944685860E-01    4.461553910482E-06   -2.981532889773E-03    1.269219259347E+01   -8.290467015862E-02   -7.699638955387E-04
    4.216965669175E-03   -3.212372002167E+01    8.059027363006E+01   -1.077769115306E-01   -2.100322019264E-01   -8.843562302413E-05   -2.850537627256E-03    1.253537260554E+01   -8.255086969942E-02   -7.601638892196E-04
    4.466836586940E-03   -2.860351157136E+01    7.647045757861E+01   -1.129017652421E-01   -2.035032921363E-01   -1.747267854873E-04   -2.726969402909E-03    1.237986524394E+01   -8.216600453054E-02   -7.505763159479E-04
    4.731513286975E-03   -2.531931258947E+01    7.259163743765E+01   -1.175971200586E-01   -1.972848402816E-01   -2.548495920716E-04   -2.610387225449E-03    1.222563352510E+01   -8.175018515391E-02   -7.411976418979E-04
    5.011873067012E-03   -2.225652865687E+01    6.893907628864E+01   -1.218851010436E-01   -1.913553488068E-01   -3.291954206739E-04   -2.500376122554E-03    1.207263993848E+01   -8.130351306090E-02   -7.320239462835E-04
    5.308845207934E-03   -1.940146726283E+01    6.549893705810E+01   -1.257839249110E-01   -1.856946356572E-01   -3.981484940130E-04   -2.396545508176E-03    1.192084641704E+01   -8.082608107752E-02   -7.230509216152E-04
    5.623414053982E-03   -1.674128261022E+01    6.225822720721E+01   -1.293173789197E-01   -1.802837536847E-01   -4.620476284989E-04   -2.298527642151E-03    1.177021430706E+01   -8.031797370996E-02   -7.142738697760E-04
    5.956622275455E-03   -1.426392381397E+01    5.920474681218E+01   -1.325012268231E-01   -1.751046748237E-01   -5.212352385659E-04   -2.205976194287E-03    1.162070433725E+01   -7.977926757637E-02   -7.056877034498E-04
    6.309574324750E-03   -1.195808628336E+01    5.632703982839E+01   -1.353524478574E-01   -1.701554019844E-01   -5.760098692443E-04   -2.118563027003E-03    1.147227658812E+01   -7.921003182087E-02   -6.972869437800E-04
    6.683440097183E-03   -9.813166093587E+00    5.361434834266E+01   -1.378869705258E-01   -1.653774615367E-01   -6.266469174952E-04   -2.035984024367E-03    1.132489046095E+01   -7.861032856336E-02   -6.890790581275E-04
    7.079458808720E-03   -7.819217163074E+00    5.105656963049E+01   -1.401197364987E-01   -1.607986001269E-01   -6.734349723461E-04   -1.957947901319E-03    1.117850464684E+01   -7.798021339491E-02   -6.810308131027E-04
    7.498943103492E-03   -5.966911064956E+00    4.864421584602E+01   -1.420647608002E-01   -1.563908615128E-01   -7.166114942481E-04   -1.884181203930E-03    1.103307709534E+01   -7.731973597104E-02   -6.731492211823E-04
    7.943283404678E-03   -4.247499307170E+00    4.636837618686E+01   -1.437325815996E-01   -1.521412845548E-01   -7.564098117198E-04   -1.814425895033E-03    1.088856498501E+01   -7.663701352748E-02   -6.654272018191E-04
    8.413952523210E-03   -2.652777937005E+00    4.422068137581E+01   -1.451409310514E-01   -1.480377026213E-01   -7.930293694204E-04   -1.748438370199E-03    1.074492469198E+01   -7.590771505403E-02   -6.578572727394E-04
    8.912510539550E-03   -1.175054320392E+00    4.219327032397E+01   -1.462985605046E-01   -1.440686965972E-01   -8.267003893189E-04   -1.685965880150E-03    1.060211176062E+01   -7.515641199364E-02   -6.504315465498E-04
    9.440609974739E-03    1.928840348311E-01    4.027875883935E+01   -1.472164429881E-01   -1.402235510258E-01   -8.575950604330E-04   -1.626852374649E-03    1.046008087458E+01   -7.437489361939E-02   -6.431275321414E-04
    1.000000126784E-02    1.457798737790E+00    3.847021025645E+01   -1.479045118205E-01   -1.364922132079E-01   -8.858866160200E-04   -1.570843850346E-03    1.031878582909E+01   -7.356319195492E-02   -6.359696977142E-04
    1.059253857795E-02    2.626027973304E+00    3.676110786962E+01   -1.483723906305E-01   -1.328652550873E-01   -9.117183032122E-04   -1.517748746432E-03    1.017817950428E+01   -7.272133747314E-02   -6.289345365287E-04
    1.122018593000E-02    3.703512272576E+00    3.514532906104E+01   -1.486290254078E-01   -1.293361386186E-01   -9.352750255741E-04   -1.467419140274E-03    1.003821384057E+01   -7.184936042903E-02   -6.219984866344E-04
    1.188502372469E-02    4.695818700545E+00    3.361712102108E+01   -1.486828057864E-01   -1.258918537623E-01   -9.566753444229E-04   -1.419619162047E-03    9.898839816783E+00   -7.094729215974E-02   -6.151609655022E-04
    1.258925563425E-02    5.608163552497E+00    3.217107796012E+01   -1.485390450192E-01   -1.225265785139E-01   -9.760478659708E-04   -1.374214672266E-03    9.760007428641E+00   -7.001516675593E-02   -6.083990030501E-04
    1.333521590666E-02    6.445433659249E+00    3.080211972731E+01   -1.482104540908E-01   -1.192341007833E-01   -9.935024722493E-04   -1.331048444570E-03    9.621665671846E+00   -6.905302271451E-02   -6.017269608787E-04
    1.412537710278E-02    7.212206383328E+00    2.950547174823E+01   -1.477011795670E-01   -1.160070635330E-01   -1.009133973650E-03   -1.289971107501E-03    9.483762528084E+00   -6.806090479151E-02   -5.951301194818E-04
    1.496235829195E-02    7.912768388334E+00    2.827664620283E+01   -1.470177308272E-01   -1.128391330444E-01   -1.023078857084E-03   -1.250834977748E-03    9.346244955041E+00   -6.703886602364E-02   -5.885780705846E-04
    1.584893373306E-02    8.551133256727E+00    2.711142436837E+01   -1.461662250792E-01   -1.097243990991E-01   -1.035409630577E-03   -1.213516239436E-03    9.209058880444E+00   -6.600720938651E-02   -5.820680899424E-04
    1.678804207023E-02    9.131058034142E+00    2.600584006220E+01   -1.451524157429E-01   -1.066573554161E-01   -1.046197778404E-03   -1.177880399200E-03    9.072149203597E+00   -6.490504016746E-02   -5.755875259282E-04
    1.778279607314E-02    9.656058757538E+00    2.495616411185E+01   -1.439817199991E-01   -1.036328821304E-01   -1.055503286110E-03   -1.143804589177E-03    8.935459800411E+00   -6.379368575886E-02   -5.691232705095E-04
    1.883649295469E-02    1.012942503845E+01    2.395888979698E+01   -1.426572709476E-01   -1.006462301475E-01   -1.063433037457E-03   -1.111171512303E-03    8.798933536204E+00   -6.265274916876E-02   -5.626617639221E-04
    1.995262529991E-02    1.055423376088E+01    2.301071920587E+01   -1.411880772587E-01   -9.769300708356E-02   -1.070024659781E-03   -1.079869071289E-03    8.662512286891E+00   -6.148236403102E-02   -5.561889928964E-04
    2.113489264250E-02    1.093336194907E+01    2.210855045234E+01   -1.395764698733E-01   -9.476916490562E-02   -1.075309578589E-03   -1.049790027905E-03    8.526136968928E+00   -6.028268875018E-02   -5.496904922961E-04
    2.238721372731E-02    1.126949885912E+01    2.124946570381E+01   -1.378267841972E-01   -9.187098919728E-02   -1.079380795047E-03   -1.020831687486E-03    8.389747579333E+00   -5.905391037771E-02   -5.431513475857E-04
    2.371373949942E-02    1.156515734409E+01    2.043071997407E+01   -1.359431450542E-01   -8.899509018509E-02   -1.082253324461E-03   -9.928956269938E-04    8.253283246677E+00   -5.779624893308E-02   -5.365562114830E-04
    2.511886686283E-02    1.182268454922E+01    1.964973064272E+01   -1.339271223410E-01   -8.613907910996E-02   -1.081224091646E-03   -9.658874048713E-04    8.116682298019E+00   -5.650996163862E-02   -5.298892931422E-04
    2.660725325452E-02    1.204427196287E+01    1.890406764973E+01   -1.317875748024E-01   -8.329881135917E-02   -1.084489855161E-03   -9.397163481294E-04    7.979882335084E+00   -5.519534806223E-02   -5.231343857145E-04
    2.818383208192E-02    1.223196488716E+01    1.819144434062E+01   -1.295254013840E-01   -8.047251732241E-02   -1.083894061962E-03   -9.142953377165E-04    7.842820330101E+00   -5.385275531578E-02   -5.162748790457E-04
    2.985382907523E-02    1.238767135874E+01    1.750970892164E+01   -1.271441236436E-01   -7.765804986018E-02   -1.082369132514E-03   -8.895406254833E-04    7.705432738762E+00   -5.248258372493E-02   -5.092874997665E-04
    3.162277960863E-02    1.251317056078E+01    1.685683649443E+01   -1.246449918135E-01   -7.485356158216E-02   -1.079682304531E-03   -8.653789745467E-04    7.567655633179E+00   -5.108571468053E-02   -5.021674414943E-04
    3.349654704782E-02    1.261012076228E+01    1.623092164036E+01   -1.220362776213E-01   -7.205750500884E-02   -1.075908940539E-03   -8.417179054315E-04    7.429424856543E+00   -4.966093662925E-02   -4.948907887293E-04
    3.548134218475E-02    1.268006682558E+01    1.563017153004E+01   -1.193163210969E-01   -6.926863400129E-02   -1.071084000738E-03   -8.184907551514E-04    7.290676203935E+00   -4.821106367940E-02   -4.874395855889E-04
    3.758374382392E-02    1.272444730965E+01    1.505289952988E+01   -1.164945950795E-01   -6.648600635882E-02   -1.065199676153E-03   -7.956259524359E-04    7.151345629228E+00   -4.673587084201E-02   -4.797956326687E-04
    3.981072058850E-02    1.274460120147E+01    1.449751928287E+01   -1.135690707521E-01   -6.370898794266E-02   -1.058229087486E-03   -7.730547995159E-04    7.011369480720E+00   -4.523612604524E-02   -4.719405542807E-04
    4.216965401853E-02    1.274177431485E+01    1.396253924642E+01   -1.105444631695E-01   -6.093725770498E-02   -1.050212329379E-03   -7.507114548655E-04    6.870684771363E+00   -4.371269363935E-02   -4.638558611705E-04
    4.466836303778E-02    1.271712538175E+01    1.344655766545E+01   -1.074241853917E-01   -5.817081385937E-02   -1.041120355964E-03   -7.285329523307E-04    6.729229484548E+00   -4.216654342635E-02   -4.555230276968E-04
    4.731512987035E-02    1.267173186751E+01    1.294825796407E+01   -1.042117398881E-01   -5.540998101963E-02   -1.030941349914E-03   -7.064592540568E-04    6.586942919396E+00   -4.059876015508E-02   -4.469235813523E-04
    5.011872749299E-02    1.260659553688E+01    1.246640453976E+01   -1.009088224012E-01   -5.265541831375E-02   -1.019638996612E-03   -6.844333423559E-04    6.443766078554E+00   -3.901055356800E-02   -4.380392111714E-04
    5.308844871396E-02    1.252264781056E+01    1.199983894803E+01   -9.752259002121E-02   -4.990812807966E-02   -1.007237859670E-03   -6.624013387533E-04    6.299642105420E+00   -3.740326864908E-02   -4.288518798920E-04
    5.623413697503E-02    1.242075491860E+01    1.154747645943E+01   -9.405555817397E-02   -4.716946542449E-02   -9.936988790787E-04   -6.403126726279E-04    6.154516768393E+00   -3.577839656592E-02   -4.193439639658E-04
    5.956621897853E-02    1.230172289898E+01    1.110830298243E+01   -9.051189070638E-02   -4.444114814964E-02   -9.790009371564E-04   -6.181202879380E-04    6.008339002520E+00   -3.413758586608E-02   -4.094984112640E-04
    6.309573924774E-02    1.216630246034E+01    1.068137233863E+01   -8.689417954179E-02   -4.172526688963E-02   -9.631214416110E-04   -5.957808910811E-04    5.861061510156E+00   -3.248265396169E-02   -3.992989168613E-04
    6.683439673506E-02    1.201519373705E+01    1.026580388047E+01   -8.321057285908E-02   -3.902429528656E-02   -9.460367338557E-04   -5.732552438771E-04    5.712641425263E+00   -3.081559886582E-02   -3.887301223911E-04
    7.079458359939E-02    1.184905096379E+01    9.860780442017E+00   -7.946446245494E-02   -3.634109985673E-02   -9.277225417915E-04   -5.505085029217E-04    5.563041045921E+00   -2.913861106103E-02   -3.777778400277E-04
    7.498942628119E-02    1.166848709832E+01    9.465546613053E+00   -7.566122047190E-02   -3.367833756819E-02   -9.081544926841E-04   -5.275105943653E-04    5.412228639563E+00   -2.745408533932E-02   -3.664293008492E-04
    7.943282901137E-02    1.147407841940E+01    9.079407324392E+00   -7.180661531067E-02   -3.104092705609E-02   -8.873086535239E-04   -5.042366665921E-04    5.260179324367E+00   -2.576415675055E-02   -3.546734349253E-04
    8.413951989832E-02    1.126636912288E+01    8.701726741738E+00   -6.790552341564E-02   -2.843233518482E-02   -8.651438306330E-04   -4.806675571618E-04    5.106876032310E+00   -2.407261375970E-02   -3.425011788588E-04
    8.912509974568E-02    1.104587595086E+01    8.331927449840E+00   -6.396721281770E-02   -2.585707960949E-02   -8.416751576801E-04   -4.567903232487E-04    4.952310556778E+00   -2.238205880088E-02   -3.299058147712E-04
    9.440609376280E-02    1.081309287679E+01    7.969489918525E+00   -5.999762884478E-02   -2.332010165710E-02   -8.168663294553E-04   -4.325988140244E-04    4.796484688064E+00   -2.069581681873E-02   -3.168833418924E-04
    1.000000063392E-01    1.056849587452E+01    7.613952236175E+00   -5.600452961143E-02   -2.082676500802E-02   -7.907022813399E-04   -4.080942861488E-04    4.639411439311E+00   -1.901746994569E-02   -3.034328818885E-04
    1.059253790647E-01    1.031254780013E+01    7.264910097242E+00   -5.199627279485E-02   -1.838285005225E-02   -7.631723496778E-04   -3.832860450147E-04    4.481116365709E+00   -1.735086478653E-02   -2.895571125726E-04
    1.122018521873E-01    1.004570340650E+01    6.922017012142E+00   -4.798185555909E-02   -1.599454377896E-02   -7.342713416395E-04   -3.581921240832E-04    4.321638971694E+00   -1.570011801079E-02   -2.752567389208E-04
    1.188502297128E-01    9.768414524313E+00    6.584984735545E+00   -4.397011063714E-02   -1.366817440007E-02   -7.040007458972E-04   -3.328400208170E-04    4.161034213153E+00   -1.406961951831E-02   -2.605550564134E-04
    1.258925483619E-01    9.481135431991E+00    6.253583874862E+00   -3.997308865943E-02   -1.141119053235E-02   -6.723700241919E-04   -3.072673753395E-04    3.999374087511E+00   -1.246379244193E-02   -2.454623265480E-04
    1.333521506131E-01    9.184328430501E+00    5.927644642268E+00   -3.600110538792E-02   -9.230616189518E-03   -6.393980537705E-04   -2.815226842165E-04    3.836749303675E+00   -1.088805013134E-02   -2.300004777241E-04
    1.412537620735E-01    8.878469653326E+00    5.607057711253E+00   -3.206606732739E-02   -7.134025559100E-03   -6.051147206911E-04   -2.556602188823E-04    3.673271025838E+00   -9.347347267915E-03   -2.141976487321E-04
    1.496235734345E-01    8.564055126860E+00    5.291775148314E+00   -2.818067298896E-02   -5.129121876229E-03   -5.695625414364E-04   -2.297639075003E-04    3.509072685509E+00   -7.847127375225E-03   -1.980887357316E-04
    1.584893272837E-01    8.241607053917E+00    4.981811302438E+00   -2.435796278515E-02   -3.224128681333E-03   -5.327871060604E-04   -2.039127400719E-04    3.344311816388E+00   -6.392947330568E-03   -1.817160386904E-04
    1.678804100600E-01    7.911680401195E+00    4.677243668728E+00   -2.061317369812E-02   -1.426947149381E-03   -4.948849840695E-04   -1.782048321746E-04    3.179171935776E+00   -4.990921973418E-03   -1.651298092667E-04
    1.778279494585E-01    7.574869718841E+00    4.378213575359E+00   -1.696095643138E-02    2.541752069335E-04   -4.559368448087E-04   -1.527517663033E-04    3.013864406208E+00   -3.646982421056E-03   -1.483888106187E-04
    1.883649176061E-01    7.231816206891E+00    4.084926625480E+00   -1.341719010880E-02    1.811233128369E-03   -4.160555842318E-04   -1.276786854261E-04    2.848630257493E+00   -2.367249379391E-03   -1.315579756690E-04
    1.995262403507E-01    6.883214995828E+00    3.797652777023E+00   -9.998239986365E-03    3.236510380833E-03   -3.753771049691E-04   -1.031216117197E-04    2.683741922400E+00   -1.158061462258E-03   -1.147202925786E-04
    2.113489130272E-01    6.529822595319E+00    3.516725929608E+00   -6.721840535455E-03    4.522656877284E-03   -3.340626019869E-04   -7.923714738496E-05    2.519504831483E+00   -2.565312982554E-05   -9.795986351281E-05
    2.238721230814E-01    6.172464445063E+00    3.242542869233E+00   -3.605452994073E-03    5.662670597292E-03   -2.923008289400E-04   -5.618618138367E-05    2.356258801635E+00    1.023729915785E-03   -8.137366471200E-05
    2.371373799615E-01    5.812042474352E+00    2.975561400323E+00   -6.674588161084E-04    6.650596235170E-03   -2.503044279637E-04   -3.414175763152E-05    2.194379139598E+00    1.984105590320E-03   -6.506864729106E-05
    2.511886527050E-01    5.449542544852E+00    2.716297473472E+00    2.073502021753E-03    7.481137217322E-03   -2.083354156841E-04   -1.328873719676E-05    2.034277367166E+00    2.849680148202E-03   -4.916019040915E-05
    2.660725156783E-01    5.086041611318E+00    2.465321095378E+00    4.599001188183E-03    8.150249043110E-03   -1.666714659028E-04    6.184022495302E-06    1.876401458460E+00    3.615148673533E-03   -3.377692359630E-05
    2.818383029529E-01    4.722714385668E+00    2.223250786177E+00    6.890645591395E-03    8.655146329480E-03   -1.256279280827E-04    2.408371524888E-05    1.721235461373E+00    4.275607241760E-03   -1.905112247876E-05
    2.985382718274E-01    4.360839232371E+00    1.990746330397E+00    8.930775997619E-03    8.995147686173E-03   -8.556419591287E-05    4.021914408827E-05    1.569298356077E+00    4.826890165067E-03   -5.125142570591E-06
    3.162277760400E-01    4.001802950106E+00    1.768499552152E+00    1.070236614380E-02    9.171050735891E-03   -4.686423221147E-05    5.440575284052E-05    1.421141982105E+00    5.265608153075E-03    7.854721241748E-06
    3.349654492440E-01    3.647104012033E+00    1.557222836009E+00    1.218967361318E-02    9.186007274886E-03   -9.952107911514E-06    6.647155264554E-05    1.277347844346E+00    5.589682555035E-03    1.973848126791E-05
    3.548133993551E-01    3.298353732590E+00    1.357635115752E+00    1.337946601408E-02    9.045634435277E-03    2.472023938770E-05    7.626052446400E-05    1.138522586063E+00    5.798029547522E-03    3.037761673395E-05
    3.758374144141E-01    2.957274710487E+00    1.170445067170E+00    1.426042828733E-02    8.758259935077E-03    5.667400861648E-05    8.364905371824E-05    1.005291896579E+00    5.891129968815E-03    3.962693078611E-05
    3.981071806482E-01    2.625695752576E+00    9.963312764563E-01    1.482469768820E-02    8.335132103351E-03    8.541465464008E-05    8.854565909824E-05    8.782926029831E-01    5.871164760301E-03    4.735024574067E-05
    4.216965134532E-01    2.305542316500E+00    8.359192171592E-01    1.506846773283E-02    7.790574243906E-03    1.104380379745E-04    9.090672042134E-05    7.581626817494E-01    5.742239837046E-03    5.342731803769E-05
    4.466836020616E-01    1.998821312151E+00    6.897549697083E-01    1.499289254830E-02    7.142057966732E-03    1.312502320103E-04    9.074402994869E-05    6.455289207472E-01    5.510601917383E-03    5.775719821426E-05
    4.731512687095E-01    1.707598872566E+00    5.582757687747E-01    1.460482582730E-02    6.410054107404E-03    1.473777303326E-04    8.814191821207E-05    5.409919685534E-01    5.184743325237E-03    6.026784783122E-05
    5.011872431586E-01    1.433969437552E+00    4.417776834295E-01    1.391892068767E-02    5.618306610813E-03    1.583962584323E-04    8.325761129647E-05    4.451085317641E-01    4.775928094339E-03    6.092838240611E-05
    5.308844534858E-01    1.180014185901E+00    3.403810481974E-01    1.295713402203E-02    4.792733636313E-03    1.639704617385E-04    7.633698628689E-05    3.583705309687E-01    4.297714722710E-03    5.975180043121E-05
    5.623413341023E-01    9.477464932131E-01    2.539946927663E-01    1.175091939009E-02    3.961310089932E-03    1.638750904595E-04    6.771770158833E-05    2.811811084730E-01    3.766360627850E-03    5.680984278409E-05
    5.956621520251E-01    7.390416887856E-01    1.822806151059E-01    1.034196360284E-02    3.153029056682E-03    1.580505807957E-04    5.783644554955E-05    2.138275156779E-01    3.200608688768E-03    5.224114041797E-05
    6.309573524797E-01    5.555479044770E-01    1.246215413779E-01    8.783003528825E-03    2.396650706389E-03    1.466689171685E-04    4.721507433256E-05    1.564511011387E-01    2.621411181439E-03    4.626503673644E-05
    6.683439249830E-01    3.985742783643E-01    8.009490492236E-02    7.138261058900E-03    1.719064646793E-03    1.301795121984E-04    3.645181766019E-05    1.090149090934E-01    2.051436151862E-03    3.918336935016E-05
    7.079457911159E-01    2.689521366125E-01    4.745822502597E-02    5.483211813708E-03    1.143241909012E-03    1.093979167178E-04    2.619085115311E-05    7.126979459055E-02    1.514289527766E-03    3.139004946515E-05
    7.498942152746E-01    1.668640549870E-01    2.515281137385E-02    3.903235703210E-03    6.857975707136E-04    8.558079605533E-05    1.707477037302E-05    4.272051814605E-02    1.033368541588E-03    2.336899089666E-05
    7.943282397597E-01    9.163484335379E-02    1.133531276809E-02    2.490356370471E-03    3.542739498990E-04    6.051005010429E-05    9.675326313470E-06    2.259403943052E-02    6.302224252558E-04    1.568654141235E-05
    8.413951456455E-01    4.147750401868E-02    3.950088090757E-03    1.337027070140E-03    1.444283804353E-04    3.653288927005E-05    4.392244760421E-06    9.813257592682E-03    3.223273329867E-04    8.963590149390E-06
    8.912509409587E-01    1.318612094071E-02    8.599857897266E-04    5.235883962583E-04    3.815882267758E-05    1.654084990076E-05    1.328164622746E-06    2.980840703923E-03    1.197705585062E-04    3.826762455256E-06
    9.440608777821E-01    1.766794200157E-03    5.922742164411E-05    9.440561468596E-05    3.472764115308E-06    3.685541560568E-06    1.475823108764E-07    3.797250006384E-04    2.039822608055E-05    8.005509715002E-07
