# Q1 =   100.0000 , Q2 =   500.0000
# x  F3Wp(LO) F3Wm(LO) F3Wp(NLO) F3Wm(NLO) F3Wp(NNLO) F3Wm(NNLO) F3Z(LO) F3Z(NLO) F3Z(NNLO)
    1.000000316960E-05   -4.897126596780E+04    4.913469084173E+04    2.013725789634E+02   -1.963414342011E+02    6.707569344426E+00   -6.511441484322E+00    4.229435371027E+01    1.296386831253E+00    5.031374005858E-02
    1.059254059240E-05   -4.596128194697E+04    4.612283578881E+04    1.891598158165E+02   -1.842229394198E+02    6.300573578204E+00   -6.109647167375E+00    4.181012731617E+01    1.272024218171E+00    4.897609781006E-02
    1.122018806381E-05   -4.313604341045E+04    4.329574762250E+04    1.776934803509E+02   -1.728495760623E+02    5.918418281238E+00   -5.732577819498E+00    4.133143971839E+01    1.247997077180E+00    4.766822383568E-02
    1.188502598494E-05   -4.048421408103E+04    4.064208981988E+04    1.669278146786E+02   -1.621756010774E+02    5.559582430816E+00   -5.378714539967E+00    4.085822732211E+01    1.224301568699E+00    4.638956994330E-02
    1.258925802843E-05   -3.799515326005E+04    3.815122143936E+04    1.568198680541E+02   -1.521580783861E+02    5.222638341071E+00   -5.046631662145E+00    4.039042725046E+01    1.200933896954E+00    4.513959578721E-02
    1.333521844269E-05   -3.565887314806E+04    3.581315444132E+04    1.473293246393E+02   -1.427567066488E+02    4.906245648396E+00   -4.734991033088E+00    3.992797733727E+01    1.177890309835E+00    4.391776888518E-02
    1.412537978909E-05   -3.346599878414E+04    3.361851362736E+04    1.384183418358E+02   -1.339336575997E+02    4.609146388318E+00   -4.442536716939E+00    3.947081611810E+01    1.155167098046E+00    4.272356446805E-02
    1.496236113743E-05   -3.140773044335E+04    3.155849903774E+04    1.300513985379E+02   -1.256534244208E+02    4.330159651207E+00   -4.168089766799E+00    3.901888282161E+01    1.132760651371E+00    4.155646544016E-02
    1.584893674715E-05   -2.947580834125E+04    2.962485065589E+04    1.221951528728E+02   -1.178826788204E+02    4.068176927662E+00   -3.910543490239E+00    3.857211736129E+01    1.110667231888E+00    4.041596505809E-02
    1.678804526291E-05   -2.766247950425E+04    2.780981527869E+04    1.148183077825E+02   -1.105901380784E+02    3.822157667114E+00   -3.668859401681E+00    3.813046032748E+01    1.088883313682E+00    3.930155564105E-02
    1.778279945500E-05   -2.596046667262E+04    2.610611541944E+04    1.078914866281E+02   -1.037464390531E+02    3.591125306311E+00   -3.442062739353E+00    3.769385297764E+01    1.067405354864E+00    3.821274533142E-02
    1.883649653694E-05   -2.436293911156E+04    2.450692011897E+04    1.013871146299E+02   -9.732402051579E+01    3.374162553493E+00   -3.229238333123E+00    3.726223722914E+01    1.046229854175E+00    3.714904677060E-02
    1.995262909442E-05   -2.286348521330E+04    2.300581754762E+04    9.527930857911E+01   -9.129701258749E+01    3.170408938699E+00   -3.029527450809E+00    3.683555565138E+01    1.025353350575E+00    3.610997980903E-02
    2.113489666185E-05   -2.145608678019E+04    2.159678928837E+04    8.954377291935E+01   -8.564113295260E+01    2.979056544763E+00   -2.842123999275E+00    3.641375145737E+01    1.004772422777E+00    3.509507144419E-02
    2.238721798482E-05   -2.013509488585E+04    2.027418619788E+04    8.415770242626E+01   -8.033358945639E+01    2.799346944006E+00   -2.666271377802E+00    3.599676849582E+01    9.844836887629E-01    3.410385573621E-02
    2.371374400920E-05   -1.889520721730E+04    1.903270574869E+04    7.909969074325E+01   -7.535298883895E+01    2.630568226969E+00   -2.501259440892E+00    3.558455124308E+01    9.644838053398E-01    3.313587368610E-02
    2.511887163984E-05   -1.773144680740E+04    1.786737076155E+04    7.434964455729E+01   -7.067925018997E+01    2.472052113770E+00   -2.346421647238E+00    3.517704479592E+01    9.447694678916E-01    3.219067326129E-02
    2.660725831458E-05   -1.663914207228E+04    1.677350944285E+04    6.988870303631E+01   -6.629352549016E+01    2.323171257015E+00   -2.201132384104E+00    3.477419486157E+01    9.253374097026E-01    3.126780763227E-02
    2.818383744181E-05   -1.561390807349E+04    1.574673664674E+04    6.569916238619E+01   -6.217812314448E+01    2.183336762172E+00   -2.064804607870E+00    3.437594775221E+01    9.061844013526E-01    3.036684137927E-02
    2.985383475271E-05   -1.465162893001E+04    1.478293628709E+04    6.176440416532E+01   -5.831643779835E+01    2.051995819151E+00   -1.936886722459E+00    3.398225037636E+01    8.873072508823E-01    2.948734108433E-02
    3.162278562252E-05   -1.374844130932E+04    1.387824482858E+04    5.806882973853E+01   -5.469288234627E+01    1.928629680524E+00   -1.816862086506E+00    3.359305023136E+01    8.687027539591E-01    2.862888624622E-02
    3.349655341806E-05   -1.290071893153E+04    1.302903579073E+04    5.459779701208E+01   -5.129282693584E+01    1.812750807056E+00   -1.704244603148E+00    3.320829539561E+01    8.503678902534E-01    2.779104850789E-02
    3.548134893245E-05   -1.210505802416E+04    1.223190520272E+04    5.133756192070E+01   -4.810253941519E+01    1.703902101305E+00   -1.598578663949E+00    3.282793452142E+01    8.322995270970E-01    2.697342036662E-02
    3.758375097145E-05   -1.135826366956E+04    1.148365795073E+04    4.827522329118E+01   -4.510913042701E+01    1.601654275474E+00   -1.499437010820E+00    3.245191682664E+01    8.144946169839E-01    2.617559584349E-02
    3.981072815955E-05   -1.065733698986E+04    1.078129496290E+04    4.539867128724E+01   -4.230050169506E+01    1.505604336994E+00   -1.406417714933E+00    3.208019208726E+01    7.969501474762E-01    2.539717526197E-02
    4.216966203819E-05   -9.999463118370E+03    1.012200118064E+04    4.269653867437E+01   -3.966529747653E+01    1.415374019925E+00   -1.319144151915E+00    3.171271063058E+01    7.796631409393E-01    2.463776516229E-02
    4.466837153263E-05   -9.381999908910E+03    9.503134268032E+03    4.015815520384E+01   -3.719285900915E+01    1.330608051128E+00   -1.237262681106E+00    3.134942332748E+01    7.626306540882E-01    2.389697821233E-02
    4.731513886856E-05   -8.802467338000E+03    8.922214013889E+03    3.777350525090E+01   -3.487318173583E+01    1.250973409123E+00   -1.160441386356E+00    3.099028158504E+01    7.458497776312E-01    2.317443315720E-02
    5.011873702437E-05   -8.258537557272E+03    8.376912384197E+03    3.553318696852E+01   -3.269687516377E+01    1.176156335386E+00   -1.088368742594E+00    3.063523733913E+01    7.293176359089E-01    2.246975475553E-02
    5.308845881011E-05   -7.748025556245E+03    7.865044184852E+03    3.342837538923E+01   -3.065512534415E+01    1.105863956728E+00   -1.020760320932E+00    3.028424304760E+01    7.130313866137E-01    2.178257369768E-02
    5.623414766941E-05   -7.268880398038E+03    7.384558297330E+03    3.145078656326E+01   -2.873965885416E+01    1.039819795659E+00   -9.573180091323E-01    2.993725168139E+01    6.969882202497E-01    2.111252653877E-02
    5.956623030659E-05   -6.819176992815E+03    6.933529452121E+03    2.959264448441E+01   -2.694271058929E+01    9.777651094808E-01   -8.978077499408E-01    2.959421671861E+01    6.811853600586E-01    2.045925562858E-02
    6.309575124703E-05   -6.397108376013E+03    6.510150506920E+03    2.784664992774E+01   -2.525699193126E+01    9.194568025548E-01   -8.419800450075E-01    2.925509213703E+01    6.656200608816E-01    1.982240905718E-02
    6.683440944536E-05   -6.000978460360E+03    6.112725198619E+03    2.620595119909E+01   -2.367566166960E+01    8.646666565080E-01   -7.896079722809E-01    2.891983240670E+01    6.502896100907E-01    1.920164100840E-02
    7.079459706283E-05   -5.629195232611E+03    5.739661340015E+03    2.466411667939E+01   -2.219229854720E+01    8.131804180804E-01   -7.404786919926E-01    2.858839248270E+01    6.351914421169E-01    1.859660995725E-02
    7.498944054238E-05   -5.280264367723E+03    5.389464433959E+03    2.321510911129E+01   -2.080087549059E+01    7.647969429347E-01   -6.943923103496E-01    2.826072779803E+01    6.203226739693E-01    1.800698123502E-02
    7.943284411759E-05   -4.952783234852E+03    5.060731679326E+03    2.185326167514E+01   -1.949573542248E+01    7.193273919379E-01   -6.511612656991E-01    2.793679425631E+01    6.056807304595E-01    1.743242521220E-02
    8.413953589964E-05   -4.645435271134E+03    4.752146344760E+03    2.057325312470E+01   -1.827156855197E+01    6.765945235325E-01   -6.106095263539E-01    2.761654822365E+01    5.912631698289E-01    1.687261765918E-02
    8.912511669514E-05   -4.356984700670E+03    4.462472487639E+03    1.937009129679E+01   -1.712339107260E+01    6.364317519615E-01   -5.725718827048E-01    2.729994652265E+01    5.770673596684E-01    1.632723970008E-02
    9.440611171657E-05   -4.086271577555E+03    4.190549997078E+03    1.823908806917E+01   -1.604652515140E+01    5.986829499602E-01   -5.368932828196E-01    2.698694642464E+01    5.630907714178E-01    1.579597773154E-02
    1.000000253568E-04   -3.832207133055E+03    3.935289941071E+03    1.717584332356E+01   -1.503658032856E+01    5.632013282728E-01   -5.034282087680E-01    2.667750564244E+01    5.493309061374E-01    1.527852339550E-02
    1.059253992091E-04   -3.593769408268E+03    3.695670199128E+03    1.617622610082E+01   -1.408943513616E+01    5.298492025563E-01   -4.720400912357E-01    2.637158232309E+01    5.357852942455E-01    1.477457349132E-02
    1.122018735254E-04   -3.369999154762E+03    3.470731362887E+03    1.523635914879E+01   -1.320122183971E+01    4.984972158883E-01   -4.426007601214E-01    2.606913504080E+01    5.224514952118E-01    1.428382992369E-02
    1.188502523153E-04   -3.159995986744E+03    3.259572888250E+03    1.435260258012E+01   -1.236830986323E+01    4.690239454692E-01   -4.149899287297E-01    2.577012278882E+01    5.093270971547E-01    1.380599965174E-02
    1.258925723037E-04   -2.962914769320E+03    3.061349483618E+03    1.352153961511E+01   -1.158729161553E+01    4.413153871159E-01   -3.890947097436E-01    2.547450497249E+01    4.964097167391E-01    1.334079461644E-02
    1.333521759735E-04   -2.777962228367E+03    2.875267719733E+03    1.273996280892E+01   -1.085496875459E+01    4.152645006822E-01   -3.648091608044E-01    2.518224140211E+01    4.836969991151E-01    1.288793242419E-02
    1.412537889366E-04   -2.604393768419E+03    2.700582847539E+03    1.200486121497E+01   -1.016833934632E+01    3.907707833387E-01   -3.420338580278E-01    2.489329228533E+01    4.711866163878E-01    1.244713335154E-02
    1.496236018893E-04   -2.441510485800E+03    2.536595811284E+03    1.131340840141E+01   -9.524585811295E+00    3.677398690201E-01   -3.206754588517E-01    2.460761821964E+01    4.588762693058E-01    1.201812471476E-02
    1.584893574245E-04   -2.288656365032E+03    2.382650444895E+03    1.066295102852E+01   -8.921063788545E+00    3.460831524720E-01   -3.006464758011E-01    2.432518018480E+01    4.467637666738E-01    1.160063784165E-02
    1.678804419868E-04   -2.145215647253E+03    2.238130840379E+03    1.005099843543E+01   -8.355290794614E+00    3.257174763461E-01   -2.818646960766E-01    2.404593953572E+01    4.348467006339E-01    1.119440878644E-02
    1.778279832772E-04   -2.010610360125E+03    2.102458877686E+03    9.475212108564E+00   -7.824937355772E+00    3.065645998911E-01   -2.642530046854E-01    2.376985799336E+01    4.231229171550E-01    1.079917824463E-02
    1.883649534286E-04   -1.884297999283E+03    1.975091906141E+03    8.933397153026E+00   -7.327816905584E+00    2.885512880844E-01   -2.477390345359E-01    2.349689763845E+01    4.115902605882E-01    1.041469152376E-02
    1.995262782958E-04   -1.765769352063E+03    1.855520568137E+03    8.423492948298E+00   -6.861877192733E+00    2.716086196978E-01   -2.322548747848E-01    2.322702090322E+01    4.002465479258E-01    1.004069846135E-02
    2.113489532207E-04   -1.654546454748E+03    1.743266756352E+03    7.943565046758E+00   -6.425192110942E+00    2.556719133769E-01   -2.177367970724E-01    2.296019056353E+01    3.890896404157E-01    9.676953413789E-03
    2.238721656565E-04   -1.550180675168E+03    1.637881696318E+03    7.491797435120E+00   -6.015953663633E+00    2.406804485428E-01   -2.041249985530E-01    2.269636973085E+01    3.781174252565E-01    9.323215171279E-03
    2.371374250594E-04   -1.452250912943E+03    1.538944146635E+03    7.066485270994E+00   -5.632465154971E+00    2.265771505182E-01   -1.913633607079E-01    2.243552184439E+01    3.673278154877E-01    8.979246921293E-03
    2.511887004750E-04   -1.360361910151E+03    1.446058709607E+03    6.666028064964E+00   -5.273134065230E+00    2.133084759501E-01   -1.793992229383E-01    2.217761066260E+01    3.567187496741E-01    8.644816198938E-03
    2.660725662789E-04   -1.274142665666E+03    1.358854245545E+03    6.288923280819E+00   -4.936465730278E+00    2.008241242086E-01   -1.681831700978E-01    2.192260025469E+01    3.462881917909E-01    8.319694827986E-03
    2.818383565518E-04   -1.193244946775E+03    1.276982384360E+03    5.933760327904E+00   -4.621057335219E+00    1.890768570574E-01   -1.576688330185E-01    2.167045499279E+01    3.360341309963E-01    8.003658878897E-03
    2.985383286022E-04   -1.117341892131E+03    1.200116128473E+03    5.599215099132E+00   -4.325592276752E+00    1.780223112467E-01   -1.478127013091E-01    2.142113954321E+01    3.259545818282E-01    7.696489768653E-03
    3.162278361789E-04   -1.046126700421E+03    1.127948541462E+03    5.284043855120E+00   -4.048834872418E+00    1.676188226074E-01   -1.385739476192E-01    2.117461885773E+01    3.160475825934E-01    7.397969593901E-03
    3.349655129464E-04   -9.793113994994E+02    1.060191517153E+03    4.987079799433E+00   -3.789625389023E+00    1.578272609307E-01   -1.299142859135E-01    2.093085816482E+01    3.063111973380E-01    7.107888035364E-03
    3.548134668321E-04   -9.166256910472E+02    9.965746242499E+02    4.707226975595E+00   -3.546875388086E+00    1.486108749847E-01   -1.217977224565E-01    2.068982296094E+01    2.967435142770E-01    6.826037666256E-03
    3.758374858894E-04   -8.578158661203E+02    9.368440218448E+02    4.443456730973E+00   -3.319563519240E+00    1.399351470099E-01   -1.141905540280E-01    2.045147900053E+01    2.873426459542E-01    6.552215064600E-03
    3.981072563587E-04   -8.026437872389E+02    8.807614414745E+02    4.194802782861E+00   -3.106730676721E+00    1.317676561586E-01   -1.070611342921E-01    2.021579228750E+01    2.781067291083E-01    6.286220776014E-03
    4.216965936497E-04   -7.508859329364E+02    8.281032316331E+02    3.960358433377E+00   -2.907477329352E+00    1.240779503017E-01   -1.003797704962E-01    1.998272906557E+01    2.690339385038E-01    6.027859244074E-03
    4.466836870101E-04   -7.023325009345E+02    7.786594609102E+02    3.739272224091E+00   -2.720959014482E+00    1.168374257026E-01   -9.411860331952E-02    1.975225580858E+01    2.601224309608E-01    5.776938804306E-03
    4.731513586915E-04   -6.567865663468E+02    7.322330761576E+02    3.530744723026E+00   -2.546383230239E+00    1.100192140506E-01   -8.825149407845E-02    1.952433921061E+01    2.513704291409E-01    5.533271614051E-03
    5.011873384724E-04   -6.140632915357E+02    6.886391123079E+02    3.334025335606E+00   -2.383006220897E+00    1.035980739669E-01   -8.275391886888E-02    1.929894617588E+01    2.427761654313E-01    5.296673615632E-03
    5.308845544473E-04   -5.739891844524E+02    6.477039506758E+02    3.148409311430E+00   -2.230129983935E+00    9.755030154284E-02   -7.760286920531E-02    1.907604380852E+01    2.343378957200E-01    5.066964498271E-03
    5.623414410462E-04   -5.364014024873E+02    6.092646227658E+02    2.973234932244E+00   -2.087099460792E+00    9.185362155748E-02   -7.277675876166E-02    1.885559940139E+01    2.260538995008E-01    4.843967645513E-03
    5.956622653057E-04   -5.011470990327E+02    5.731681567981E+02    2.807880869173E+00   -1.953299899797E+00    8.648711018479E-02   -6.825533582821E-02    1.863758042600E+01    2.179224797053E-01    4.627510096943E-03
    6.309574724727E-04   -4.680828101451E+02    5.392709643265E+02    2.651763930609E+00   -1.828154381822E+00    8.143111003321E-02   -6.401960115323E-02    1.842195452118E+01    2.099419631052E-01    4.417422789060E-03
    6.683440520859E-04   -4.370738788401E+02    5.074382644919E+02    2.504335931279E+00   -1.711121666331E+00    7.666715285854E-02   -6.005173082100E-02    1.820868948169E+01    2.021106983137E-01    4.213539403303E-03
    7.079459257502E-04   -4.079939147156E+02    4.775435436006E+02    2.365082680242E+00   -1.601693314516E+00    7.217788703432E-02   -5.633500042319E-02    1.799775324657E+01    1.944270586688E-01    4.015697989632E-03
    7.498943578865E-04   -3.807242867314E+02    4.494680478598E+02    2.233521164575E+00   -1.499392707343E+00    6.794700945538E-02   -5.285373110857E-02    1.778911388734E+01    1.868894402427E-01    3.823739815807E-03
    7.943283908219E-04   -3.551536471161E+02    4.231003072365E+02    2.109197819604E+00   -1.403772356154E+00    6.395920162376E-02   -4.959320451441E-02    1.758273959529E+01    1.794962622722E-01    3.637509609191E-03
    8.413953056587E-04   -3.311774844860E+02    3.983356885299E+02    1.991686725293E+00   -1.314412465279E+00    6.020006963180E-02   -4.653961733386E-02    1.737859866909E+01    1.722459671549E-01    3.456855521775E-03
    8.912511104532E-04   -3.086977043864E+02    3.750759758640E+02    1.880587913293E+00   -1.230918961962E+00    5.665608784948E-02   -4.368002147398E-02    1.717665950195E+01    1.651370204133E-01    3.281629058586E-03
    9.440610573198E-04   -2.876222355736E+02    3.532289769195E+02    1.775525777938E+00   -1.152922095105E+00    5.331454605331E-02   -4.100227133103E-02    1.697689056820E+01    1.581679324143E-01    3.111685732522E-03
    1.000000190176E-03   -2.678646604567E+02    3.327081533237E+02    1.676147584717E+00   -1.080074895993E+00    5.016349978518E-02   -3.849497429676E-02    1.677926040955E+01    1.513371713551E-01    2.946882440664E-03
    1.059253924943E-03   -2.493438682176E+02    3.134322737173E+02    1.582122070321E+00   -1.012051954985E+00    4.719172353142E-02   -3.614744431153E-02    1.658373762099E+01    1.446432942552E-01    2.787081269813E-03
    1.122018664127E-03   -2.319837292170E+02    2.953250881065E+02    1.493138257685E+00   -9.485473898998E-01    4.438866794626E-02   -3.394965826076E-02    1.639029083641E+01    1.380848591960E-01    2.632146765587E-03
    1.188502447811E-03   -2.157127893833E+02    2.783150221936E+02    1.408903698016E+00   -8.892747053682E-01    4.174118629717E-02   -3.189221506098E-02    1.619888871312E+01    1.316604477057E-01    2.481947212422E-03
    1.258925643231E-03   -2.004639833530E+02    2.623348904615E+02    1.329144112546E+00   -8.339648946560E-01    3.924965204589E-02   -2.996629724612E-02    1.600949991699E+01    1.253686645477E-01    2.336353244480E-03
    1.333521675200E-03   -1.861743652172E+02    2.473216268599E+02    1.253601764264E+00   -7.823655408225E-01    3.689561216585E-02   -2.816363492151E-02    1.582209310638E+01    1.192081378699E-01    2.195239022747E-03
    1.412537799822E-03   -1.727848557923E+02    2.332160320140E+02    1.182034575629E+00   -7.342397974458E-01    3.467406342535E-02   -2.647647190671E-02    1.563663691582E+01    1.131775198089E-01    2.058482114870E-03
    1.496235924044E-03   -1.602400054000E+02    2.199625359421E+02    1.114215171344E+00   -6.893654296432E-01    3.257726537843E-02   -2.489753406387E-02    1.545309993914E+01    1.072754844671E-01    1.925962704229E-03
    1.584893473776E-03   -1.484877712067E+02    2.075089753288E+02    1.049929979797E+00   -6.475339158486E-01    3.059794145922E-02   -2.341999937242E-02    1.527145071209E+01    1.015007311781E-01    1.797564526368E-03
    1.678804313446E-03   -1.374793082286E+02    1.958063844630E+02    9.889783898175E-01   -6.085496039727E-01    2.872925088600E-02   -2.203747002694E-02    1.509165769447E+01    9.585198254978E-02    1.673173205230E-03
    1.778279720043E-03   -1.271687731638E+02    1.848087990005E+02    9.311719589330E-01   -5.722289194602E-01    2.696476124402E-02   -2.074394616480E-02    1.491368925152E+01    9.032798504329E-02    1.552678435130E-03
    1.883649414877E-03   -1.175131402642E+02    1.744730717645E+02    8.763336705971E-01   -5.383995548647E-01    2.529842791544E-02   -1.953379889916E-02    1.473751363514E+01    8.492752463212E-02    1.435972490266E-03
    1.995262656475E-03   -1.084720285094E+02    1.647586998458E+02    8.242972368138E-01   -5.069000436993E-01    2.372456444998E-02   -1.840175662968E-02    1.456309896416E+01    7.964935524529E-02    1.322950612713E-03
    2.113489398229E-03   -1.000075393889E+02    1.556276623093E+02    7.749064437252E-01   -4.775786915305E-01    2.223782506871E-02   -1.734286895394E-02    1.439041320421E+01    7.449233103574E-02    1.213510720760E-03
    2.238721514648E-03   -9.208410464222E+01    1.470442678548E+02    7.280145367011E-01   -4.502932413353E-01    2.083318307327E-02   -1.635249603310E-02    1.421942414686E+01    6.945529747449E-02    1.107553782345E-03
    2.371374100268E-03   -8.466834334463E+01    1.389750118233E+02    6.834836461811E-01   -4.249102251042E-01    1.950591159851E-02   -1.542628699177E-02    1.405009938821E+01    6.453709934767E-02    1.004983517936E-03
    2.511886845517E-03   -7.772892776759E+01    1.313884419733E+02    6.411842389666E-01   -4.013044220246E-01    1.825156562500E-02   -1.456016197459E-02    1.388240630684E+01    5.973664163066E-02    9.057064391631E-04
    2.660725494121E-03   -7.123645747318E+01    1.242550324901E+02    6.009946293766E-01   -3.793583497271E-01    1.706596491946E-02   -1.375029529686E-02    1.371631204111E+01    5.505284259707E-02    8.096319350407E-04
    2.818383386855E-03   -6.516334113903E+01    1.175470657228E+02    5.628004767179E-01   -3.589617872074E-01    1.594517819633E-02   -1.299309963796E-02    1.355178346578E+01    5.048464378607E-02    7.166718184644E-04
    2.985383096773E-03   -5.948368563904E+01    1.112385211740E+02    5.264943551331E-01   -3.400113270638E-01    1.488550805038E-02   -1.228521118764E-02    1.338878716802E+01    4.603102086137E-02    6.267408774248E-04
    3.162278161326E-03   -5.417319193490E+01    1.053049712984E+02    4.919753294046E-01   -3.224099528654E-01    1.388347737153E-02   -1.162347577799E-02    1.322728942273E+01    4.169096173365E-02    5.397565497758E-04
    3.349654917123E-03   -4.920905736052E+01    9.972348369145E+01    4.591485610335E-01   -3.060666467728E-01    1.293581550702E-02   -1.100493572802E-02    1.306725616712E+01    3.746348972405E-02    4.556388838826E-04
    3.548134443398E-03   -4.456988390752E+01    9.447252927603E+01    4.279249655516E-01   -2.908960175720E-01    1.203944635055E-02   -1.042681763475E-02    1.290865297472E+01    3.334765644245E-02    3.743107409426E-04
    3.758374620643E-03   -4.023559214302E+01    8.953189612055E+01    3.982207550886E-01   -2.768179528991E-01    1.119147662814E-02   -9.886520838999E-03    1.275144502896E+01    2.934252625103E-02    2.956971973760E-04
    3.981072311218E-03   -3.618734041542E+01    8.488260854023E+01    3.699572812495E-01   -2.637572927530E-01    1.038918499863E-02   -9.381606626151E-03    1.259559709561E+01    2.544720396883E-02    2.197263467611E-04
    4.216965669175E-03   -3.240744902280E+01    8.050685115997E+01    3.430606151913E-01   -2.516435228862E-01    9.630011826708E-03   -8.909789625320E-03    1.244107349494E+01    2.166081674330E-02    1.463285643171E-04
    4.466836586940E-03   -2.887932904002E+01    7.638789763305E+01    3.174612898360E-01   -2.404104835545E-01    8.911550231445E-03   -8.468922036946E-03    1.228783807319E+01    1.798252220835E-02    7.543694632815E-05
    4.731513286975E-03   -2.558741551869E+01    7.251004373050E+01    2.930940307441E-01   -2.299961139402E-01    8.231534415545E-03   -8.056994219922E-03    1.213585417348E+01    1.441149533527E-02    6.987022924222E-06
    5.011873067012E-03   -2.251710479204E+01    6.885854453253E+01    2.698975035022E-01   -2.203421765742E-01    7.587835258263E-03   -7.672119865591E-03    1.198508460603E+01    1.094694875580E-02   -5.908318550545E-05
    5.308845207934E-03   -1.965469563189E+01    6.541955547177E+01    2.478140760911E-01   -2.113940711011E-01    6.978449593340E-03   -7.312529770243E-03    1.183549161836E+01    7.588121147719E-03   -1.228331268301E-04
    5.623414053982E-03   -1.698733402270E+01    6.218007699040E+01    2.267895986467E-01   -2.031004580166E-01    6.401493530004E-03   -6.976564407529E-03    1.168703686474E+01    4.334275108932E-03   -1.843197353011E-04
    5.956622275455E-03   -1.450296133073E+01    5.912790259000E+01    2.067731912845E-01   -1.954132775741E-01    5.855195338143E-03   -6.662667130542E-03    1.153968137498E+01    1.184704246851E-03   -2.435976201309E-04
    6.309574324750E-03   -1.219026565896E+01    5.625157006699E+01    1.877170504076E-01   -1.882873952613E-01    5.337888946138E-03   -6.369377486975E-03    1.139338552339E+01   -1.861270221862E-03   -3.007188447495E-04
    6.683440097183E-03   -1.003863619319E+01    5.354031573775E+01    1.695762608588E-01   -1.816804619945E-01    4.848007751077E-03   -6.095325260381E-03    1.124810899733E+01   -4.804298182216E-03   -3.557332101312E-04
    7.079458808720E-03   -8.038120355432E+00    5.098403147042E+01    1.523086368186E-01   -1.755527376052E-01    4.384078732368E-03   -5.839224589787E-03    1.110381076580E+01   -7.645001581663E-03   -4.086879284192E-04
    7.498943103492E-03   -6.179383593154E+00    4.857322435062E+01    1.358745389526E-01   -1.698669294423E-01    3.944717381712E-03   -5.599868794094E-03    1.096044904752E+01   -1.038397176637E-02   -4.596279146307E-04
    7.943283404678E-03   -4.453671638641E+00    4.629897882364E+01    1.202367365405E-01   -1.645880434677E-01    3.528622031376E-03   -5.376125184671E-03    1.081798128097E+01   -1.302177482231E-02   -5.085958370987E-04
    8.413952523210E-03   -2.852775094199E+00    4.415292115455E+01    1.053602609078E-01   -1.596832273471E-01    3.134569450524E-03   -5.166930344737E-03    1.067636409236E+01   -1.555894971915E-02   -5.556318953598E-04
    8.912510539550E-03   -1.368996193485E+00    4.212718607103E+01    9.121226498348E-02   -1.551216553194E-01    2.761410239944E-03   -4.971285579220E-03    1.053555326553E+01   -1.799599962800E-02   -6.007741096525E-04
    9.440609974739E-03    4.882391900040E-03    4.021438545267E+01    7.776192286151E-02   -1.508743943293E-01    2.408064609854E-03   -4.788253463174E-03    1.039550371245E+01   -2.033340739380E-02   -6.440578287479E-04
    1.000000126784E-02    1.275626826749E+00    3.840757894233E+01    6.498027238295E-02   -1.469142972149E-01    2.073518257153E-03   -4.616952709400E-03    1.025616944457E+01   -2.257162680198E-02   -6.855163698220E-04
    1.059253857795E-02    2.449579585264E+00    3.670024636208E+01    5.284012028590E-02   -1.432158659078E-01    1.756819286816E-03   -4.456555372646E-03    1.011750354543E+01   -2.471108106772E-02   -7.251810538642E-04
    1.122018593000E-02    3.532685234941E+00    3.508626182482E+01    4.131597193949E-02   -1.397551716270E-01    1.457073709395E-03   -4.306283171430E-03    9.979458145086E+00   -2.675217018580E-02   -7.630802523607E-04
    1.188502372469E-02    4.530514636037E+00    3.355986943887E+01    3.038387027066E-02   -1.365097550615E-01    1.173442622102E-03   -4.165404339501E-03    9.841984397241E+00   -2.869526692015E-02   -7.992405808507E-04
    1.258925563425E-02    5.448287649312E+00    3.211566050485E+01    2.002134181219E-02   -1.334585295742E-01    9.051399623666E-04   -4.033230493799E-03    9.705032456737E+00   -3.054072317239E-02   -8.336862418017E-04
    1.333521590666E-02    6.290894451368E+00    3.074855212025E+01    1.020731470457E-02   -1.305817042715E-01    6.514280278203E-04   -3.909113784945E-03    9.568551461463E+00   -3.228885380516E-02   -8.664393298923E-04
    1.412537710278E-02    7.062915540033E+00    2.945376710337E+01    9.220088500170E-04   -1.278607021549E-01    4.116157509858E-04   -3.792444391497E-03    9.432489517171E+00   -3.393996350417E-02   -8.975196194801E-04
    1.496235829195E-02    7.768640512053E+00    2.822681515821E+01   -7.853110926780E-03   -1.252780915872E-01    1.850562331745E-04   -3.682647915982E-03    9.296793686184E+00   -3.549433266218E-02   -9.269447349743E-04
    1.584893373306E-02    8.412085688346E+00    2.706347520482E+01   -1.613543526641E-02   -1.228175034310E-01   -2.885613668679E-05   -3.579183355060E-03    9.161409980054E+00   -3.695221654859E-02   -9.547301365721E-04
    1.678804207023E-02    8.997010664919E+00    2.595977881009E+01   -2.394126292106E-02   -1.204635908790E-01   -2.306875428850E-04   -3.481539614845E-03    9.026283359604E+00   -3.831385720968E-02   -9.808891406403E-04
    1.778279607314E-02    9.526933846848E+00    2.491199464609E+01   -3.128586981321E-02   -1.182019714107E-01   -4.209672922670E-04   -3.389236268070E-03    8.891357738383E+00   -3.957947876652E-02   -1.005432931281E-03
    1.883649295469E-02    1.000514703656E+01    2.391661392086E+01   -3.818358189113E-02   -1.160191126132E-01   -6.001894413938E-04   -3.301818266611E-03    8.756575993771E+00   -4.074928960221E-02   -1.028370592381E-03
    1.995262529991E-02    1.043472913597E+01    2.297033672397E+01   -4.464781049515E-02   -1.139023679376E-01   -7.688145137569E-04   -3.218856678296E-03    8.621879986382E+00   -4.182349306618E-02   -1.049709364323E-03
    2.113489264250E-02    1.081855901780E+01    2.207005923291E+01   -5.069112122070E-02   -1.118399144797E-01   -9.272717597546E-04   -3.139945919111E-03    8.487210588102E+00   -4.280227853784E-02   -1.069453818762E-03
    2.238721372731E-02    1.115932761994E+01    2.121286173086E+01   -5.632531406131E-02   -1.098206705028E-01   -1.075960709719E-03   -3.064702589992E-03    8.352507720093E+00   -4.368583617070E-02   -1.087607013877E-03
    2.371373949942E-02    1.145954931266E+01    2.039599738952E+01   -6.156142554798E-02   -1.078342396543E-01   -1.215252101454E-03   -2.992763883000E-03    8.217710401658E+00   -4.447434604858E-02   -1.104170264690E-03
    2.511886686283E-02    1.172157259516E+01    1.961688177884E+01   -6.640980490807E-02   -1.058709617890E-01   -1.345490302700E-03   -2.923786196312E-03    8.082756814943E+00   -4.516800157120E-02   -1.119142557000E-03
    2.660725325452E-02    1.194759014725E+01    1.887308305205E+01   -7.088017781771E-02   -1.039218243222E-01   -1.466994201166E-03   -2.857444191413E-03    7.947584378746E+00   -4.576700177685E-02   -1.132521166334E-03
    2.818383208192E-02    1.213964829993E+01    1.816231278162E+01   -7.498166875706E-02   -1.019784435227E-01   -1.580058207834E-03   -2.793429497219E-03    7.812129841895E+00   -4.627155994128E-02   -1.144301580048E-03
    2.985382907523E-02    1.229965595548E+01    1.748241740539E+01   -7.872283127354E-02   -1.000330431390E-01   -1.684949935809E-03   -2.731449741637E-03    7.676329393620E+00   -4.668190965076E-02   -1.154477570206E-03
    3.162277960863E-02    1.242939299826E+01    1.683137025242E+01   -8.211176470797E-02   -9.807843382052E-02   -1.781933556924E-03   -2.671228155594E-03    7.540118793834E+00   -4.699831151146E-02   -1.163041276266E-03
    3.349654704782E-02    1.253051823190E+01    1.620726411875E+01   -8.515606111632E-02   -9.610799587860E-02   -1.871224448121E-03   -2.612500644135E-03    7.403433524998E+00   -4.722106062431E-02   -1.169983285155E-03
    3.548134218475E-02    1.260457688431E+01    1.560830436853E+01   -8.786290096774E-02   -9.411566512275E-02   -1.953037237988E-03   -2.555018203528E-03    7.266208970073E+00   -4.735049387845E-02   -1.175292819707E-03
    3.758374382392E-02    1.265300770784E+01    1.503280253254E+01   -9.023911644859E-02   -9.209592161872E-02   -2.027564543634E-03   -2.498544345752E-03    7.128380616470E+00   -4.738700221650E-02   -1.178957965978E-03
    3.981072058850E-02    1.267714970674E+01    1.447917038109E+01   -9.229120567326E-02   -9.004378033118E-02   -2.094980379987E-03   -2.442854746905E-03    6.989884288667E+00   -4.733103546331E-02   -1.180964973382E-03
    4.216965401853E-02    1.267824853170E+01    1.394591445442E+01   -9.402539748424E-02   -8.795478996493E-02   -2.155443960567E-03   -2.387736937784E-03    6.850656415381E+00   -4.718311646382E-02   -1.181299799118E-03
    4.466836303778E-02    1.265746256630E+01    1.343163102864E+01   -9.544755319478E-02   -8.582503574709E-02   -2.209098039552E-03   -2.332990414110E-03    6.710634332287E+00   -4.694385189895E-02   -1.179947355384E-03
    4.731512987035E-02    1.261586873680E+01    1.293500150069E+01   -9.656349579916E-02   -8.365111714214E-02   -2.256071541842E-03   -2.278425305115E-03    6.569756624243E+00   -4.661394497155E-02   -1.176891953321E-03
    5.011872749299E-02    1.255446807228E+01    1.245478817640E+01   -9.737884257631E-02   -8.143018026538E-02   -2.296480001687E-03   -2.223863283025E-03    6.427963510058E+00   -4.619420924847E-02   -1.172117550475E-03
    5.308844871396E-02    1.247419105501E+01    1.198983044952E+01   -9.789908996084E-02   -7.915990916208E-02   -2.330426678046E-03   -2.169136949705E-03    6.285197276823E+00   -4.568558328218E-02   -1.165608006382E-03
    5.623413697503E-02    1.237590276714E+01    1.153904135380E+01   -9.812967302560E-02   -7.683853826032E-02   -2.358003552350E-03   -2.114089985346E-03    6.141402761335E+00   -4.508914670673E-02   -1.157347390641E-03
    5.956621897853E-02    1.226040788242E+01    1.110140448179E+01   -9.807607693590E-02   -7.446486419072E-02   -2.379291906067E-03   -2.058577291657E-03    5.996527889153E+00   -4.440613733969E-02   -1.147320329421E-03
    6.309573924774E-02    1.212845552178E+01    1.067597125687E+01   -9.774378795532E-02   -7.203826002376E-02   -2.394365370682E-03   -2.002465239127E-03    5.850524272914E+00   -4.363796943208E-02   -1.135512324234E-03
    6.683439673506E-02    1.198074400130E+01    1.026185854890E+01   -9.713841443658E-02   -6.955869173916E-02   -2.403288195824E-03   -1.945632026330E-03    5.703347874637E+00   -4.278625128497E-02   -1.121910433421E-03
    7.079458359939E-02    1.181792549962E+01    9.858246624268E+00   -9.626572976813E-02   -6.702673667737E-02   -2.406118364242E-03   -1.887968073207E-03    5.554959736651E+00   -4.185281301583E-02   -1.106503373128E-03
    7.498942628119E-02    1.164061067383E+01    9.464377420683E+00   -9.513173373586E-02   -6.444360119851E-02   -2.402908455476E-03   -1.829376916532E-03    5.405326785804E+00   -4.083971737846E-02   -1.089282299713E-03
    7.943282901137E-02    1.144937325094E+01    9.079553134956E+00   -9.374271643503E-02   -6.181115207053E-02   -2.393706908590E-03   -1.769775615868E-03    5.254422714484E+00   -3.974928967062E-02   -1.070241340286E-03
    8.413951989832E-02    1.124475461792E+01    8.703135121203E+00   -9.210532106390E-02   -5.913192896407E-02   -2.378559951338E-03   -1.709095099205E-03    5.102228944034E+00   -3.858413952780E-02   -1.049378245578E-03
    8.912509974568E-02    1.102726844595E+01    8.334543081670E+00   -9.022663449327E-02   -5.640915407228E-02   -2.357512686715E-03   -1.647282605177E-03    4.948735673697E+00   -3.734718529316E-02   -1.026695108345E-03
    9.440609376280E-02    1.079740537145E+01    7.973254541951E+00   -8.811421502182E-02   -5.364679849116E-02   -2.330611253094E-03   -1.584301168524E-03    4.793943018555E+00   -3.604167898532E-02   -1.002199151517E-03
    1.000000063392E-01    1.055563776289E+01    7.618804596545E+00   -8.577625546561E-02   -5.084955815751E-02   -2.297904699402E-03   -1.520131585676E-03    4.637862239184E+00   -3.467123161999E-02   -9.759035900347E-04
    1.059253790647E-01    1.030242460202E+01    7.270785911676E+00   -8.322156034571E-02   -4.802289678044E-02   -2.259447126959E-03   -1.454773520878E-03    4.480517066072E+00   -3.323983843004E-02   -9.478285581364E-04
    1.122018521873E-01    1.003821650041E+01    6.928848954147E+00   -8.045969423579E-02   -4.517305909242E-02   -2.215300029223E-03   -1.388246868934E-03    4.321945113809E+00   -3.175190400335E-02   -9.180019254639E-04
    1.188502297128E-01    9.763460885239E+00    6.592702442552E+00   -7.750105207852E-02   -4.230708490662E-02   -2.165534919082E-03   -1.320593290995E-03    4.162199392216E+00   -3.021226112715E-02   -8.864611626482E-04
    1.258925483619E-01    9.478607377188E+00    6.262113983138E+00   -7.435694698398E-02   -3.943281719171E-02   -2.110236117979E-03   -1.251877665025E-03    4.001349907576E+00   -2.862621558901E-02   -8.532534103462E-04
    1.333521506131E-01    9.184113380050E+00    5.936910854024E+00   -7.103969968108E-02   -3.655890421499E-02   -2.049503849961E-03   -1.182189661037E-03    3.839485346792E+00   -2.699953563386E-02   -8.184372095689E-04
    1.412537620735E-01    8.880449901983E+00    5.616980899324E+00   -6.756272890125E-02   -3.369479384963E-02   -1.983457654700E-03   -1.111645229893E-03    3.676714836593E+00   -2.533848515381E-02   -7.820840001252E-04
    1.496235734345E-01    8.568107646491E+00    5.302273503909E+00   -6.394063828731E-02   -3.085071523665E-02   -1.912239674288E-03   -1.040388471186E-03    3.513169776822E+00   -2.364984246552E-02   -7.442791303283E-04
    1.584893272837E-01    8.247603323483E+00    4.992800531998E+00   -6.018929810595E-02   -2.803764914220E-02   -1.836019730318E-03   -9.685925346981E-04    3.349005698127E+00   -2.194090383862E-02   -7.051233891350E-04
    1.678804100600E-01    7.919486274608E+00    4.688637246328E+00   -5.632595402997E-02   -2.526729666520E-02   -1.754998086996E-03   -8.964612907053E-04    3.184404170559E+00   -2.021948798818E-02   -6.647343326100E-04
    1.778279494585E-01    7.584345341044E+00    4.389923057075E+00   -5.236925959373E-02   -2.255199847966E-02   -1.669410969542E-03   -8.242302985040E-04    3.019574696840E+00   -1.849392874439E-02   -6.232476657464E-04
    1.883649176061E-01    7.242815988395E+00    4.096862032395E+00   -4.833936913861E-02   -1.990466826202E-02   -1.579535177388E-03   -7.521675614288E-04    2.854756570519E+00   -1.677307629678E-02   -5.808185641343E-04
    1.995262403507E-01    6.895587657886E+00    3.809723053403E+00   -4.425798160353E-02   -1.733868613814E-02   -1.485693176472E-03   -6.805738614929E-04    2.690220652669E+00   -1.506625195553E-02   -5.376227909671E-04
    2.113489130272E-01    6.543411299614E+00    3.528839482552E+00   -4.014836581414E-02   -1.486776711628E-02   -1.388258386473E-03   -6.097825513331E-04    2.526271012857E+00   -1.338322585240E-02   -4.938582286832E-04
    2.238721230814E-01    6.187107023452E+00    3.254608195490E+00   -3.603539883217E-02   -1.250581538191E-02   -1.287660588824E-03   -5.401586632307E-04    2.363246369178E+00   -1.173416177564E-02   -4.497450712466E-04
    2.371373799615E-01    5.827571776080E+00    2.987487805099E+00   -3.194550121403E-02   -1.026671807312E-02   -1.184391341416E-03   -4.720971718050E-04    2.201521248644E+00   -1.012954828398E-02   -4.055268559669E-04
    2.511886527050E-01    5.465786920487E+00    2.727995884692E+00   -2.790660843647E-02   -8.164134398386E-03   -1.079009032303E-03   -4.060201512249E-04    2.041506774607E+00   -8.580108491872E-03   -3.614705418269E-04
    2.660725156783E-01    5.102825554488E+00    2.476704974993E+00   -2.394805992140E-02   -6.211232680166E-03   -9.721447481445E-04   -3.423731301125E-04    1.883650971326E+00   -7.096695322875E-03   -3.178662017981E-04
    2.818383029529E-01    4.739859355453E+00    2.234237137603E+00   -2.010043990401E-02   -4.420398889747E-03   -8.645052446479E-04   -2.816191629634E-04    1.728438457295E+00   -5.690146036818E-03   -2.750260898714E-04
    2.985382718274E-01    4.378164680713E+00    2.001256797871E+00   -1.639534810627E-02   -2.802894699770E-03   -7.568773185289E-04   -2.242321053033E-04    1.576389379367E+00   -4.371125140002E-03   -2.332829290384E-04
    3.162277760400E-01    4.019127579758E+00    1.778461603599E+00   -1.286510766734E-02   -1.368493789627E-03   -6.501296873086E-04   -1.706875407503E-04    1.428057417974E+00   -3.149928891640E-03   -1.929872126250E-04
    3.349654492440E-01    3.664247291143E+00    1.566571015772E+00   -9.542345795834E-03   -1.250726818520E-04   -5.452132355520E-04   -1.214518757853E-04    1.284026672049E+00   -2.036263034435E-03   -1.545035914084E-04
    3.548133993551E-01    3.315137691718E+00    1.366312347070E+00   -6.459497577933E-03    9.218170593860E-04   -4.431586573425E-04   -7.696880336326E-05    1.144907209392E+00   -1.038980655408E-03   -1.182054768577E-04
    3.758374144141E-01    2.973526046274E+00    1.178403976498E+00   -3.648173598334E-03    1.769402801275E-03   -3.450712718676E-04   -3.764369570501E-05    1.011329047035E+00   -1.657949013023E-04   -8.446851954010E-05
    3.981071806482E-01    2.641248258981E+00    1.003535502422E+00   -1.138375907390E-03    2.418143253434E-03   -2.521205357164E-04   -3.825413466352E-06    8.839343069199E-01    5.770453390908E-04   -5.366217230914E-05
    4.216965134532E-01    2.320239658745E+00    8.423446561265E-01    1.042437279014E-03    2.872170252848E-03   -1.655250212669E-04    2.421430133998E-05    7.633672777086E-01    1.185107589241E-03   -2.613909246317E-05
    4.466836020616E-01    2.012520149430E+00    6.953908975074E-01    2.870467825049E-03    3.139686584912E-03   -8.653013459554E-05    4.630353370432E-05    6.502621068123E-01    1.656149335396E-03   -2.222570911375E-06
    4.731512687095E-01    1.720172321947E+00    5.631257643205E-01    4.326884889942E-03    3.233294526034E-03   -1.637692522063E-05    6.239435517168E-05    5.452278517246E-01    1.990506543087E-03    1.780854723907E-05
    5.011872431586E-01    1.445310851754E+00    4.458602650107E-01    5.399331839403E-03    3.170198737069E-03    4.373947413834E-05    7.258765957161E-05    4.488306418240E-01    2.191481773271E-03    3.373738330565E-05
    5.308844534858E-01    1.190041189524E+00    3.437299178610E-01    6.083634567118E-03    2.972241499187E-03    9.272470298107E-05    7.715713711766E-05    3.615727498966E-01    2.265709811056E-03    4.542887308753E-05
    5.623413341023E-01    9.564051825162E-01    2.566584695850E-01    6.385687911534E-03    2.665693204501E-03    1.296556074799E-04    7.657009712219E-05    2.838684529652E-01    2.223477761839E-03    5.285187101754E-05
    5.956621520251E-01    7.463108448337E-01    1.843219262839E-01    6.323491634688E-03    2.280724127668E-03    1.538696990564E-04    7.150231959294E-05    2.160166946015E-01    2.078957514180E-03    5.610284733708E-05
    6.309573524797E-01    5.614429921092E-01    1.261153342225E-01    5.929250498671E-03    1.850456282344E-03    1.650764533597E-04    6.284213190573E-05    1.581707516492E-01    1.850304416061E-03    5.543046111071E-05
    6.683439249830E-01    4.031508934089E-01    8.112584811911E-02    5.251383040340E-03    1.409504786778E-03    1.634942351601E-04    5.167821958178E-05    1.103053945224E-01    1.559550447086E-03    5.125923800990E-05
    7.079457911159E-01    2.723084073223E-01    4.811709264381E-02    4.356208627741E-03    9.919003446863E-04    1.500145094106E-04    3.926296426137E-05    7.218242424637E-02    1.232211553536E-03    4.421028517954E-05
    7.498942152746E-01    1.691412692359E-01    2.553180161913E-02    3.328855483995E-03    6.283175440555E-04    1.263944675796E-04    2.694124310272E-05    4.331602254112E-02    8.964855588120E-04    3.511525730775E-05
    7.943282397597E-01    9.301521467738E-02    1.152236875770E-02    2.272616893526E-03    3.425935226205E-04    9.547110390529E-05    1.603192313711E-05    2.294010303619E-02    5.818796296396E-04    2.501778962390E-05
    8.413951456455E-01    4.217739722386E-02    4.022500601251E-03    1.305264897142E-03    1.476758451290E-04    6.137503426318E-05    7.648005487799E-06    9.980867204380E-03    3.170137367259E-04    1.515296132760E-05
    8.912509409587E-01    1.344197838995E-02    8.779450828915E-04    5.492545764437E-04    4.148995619240E-05    2.967167894097E-05    2.443392493432E-06    3.039126517549E-03    1.261546519585E-04    6.885921157288E-06
    9.440608777821E-01    1.808657316076E-03    6.071994362928E-05    1.081288990318E-04    4.080889243190E-06    7.175967146942E-06    2.919834114318E-07    3.887536934979E-04    2.339972646025E-05    1.560338744197E-06
