# Q1 =   100.0000 , Q2 =   500.0000
# x  F1Wp(LO) F1Wm(LO) F1Wp(NLO) F1Wm(NLO) F1Wp(NNLO) F1Wm(NNLO) F1Z(LO) F1Z(NLO) F1Z(NNLO)
    1.000000316960E-05    1.550274617889E+05    1.550058754913E+05   -1.032215334755E+04   -1.032280573943E+04   -7.940875262968E+00   -7.967870799598E+00    1.065928949200E+05   -8.703711475629E+03    1.816256446884E+00
    1.059254059240E-05    1.455041376651E+05    1.454828011411E+05   -9.676848010571E+03   -9.676702876634E+03   -9.122369185336E+00   -9.148201525056E+00    1.000422716210E+05   -8.159497462187E+03    2.784554515710E-01
    1.122018806381E-05    1.365658774654E+05    1.365447878478E+05   -9.071823982210E+03   -9.071689929305E+03   -1.013231872042E+01   -1.015702189516E+01    9.389421462176E+04   -7.648671445215E+03   -1.080291614272E+00
    1.188502598494E-05    1.281767394446E+05    1.281558938995E+05   -8.504567919548E+03   -8.504965283416E+03   -1.098713950149E+01   -1.101074676898E+01    8.812398618292E+04   -7.170311093929E+03   -2.276038567805E+00
    1.258925802843E-05    1.203029896871E+05    1.202823854130E+05   -7.972727877049E+03   -7.973321866947E+03   -1.170179896640E+01   -1.172434294919E+01    8.270836856771E+04   -6.722367913577E+03   -3.323434313491E+00
    1.333521844269E-05    1.129129664937E+05    1.128926007212E+05   -7.474095074100E+03   -7.474672693382E+03   -1.229008744596E+01   -1.231159999656E+01    7.762557065386E+04   -6.301866622777E+03   -4.236018053691E+00
    1.412537978909E-05    1.059769530977E+05    1.059568230893E+05   -7.006599119759E+03   -7.007162457954E+03   -1.276462756106E+01   -1.278513983276E+01    7.285514028292E+04   -5.907557834616E+03   -5.026223659692E+00
    1.496236113743E-05    9.946705819891E+04    9.944716124851E+04   -6.568298470279E+03   -6.568847744556E+03   -1.313698177720E+01   -1.315652423453E+01    6.837788199434E+04   -5.538013321509E+03   -5.705477904084E+00
    1.584893674715E-05    9.335710383504E+04    9.333743726766E+04   -6.156881849663E+03   -6.157907934126E+03   -1.341773417272E+01   -1.345109333075E+01    6.417577981349E+04   -5.191417388892E+03   -6.296861299699E+00
    1.678804526291E-05    8.762252014052E+04    8.760308131190E+04   -5.771640757307E+03   -5.772608738781E+03   -1.361656618420E+01   -1.363425770735E+01    6.023192478330E+04   -4.866607644855E+03   -6.772254877815E+00
    1.778279945500E-05    8.224024656885E+04    8.222103286514E+04   -5.410922055416E+03   -5.411403427547E+03   -1.374232680530E+01   -1.375913588482E+01    5.653044694796E+04   -4.562027300167E+03   -7.178253207984E+00
    1.883649653694E-05    7.718863918221E+04    7.716964801960E+04   -5.072295460310E+03   -5.072790625588E+03   -1.380309762064E+01   -1.381905207416E+01    5.305645151527E+04   -4.276478526350E+03   -7.510356581753E+00
    1.995262909442E-05    7.244738363540E+04    7.242861245977E+04   -4.754767434111E+03   -4.755308675930E+03   -1.380621136355E+01   -1.382133848525E+01    4.979595894097E+04   -4.008773908765E+03   -7.776019634589E+00
    2.113489666185E-05    6.799741350435E+04    6.797885979096E+04   -4.457136638134E+03   -4.457664656894E+03   -1.375848560254E+01   -1.377281179823E+01    4.673584869402E+04   -3.757800010265E+03   -7.982063804499E+00
    2.238721798482E-05    6.382083363119E+04    6.380249488432E+04   -4.178164902971E+03   -4.178620771885E+03   -1.366598675729E+01   -1.367953797929E+01    4.386380647682E+04   -3.522512791440E+03   -8.134685616832E+00
    2.371374400920E-05    5.990084817746E+04    5.988272193009E+04   -3.916572163631E+03   -3.917016447212E+03   -1.353428711366E+01   -1.354708870541E+01    4.116827468800E+04   -3.301933255147E+03   -8.239578088675E+00
    2.511887163984E-05    5.622169309654E+04    5.620377691005E+04   -3.671331288216E+03   -3.671763352128E+03   -1.336524656986E+01   -1.337732428351E+01    3.863840592872E+04   -3.095143423673E+03   -8.299213509382E+00
    2.660725831458E-05    5.276857275378E+04    5.275086421759E+04   -3.441420965780E+03   -3.441841003250E+03   -1.317307280843E+01   -1.318444877574E+01    3.626401936540E+04   -2.901282534208E+03   -8.326526481226E+00
    2.818383744181E-05    4.952760043955E+04    4.951009717082E+04   -3.225884314840E+03   -3.226292516840E+03   -1.295232332657E+01   -1.296302214980E+01    3.403555977342E+04   -2.719543477377E+03   -8.317663375210E+00
    2.985383475271E-05    4.648574253623E+04    4.646844217956E+04   -3.023824094867E+03   -3.024220650145E+03   -1.270997483318E+01   -1.272001952171E+01    3.194405909719E+04   -2.549170333645E+03   -8.279299631097E+00
    3.162278562252E-05    4.363076611459E+04    4.361366634166E+04   -2.834399008014E+03   -2.834266882361E+03   -1.244943824567E+01   -1.245885125139E+01    2.998110037179E+04   -2.389450858819E+03   -8.215007862120E+00
    3.349655341806E-05    4.095118974897E+04    4.093428825831E+04   -2.656820159939E+03   -2.656696908509E+03   -1.217377155565E+01   -1.218257478075E+01    2.813878386139E+04   -2.239337206536E+03   -8.128098080540E+00
    3.548134893245E-05    3.843623735366E+04    3.841953187028E+04   -2.490347881234E+03   -2.490710623096E+03   -1.188579210967E+01   -1.189400691939E+01    2.640969527798E+04   -2.098990055805E+03   -8.021516775802E+00
    3.758375097145E-05    3.607579485476E+04    3.605928312989E+04   -2.334288584361E+03   -2.334640435568E+03   -1.158797294163E+01   -1.159562016999E+01    2.478687595279E+04   -1.967423914031E+03   -7.897961946238E+00
    3.981072815955E-05    3.386036952348E+04    3.384404933426E+04   -2.187991999503E+03   -2.188333113378E+03   -1.128253604289E+01   -1.128963609098E+01    2.326379484036E+04   -1.844430222866E+03   -7.759844403059E+00
    4.216966203819E-05    3.178105180736E+04    3.176492095654E+04   -2.050848339526E+03   -2.051178891886E+03   -1.097152829831E+01   -1.097810084829E+01    2.183432224272E+04   -1.728800162011E+03   -7.609421915329E+00
    4.466837153263E-05    2.982947950601E+04    2.981353582168E+04   -1.922285870524E+03   -1.922585267220E+03   -1.065671655815E+01   -1.066278091603E+01    2.049270514795E+04   -1.620406253106E+03   -7.448663255267E+00
    4.731513886856E-05    2.799780414735E+04    2.798204548265E+04   -1.801446548688E+03   -1.802078436751E+03   -1.033969801885E+01   -1.034527299296E+01    1.923354408395E+04   -1.518780869717E+03   -7.279368579521E+00
    5.011873702437E-05    2.627865942925E+04    2.626308366208E+04   -1.688484470819E+03   -1.689093523874E+03   -1.002031196362E+01   -1.002541631135E+01    1.805177139440E+04   -1.423531255468E+03   -7.101813975445E+00
    5.308845881011E-05    2.466513159957E+04    2.464973663234E+04   -1.582593427019E+03   -1.583181305750E+03   -9.704539355941E+00   -9.709190032751E+00    1.694263084945E+04   -1.334244360008E+03   -6.921478288669E+00
    5.623414766941E-05    2.315073165575E+04    2.313551541506E+04   -1.483615648032E+03   -1.483895936262E+03   -9.388775288329E+00   -9.392990114823E+00    1.590165850917E+04   -1.250547515028E+03   -6.735657517755E+00
    5.956623030659E-05    2.172936925199E+04    2.171432968840E+04   -1.390512155013E+03   -1.390827076435E+03   -9.075558322192E+00   -9.079354204304E+00    1.492466476278E+04   -1.172091308485E+03   -6.546852857789E+00
    6.309575124703E-05    2.039532820922E+04    2.038046329697E+04   -1.303323593564E+03   -1.303584954570E+03   -8.765737691176E+00   -8.769131081434E+00    1.400771747152E+04   -1.098563249612E+03   -6.356107071087E+00
    6.683440944536E-05    1.914324352952E+04    1.912855126625E+04   -1.221539943111E+03   -1.221805347308E+03   -8.460051053227E+00   -8.463057959036E+00    1.314712614716E+04   -1.029625780531E+03   -6.164348099721E+00
    7.079459706283E-05    1.796807982233E+04    1.795355822883E+04   -1.144890447147E+03   -1.145143170087E+03   -8.159089002408E+00   -8.161725005888E+00    1.233942710274E+04   -9.650061797282E+02   -5.972359697284E+00
    7.498944054238E-05    1.686511105597E+04    1.685075817595E+04   -1.073041717942E+03   -1.073285490186E+03   -7.863526055754E+00   -7.865806272843E+00    1.158136951562E+04   -9.044344427399E+02   -5.780980617665E+00
    7.943284411759E-05    1.582990155297E+04    1.581571545278E+04   -1.005693551639E+03   -1.005932075748E+03   -7.573697119860E+00   -7.575636349482E+00    1.086990234696E+04   -8.476574226294E+02   -5.590743649503E+00
    8.413953589964E-05    1.485828815281E+04    1.484426692117E+04   -9.425645085255E+02   -9.427943006718E+02   -7.290039176016E+00   -7.291651632954E+00    1.020216206487E+04   -7.944351093870E+02   -5.402252383400E+00
    8.912511669514E-05    1.394636347035E+04    1.393250521815E+04   -8.834035775353E+02   -8.836119354860E+02   -7.012862680632E+00   -7.014162270498E+00    9.575461121877E+03   -7.445529661008E+02   -5.215989111822E+00
    9.440611171657E-05    1.309046018269E+04    1.307676304270E+04   -8.279380979210E+02   -8.278114769053E+02   -6.742426008323E+00   -6.743426235957E+00    8.987277140524E+03   -6.977944168362E+02   -5.032378056530E+00
    1.000000253568E-04    1.228713628126E+04    1.227359840793E+04   -7.759473216222E+02   -7.758278826331E+02   -6.478932680006E+00   -6.479646657245E+00    8.435242763322E+03   -6.537258922742E+02   -4.851764331020E+00
    1.059253992091E-04    1.153316122988E+04    1.151978079908E+04   -7.272155870765E+02   -7.273994847996E+02   -6.222536105044E+00   -6.222976551613E+00    7.917136126471E+03   -6.126562481181E+02   -4.674499754595E+00
    1.122018735254E-04    1.082550297311E+04    1.081227818188E+04   -6.815384228584E+02   -6.816629272787E+02   -5.973328266501E+00   -5.973507537652E+00    7.430871918907E+03   -5.741617708444E+02   -4.500825755807E+00
    1.188502523153E-04    1.016131574263E+04    1.014824480900E+04   -6.387246908489E+02   -6.388421360570E+02   -5.731421018561E+00   -5.731351095143E+00    6.974492990741E+03   -5.382894593135E+02   -4.330960956762E+00
    1.258925723037E-04    9.537928612776E+03    9.525009775483E+03   -5.985951892791E+02   -5.987559317643E+02   -5.496831370011E+00   -5.496523868473E+00    6.546162477338E+03   -5.044620614412E+02   -4.165084436497E+00
    1.333521759735E-04    8.952834758978E+03    8.940066277274E+03   -5.609819272018E+02   -5.611197505032E+02   -5.269543770642E+00   -5.269009939885E+00    6.144156407350E+03   -4.727547453594E+02   -4.003326442345E+00
    1.412537889366E-04    8.403681376181E+03    8.391061529600E+03   -5.257273952941E+02   -5.258733951937E+02   -5.049571104062E+00   -5.048821871830E+00    5.766856764973E+03   -4.430252426043E+02   -3.845825644279E+00
    1.496236018893E-04    7.888260216508E+03    7.875787304654E+03   -4.924907098337E+02   -4.928201213475E+02   -4.836864931210E+00   -4.835910856765E+00    5.412744978504E+03   -4.151713336093E+02   -3.692663197186E+00
    1.584893574245E-04    7.404498708237E+03    7.392171050563E+03   -4.615289189857E+02   -4.618422499061E+02   -4.631307933149E+00   -4.630159296733E+00    5.080395809031E+03   -3.890647793873E+02   -3.543853413366E+00
    1.678804419868E-04    6.950451620338E+03    6.938267555938E+03   -4.326851173913E+02   -4.328073536926E+02   -4.432872188212E+00   -4.431538831872E+00    4.768471614646E+03   -3.645961951114E+02   -3.399482300751E+00
    1.778279832772E-04    6.524293239081E+03    6.512251126480E+03   -4.054783409638E+02   -4.055938099386E+02   -4.241432858339E+00   -4.239924370399E+00    4.475716967118E+03   -3.416719586159E+02   -3.259543257856E+00
    1.883649534286E-04    6.124310025245E+03    6.112408242192E+03   -3.799786941335E+02   -3.800901939961E+02   -4.056874608955E+00   -4.055200260888E+00    4.200953599375E+03   -3.201777387059E+02   -3.124032778413E+00
    1.995262782958E-04    5.748893722413E+03    5.737130665682E+03   -3.560694878692E+02   -3.561842394708E+02   -3.879070358081E+00   -3.877239111322E+00    3.943075663461E+03   -3.000325257682E+02   -2.992931476478E+00
    2.113489532207E-04    5.396534888640E+03    5.384908973828E+03   -3.336700702664E+02   -3.337783696967E+02   -3.707883116252E+00   -3.705903628825E+00    3.701045279888E+03   -2.811517993684E+02   -2.866206017662E+00
    2.238721656565E-04    5.065816825495E+03    5.054326486826E+03   -3.126766591506E+02   -3.127795309806E+02   -3.543167646666E+00   -3.541048279703E+00    3.473888360489E+03   -2.634563257111E+02   -2.743810874224E+00
    2.371374250594E-04    4.755409880053E+03    4.744053570186E+03   -2.930011570663E+02   -2.930968635341E+02   -3.384771958964E+00   -3.382520783098E+00    3.260690687961E+03   -2.468718275004E+02   -2.625689917828E+00
    2.511887004750E-04    4.464066096942E+03    4.452842286781E+03   -2.745686332572E+02   -2.746505408209E+02   -3.232538654413E+00   -3.230163456064E+00    3.060594236324E+03   -2.313286743885E+02   -2.511757026329E+00
    2.660725662789E-04    4.190614198930E+03    4.179521377438E+03   -2.572862002210E+02   -2.573622200823E+02   -3.086289933111E+00   -3.083798204899E+00    2.872793717494E+03   -2.167639614788E+02   -2.401987311790E+00
    2.818383565518E-04    3.933954875880E+03    3.922991549894E+03   -2.410890782679E+02   -2.411591058485E+02   -2.945894334860E+00   -2.943293334942E+00    2.696533340077E+03   -2.031112022393E+02   -2.296267790976E+00
    2.985383286022E-04    3.693056363119E+03    3.682221057171E+03   -2.259092096178E+02   -2.259735813284E+02   -2.811174042820E+00   -2.808470795348E+00    2.531103767348E+03   -1.903164907861E+02   -2.194524116933E+00
    3.162278361789E-04    3.466950291456E+03    3.456241547596E+03   -2.116828645734E+02   -2.117416934619E+02   -2.681949126541E+00   -2.679150264546E+00    2.375839262162E+03   -1.783255287672E+02   -2.096636071402E+00
    3.349655129464E-04    3.254727792145E+03    3.244144169766E+03   -1.983502327853E+02   -1.984036309331E+02   -2.558035823487E+00   -2.555147798385E+00    2.230115007330E+03   -1.670879126013E+02   -2.002555963371E+00
    3.548134668321E-04    3.055535841146E+03    3.045075916815E+03   -1.858552706327E+02   -1.859033490654E+02   -2.439307580718E+00   -2.436336612823E+00    2.093344590659E+03   -1.565562346793E+02   -1.912165641063E+00
    3.758374858894E-04    2.868573827980E+03    2.858236195272E+03   -1.741470418095E+02   -1.741883114678E+02   -2.325574965837E+00   -2.322527021956E+00    1.964977644554E+03   -1.466865267410E+02   -1.825366160561E+00
    3.981072563587E-04    2.693090335375E+03    2.682873604705E+03   -1.631734963418E+02   -1.632094756977E+02   -2.216671479774E+00   -2.213552288491E+00    1.844497630672E+03   -1.374371104116E+02   -1.742056910402E+00
    4.216965936497E-04    2.528380116761E+03    2.518282915227E+03   -1.528888274662E+02   -1.529202642129E+02   -2.112432331683E+00   -2.109247389072E+00    1.731419760720E+03   -1.287690691772E+02   -1.662136176964E+00
    4.466836870101E-04    2.373781259453E+03    2.363802230679E+03   -1.432510313163E+02   -1.432776122743E+02   -2.012694843574E+00   -2.009449418798E+00    1.625289045035E+03   -1.206459239674E+02   -1.585501647694E+00
    4.731513586915E-04    2.228672522127E+03    2.218810326106E+03   -1.342191233790E+02   -1.342409364138E+02   -1.917298798656E+00   -1.913997939458E+00    1.525678461087E+03   -1.130336057403E+02   -1.512050856443E+00
    5.011873384724E-04    2.092470835865E+03    2.082724148811E+03   -1.257549449247E+02   -1.257722560951E+02   -1.826086740794E+00   -1.822735278900E+00    1.432187234534E+03   -1.058998100901E+02   -1.441681578054E+00
    5.308845544473E-04    1.964628958734E+03    1.954996472936E+03   -1.178231336778E+02   -1.178359084544E+02   -1.738880092579E+00   -1.735503640053E+00    1.344439225929E+03   -9.921462057631E+01   -1.374270079892E+00
    5.623414410462E-04    1.844633274460E+03    1.835113698136E+03   -1.103901212994E+02   -1.103984869926E+02   -1.655577366059E+00   -1.652138332629E+00    1.262081416562E+03   -9.295025945690E+01   -1.309763240818E+00
    5.956622653057E-04    1.732001726349E+03    1.722593783509E+03   -1.034246400146E+02   -1.034286650853E+02   -1.576008034094E+00   -1.572531695707E+00    1.184782487364E+03   -8.707917926050E+01   -1.248034220483E+00
    6.309574724727E-04    1.626281878144E+03    1.616984308453E+03   -9.689731493384E+01   -9.689711395266E+01   -1.500022217941E+00   -1.496512537004E+00    1.112231485150E+03   -8.157779083214E+01   -1.188986262979E+00
    6.683440520859E-04    1.527049094017E+03    1.517860652662E+03   -9.078076267786E+01   -9.077630806466E+01   -1.427481803461E+00   -1.423942613000E+00    1.044136570827E+03   -7.642251857265E+01   -1.132522815928E+00
    7.079459257502E-04    1.433904830386E+03    1.424824287947E+03   -8.504893576581E+01   -8.504045910731E+01   -1.358249987784E+00   -1.354684934575E+00    9.802238445393E+02   -7.159161567946E+01   -1.078549064212E+00
    7.498943578865E-04    1.346475032675E+03    1.337501175001E+03   -7.967779508672E+01   -7.966539530347E+01   -1.292193762679E+00   -1.288606312301E+00    9.202362430150E+02   -6.706472852867E+01   -1.026972076795E+00
    7.943283908219E-04    1.264408630581E+03    1.255540258670E+03   -7.464466299840E+01   -7.462846026063E+01   -1.229183959474E+00   -1.225577401271E+00    8.639325046842E+02   -6.282274985012E+01   -9.777009286109E-01
    8.413953056587E-04    1.187376125789E+03    1.178612055668E+03   -6.992837109279E+01   -6.990841813856E+01   -1.169095275195E+00   -1.165472727142E+00    8.110861983981E+02   -5.884778079792E+01   -9.306468012916E-01
    8.912511104532E-04    1.115068266457E+03    1.106407329074E+03   -6.550895024274E+01   -6.548536474134E+01   -1.111806281501E+00   -1.108170694996E+00    7.614848118437E+02   -5.512304518151E+01   -8.857230643389E-01
    9.440610573198E-04    1.047194803147E+03    1.038635844257E+03   -6.136774607637E+01   -6.134064416462E+01   -1.057179344823E+00   -1.053533484485E+00    7.149288959852E+02   -5.163281917829E+01   -8.428453382749E-01
    1.000000190176E-03    9.834833211827E+02    9.750252012454E+02   -5.748730734925E+01   -5.745674807144E+01   -1.005142194731E+00   -1.001488718000E+00    6.712312620873E+02   -4.836234416366E+01   -8.019315425328E-01
    1.059253924943E-03    9.236781447552E+02    9.153197388355E+02   -5.385124511624E+01   -5.381733421144E+01   -9.557277875357E-01   -9.520636032333E-01    6.302162280915E+02   -4.529785140779E+01   -7.630398941767E-01
    1.122018664127E-03    8.675393083610E+02    8.592795060319E+02   -5.044418828144E+01   -5.040701778312E+01   -9.083407951126E-01   -9.046794160725E-01    5.917189113107E+02   -4.242637231114E+01   -7.256673228920E-01
    1.188502447811E-03    8.148415914341E+02    8.066792966857E+02   -4.725174097744E+01   -4.721140572765E+01   -8.633643918731E-01   -8.597023843573E-01    5.555845645958E+02   -3.973607563765E+01   -6.901772671737E-01
    1.258925643231E-03    7.653736122926E+02    7.573077434458E+02   -4.426041076466E+01   -4.421699750997E+01   -8.205390789525E-01   -8.168784937931E-01    5.216679533031E+02   -3.721468320392E+01   -6.563461527310E-01
    1.333521675200E-03    7.189369777565E+02    7.109664673807E+02   -4.145755203935E+01   -4.141114964660E+01   -7.797697573419E-01   -7.761125094517E-01    4.898327705551E+02   -3.485244351073E+01   -6.241036995980E-01
    1.412537799822E-03    6.753454850128E+02    6.674692798492E+02   -3.883131298014E+01   -3.878200948000E+01   -7.409648464344E-01   -7.373127191498E-01    4.599510884404E+02   -3.263906669621E+01   -5.933819585885E-01
    1.496235924044E-03    6.344243725215E+02    6.266414334111E+02   -3.637058581284E+01   -3.631846840477E+01   -7.040362110025E-01   -7.003908603637E-01    4.319028429456E+02   -3.056518942390E+01   -5.641152904707E-01
    1.584893473776E-03    5.960096169474E+02    5.883189187643E+02   -3.406496018483E+01   -3.401011524311E+01   -6.688990836296E-01   -6.652620425901E-01    4.055753505441E+02   -2.862203869043E+01   -5.362403387118E-01
    1.678804313446E-03    5.599472732904E+02    5.523478048804E+02   -3.190495207366E+01   -3.184719253734E+01   -6.354719841240E-01   -6.318446666970E-01    3.808628544983E+02   -2.680139190684E+01   -5.096959972475E-01
    1.778279720043E-03    5.260928555605E+02    5.185836196857E+02   -2.988059972354E+01   -2.982055557634E+01   -6.036766363559E-01   -6.000603416690E-01    3.576660990469E+02   -2.509552150339E+01   -4.844233737904E-01
    1.883649414877E-03    4.943107555062E+02    4.868907687947E+02   -2.798412987336E+01   -2.792161275541E+01   -5.734378827440E-01   -5.698337990422E-01    3.358919297659E+02   -2.349724984817E+01   -4.603657490309E-01
    1.995262656475E-03    4.644736970586E+02    4.571419899603E+02   -2.620728458122E+01   -2.614237587719E+01   -5.446835975851E-01   -5.410928061650E-01    3.154529184925E+02   -2.199978575219E+01   -4.374685328624E-01
    2.113489398229E-03    4.364622242959E+02    4.292178410446E+02   -2.454251142118E+01   -2.447563854917E+01   -5.174243114174E-01   -5.138446449466E-01    2.962670113034E+02   -2.059678628643E+01   -4.157452242977E-01
    2.238721514648E-03    4.101642208700E+02    4.030062194520E+02   -2.298275774999E+01   -2.291331489072E+01   -4.913502498596E-01   -4.877888869223E-01    2.782571981310E+02   -1.928230713782E+01   -3.949433366261E-01
    2.371374100268E-03    3.854744589617E+02    3.784019110902E+02   -2.152141306935E+01   -2.144982529358E+01   -4.666460458962E-01   -4.631006099662E-01    2.613512026861E+02   -1.805077760191E+01   -3.752207699036E-01
    2.511886845517E-03    3.622941759493E+02    3.553061670467E+02   -2.015228232469E+01   -2.007863018552E+01   -4.431662878453E-01   -4.396374722644E-01    2.454811914405E+02   -1.689720808538E+01   -3.564605152875E-01
    2.660725494121E-03    3.405306770895E+02    3.336263062761E+02   -1.886955983930E+01   -1.879392260950E+01   -4.208527052444E-01   -4.173411147989E-01    2.305835004977E+02   -1.581617252340E+01   -3.386179071851E-01
    2.818383386855E-03    3.200969626109E+02    3.132753427013E+02   -1.766780488070E+01   -1.759026121362E+01   -3.996495270713E-01   -3.961556816751E-01    2.165983792517E+02   -1.480330079569E+01   -3.216501007322E-01
    2.985383096773E-03    3.009113777210E+02    2.941716352276E+02   -1.654191875729E+01   -1.646254669610E+01   -3.795033969064E-01   -3.760277352333E-01    2.034697498024E+02   -1.385454494520E+01   -3.055160187322E-01
    3.162278161326E-03    2.828972841182E+02    2.762385592635E+02   -1.548712334875E+01   -1.540600033667E+01   -3.603632889067E-01   -3.569061719714E-01    1.911449811596E+02   -1.296569707095E+01   -2.901762980981E-01
    3.349654917123E-03    2.659827516881E+02    2.594041984250E+02   -1.449891953458E+01   -1.441612305732E+01   -3.421804251699E-01   -3.387421398555E-01    1.795746773261E+02   -1.213302787489E+01   -2.755932363539E-01
    3.548134443398E-03    2.501002691433E+02    2.436010551838E+02   -1.357336942155E+01   -1.348876120454E+01   -3.249081945630E-01   -3.214889571040E-01    1.687124784072E+02   -1.135297898775E+01   -2.617307383422E-01
    3.758374620643E-03    2.351864724438E+02    2.287657792970E+02   -1.270587576825E+01   -1.261995974130E+01   -3.085020728362E-01   -3.051020322430E-01    1.585148739455E+02   -1.062223711263E+01   -2.485542630479E-01
    3.981072311218E-03    2.211818899033E+02    2.148389129230E+02   -1.189339664116E+01   -1.180603326409E+01   -2.929195446198E-01   -2.895387860667E-01    1.489410277302E+02   -9.937697393576E+00   -2.360307710975E-01
    4.216965669175E-03    2.080307029588E+02    2.017646514009E+02   -1.113226413367E+01   -1.104352817655E+01   -2.781554711597E-01   -2.747585751305E-01    1.399526133751E+02   -9.296450319399E+00   -2.241629898136E-01
    4.466836586940E-03    1.956805216392E+02    1.894906187294E+02   -1.041924242420E+01   -1.032944609802E+01   -2.640647598140E-01   -2.607225935357E-01    1.315136600042E+02   -8.695769448629E+00   -2.128177730059E-01
    4.731513286975E-03    1.840821738307E+02    1.779676568431E+02   -9.751299263425E+00   -9.660203395274E+00   -2.507169478487E-01   -2.473939662391E-01    1.235904074221E+02   -8.133099904025E+00   -2.020692961776E-01
    5.011873067012E-03    1.731895074906E+02    1.671496278377E+02   -9.125593180046E+00   -9.033184423863E+00   -2.380412278321E-01   -2.347372947159E-01    1.161511701882E+02   -7.606047588621E+00   -1.918556097281E-01
    5.308845207934E-03    1.629592050145E+02    1.569932283490E+02   -8.539461488612E+00   -8.445974489295E+00   -2.260040282461E-01   -2.227189597920E-01    1.091662100463E+02   -7.112369077912E+00   -1.821504257314E-01
    5.623414053982E-03    1.533506090098E+02    1.474578153391E+02   -7.990409049583E+00   -7.895895190555E+00   -2.145733540113E-01   -2.113069219702E-01    1.026076161963E+02   -6.650091180316E+00   -1.729286569055E-01
    5.956622275455E-03    1.443255587742E+02    1.385052425882E+02   -7.476077033077E+00   -7.380651142418E+00   -2.037187222413E-01   -2.004706571635E-01    9.644919292529E+01   -6.216931577786E+00   -1.641663707994E-01
    6.309574324750E-03    1.358482368227E+02    1.300997072347E+02   -6.994317264446E+00   -6.898028690410E+00   -1.934110997185E-01   -1.901810941519E-01    9.066635414718E+01   -5.811190494808E+00   -1.558407449070E-01
    6.683440097183E-03    1.278850248440E+02    1.222076057470E+02   -6.543054428227E+00   -6.445974426625E+00   -1.836228423906E-01   -1.804105540659E-01    8.523602442530E+01   -5.431268364483E+00   -1.479300229830E-01
    7.079458808720E-03    1.204043685086E+02    1.147973987464E+02   -6.120364630464E+00   -6.022564171803E+00   -1.743276368058E-01   -1.711326918100E-01    8.013654607951E+01   -5.075451325012E+00   -1.404134725263E-01
    7.498943103492E-03    1.133766505833E+02    1.078394841376E+02   -5.724582360510E+00   -5.625994847831E+00   -1.655004433761E-01   -1.623224393149E-01    7.534759200401E+01   -4.742220599976E+00   -1.332713433591E-01
    7.943283404678E-03    1.067740718432E+02    1.013060780382E+02   -5.353607255363E+00   -5.254576860200E+00   -1.571438065237E-01   -1.539816023346E-01    7.085008384565E+01   -4.430153023128E+00   -1.265068403665E-01
    8.413952523210E-03    1.005705393005E+02    9.517110302471E+01   -5.006266554310E+00   -4.906726959177E+00   -1.491532222602E-01   -1.460077732764E-01    6.662611521162E+01   -4.137915020270E+00   -1.200360613064E-01
    8.912510539550E-03    9.474156130153E+01    8.941008324874E+01   -4.680940201059E+00   -4.580961549132E+00   -1.415919965968E-01   -1.384621405876E-01    6.265887959902E+01   -3.864256969184E+00   -1.139079607092E-01
    9.440609974739E-03    8.926414906979E+01    8.400004600003E+01   -4.376238159129E+00   -4.275873777187E+00   -1.344102632386E-01   -1.312955162227E-01    5.893260275544E+01   -3.607986789073E+00   -1.080843020650E-01
    1.000000126784E-02    8.411672429949E+01    7.891942932073E+01   -4.090837638941E+00   -3.990195924763E+00   -1.275885722728E-01   -1.244884376703E-01    5.543247919853E+01   -3.368050950245E+00   -1.025496717640E-01
    1.059253857795E-02    7.927903242687E+01    7.414799529906E+01   -3.823559934709E+00   -3.722688651898E+00   -1.211084445565E-01   -1.180224164888E-01    5.214461263867E+01   -3.143402037119E+00   -9.728941386731E-02
    1.122018593000E-02    7.473206123160E+01    6.966674869398E+01   -3.573239493635E+00   -3.472208154941E+00   -1.149523278256E-01   -1.118798944482E-01    4.905596006553E+01   -2.933069815162E+00   -9.228774006725E-02
    1.188502372469E-02    7.045796444069E+01    6.545786056368E+01   -3.338804494991E+00   -3.237682622528E+00   -1.091035543936E-01   -1.060442013220E-01    4.615427927313E+01   -2.736154760750E+00   -8.753525623515E-02
    1.258925563425E-02    6.643999002613E+01    6.150459658952E+01   -3.119250552457E+00   -3.018107704305E+00   -1.035463004966E-01   -1.004995142722E-01    4.342807961167E+01   -2.551810912118E+00   -8.301739063079E-02
    1.333521590666E-02    6.266241291019E+01    5.779124980887E+01   -2.913636467043E+00   -2.812542265042E+00   -9.826554714371E-02   -9.523081878431E-02    4.086657576887E+01   -2.379245552417E+00   -7.872220015572E-02
    1.412537710278E-02    5.911047180656E+01    5.430307748537E+01   -2.721082278083E+00   -2.620104406748E+00   -9.324704248576E-02   -9.022387112565E-02    3.845964439437E+01   -2.217715855220E+00   -7.463834561181E-02
    1.496235829195E-02    5.577030994364E+01    5.102624186299E+01   -2.540737134073E+00   -2.439946969241E+00   -8.847726557342E-02   -8.546516220988E-02    3.619778339254E+01   -2.066505569293E+00   -7.075506410226E-02
    1.584893373306E-02    5.262891943119E+01    4.794775456542E+01   -2.371870722169E+00   -2.271338661431E+00   -8.394339162005E-02   -8.094188296558E-02    3.407207371994E+01   -1.925004225543E+00   -6.706214250940E-02
    1.678804207023E-02    4.967408904879E+01    4.505542441837E+01   -2.213735151264E+00   -2.113531452902E+00   -7.963348448773E-02   -7.664212748605E-02    3.207414353456E+01   -1.792578862110E+00   -6.355012657242E-02
    1.778279607314E-02    4.689435524288E+01    4.233780848312E+01   -2.065650280471E+00   -1.965845408990E+00   -7.553556685428E-02   -7.255392027066E-02    3.019613455088E+01   -1.668656713908E+00   -6.020935994613E-02
    1.883649295469E-02    4.427895613778E+01    3.978416610596E+01   -1.926978740103E+00   -1.827632262473E+00   -7.163891904256E-02   -6.866658160222E-02    2.843067046686E+01   -1.552701054760E+00   -5.703135507032E-02
    1.995262529991E-02    4.181778837580E+01    3.738441579850E+01   -1.797123240937E+00   -1.698318619881E+00   -6.793318209958E-02   -6.496978516169E-02    2.677082733548E+01   -1.444208929499E+00   -5.400785372802E-02
    2.113489264250E-02    3.950136661269E+01    3.512909477560E+01   -1.675524054401E+00   -1.577332364298E+00   -6.440853830004E-02   -6.145375058097E-02    2.521010576167E+01   -1.342699030380E+00   -5.113102844766E-02
    2.238721372731E-02    3.732078550561E+01    3.300932098814E+01   -1.561656652721E+00   -1.464149383038E+00   -6.105446389708E-02   -5.810921659561E-02    2.374240481281E+01   -1.247750750013E+00   -4.839346160045E-02
    2.371373949942E-02    3.526768404121E+01    3.101675749828E+01   -1.455029499207E+00   -1.358278584351E+00   -5.786468200447E-02   -5.492741544931E-02    2.236199753782E+01   -1.158939055118E+00   -4.578812543876E-02
    2.511886686283E-02    3.333421206283E+01    2.914357905500E+01   -1.355162304873E+00   -1.259259826898E+00   -5.482951585388E-02   -5.190004818779E-02    2.106350799772E+01   -1.075876152667E+00   -4.330836273347E-02
    2.660725325452E-02    3.151299885710E+01    2.738244073336E+01   -1.261664429875E+00   -1.166661981664E+00   -5.194105351129E-02   -4.901827588422E-02    1.984188971262E+01   -9.981986626194E-01   -4.094786842129E-02
    2.818383208192E-02    2.979712368000E+01    2.572644851421E+01   -1.174119697129E+00   -1.080081117351E+00   -4.919179980569E-02   -4.627671845579E-02    1.869240544154E+01   -9.255660867304E-01   -3.870067190706E-02
    2.985382907523E-02    2.818008810146E+01    2.416913168502E+01   -1.092109025538E+00   -9.991179481718E-01   -4.657465451044E-02   -4.366727607135E-02    1.761060821242E+01   -8.576593749755E-01   -3.656112012524E-02
    3.162277960863E-02    2.665579005827E+01    2.270441695128E+01   -1.015329548077E+00   -9.234614333417E-01   -4.408330319448E-02   -4.118374198643E-02    1.659232352654E+01   -7.941795837484E-01   -3.452355475095E-02
    3.349654704782E-02    2.521849951142E+01    2.132660415467E+01   -9.434265910327E-01   -8.527567148354E-01   -4.170967853840E-02   -3.881892496780E-02    1.563363266593E+01   -7.348466199465E-01   -3.258356135358E-02
    3.548134218475E-02    2.386283561229E+01    2.003034350094E+01   -8.760884838928E-01   -7.866927204180E-01   -3.944995196800E-02   -3.656734190415E-02    1.473085703738E+01   -6.793980655598E-01   -3.073599351254E-02
    3.758374382392E-02    2.258374528466E+01    1.881061420587E+01   -8.130232592527E-01   -7.249780975384E-01   -3.729747172814E-02   -3.442337582748E-02    1.388054348978E+01   -6.275880772741E-01   -2.897631476259E-02
    3.981072058850E-02    2.137648313723E+01    1.766270447361E+01   -7.539574373389E-01   -6.673399920083E-01   -3.524681914708E-02   -3.238171778390E-02    1.307945054593E+01   -5.791863571654E-01   -2.730023176757E-02
    4.216965401853E-02    2.023659262929E+01    1.658219272796E+01   -6.986348896359E-01   -6.135229047533E-01   -3.329285842475E-02   -3.043673027257E-02    1.232453549474E+01   -5.339771894541E-01   -2.570368151972E-02
    4.466836303778E-02    1.915988841317E+01    1.556493002083E+01   -6.468157770751E-01   -5.632876215115E-01   -3.143072106849E-02   -2.858497297691E-02    1.161294229170E+01   -4.917585391274E-01   -2.418281921534E-02
    4.731512987035E-02    1.814243978444E+01    1.460702354771E+01   -5.982755583500E-01   -5.164102110275E-01   -2.965579111694E-02   -2.682128607378E-02    1.094199021948E+01   -4.523412087017E-01   -2.273400673970E-02
    5.011872749299E-02    1.718055517401E+01    1.370482120418E+01   -5.528040645995E-01   -4.726810874925E-01   -2.796369119199E-02   -2.514144236093E-02    1.030916326351E+01   -4.155480496940E-01   -2.135380174639E-02
    5.308844871396E-02    1.627076762505E+01    1.285489712137E+01   -5.102046345490E-01   -4.319041325254E-01   -2.635026920157E-02   -2.354145142688E-02    9.712100161204E+00   -3.812132244855E-01   -2.003894731950E-02
    5.623413697503E-02    1.540982119158E+01    1.205403812285E+01   -4.702933092808E-01   -3.938958734405E-01   -2.481158589978E-02   -2.201754775366E-02    9.148585083629E+00   -3.491815165599E-01   -1.878598792279E-02
    5.956621897853E-02    1.459465821248E+01    1.129923104844E+01   -4.328980808157E-01   -3.584847133846E-01   -2.334390324258E-02   -2.056617958645E-02    8.616538914533E+00   -3.193076850050E-01   -1.759279569154E-02
    6.309573924774E-02    1.382240740974E+01    1.058765089419E+01   -3.978581923157E-01   -3.255102103362E-01   -2.194367342694E-02   -1.918399850876E-02    8.114011091632E+00   -2.914558610115E-01   -1.645619836781E-02
    6.683439673506E-02    1.309037276594E+01    9.916649720794E+00   -3.650234864252E-01   -2.948224011810E-01   -2.060713556031E-02   -1.786784974937E-02    7.639171978147E+00   -2.654989832835E-01   -1.537358906509E-02
    7.079458359939E-02    1.239602313956E+01    9.283746285781E+00   -3.342537992414E-01   -2.662811678883E-01   -1.933193648457E-02   -1.661476317106E-02    7.190305734758E+00   -2.413182700423E-01   -1.434250315754E-02
    7.498942628119E-02    1.173698258009E+01    8.686616357385E+00   -3.054128822197E-01   -2.397556423767E-01   -1.811458597017E-02   -1.542194486367E-02    6.765803664158E+00   -2.187987527221E-01   -1.336061127383E-02
    7.943282901137E-02    1.111102130784E+01    8.123083669596E+00   -2.783909915058E-01   -2.151236479615E-01   -1.695220350066E-02   -1.428676960188E-02    6.364158001931E+00   -1.978452209216E-01   -1.242571285783E-02
    8.413951989832E-02    1.051604732513E+01    7.591111484356E+00   -2.530680663771E-01   -1.922711729715E-01   -1.584205576908E-02   -1.320650251983E-02    5.983956130424E+00   -1.783563600663E-01   -1.153573021270E-02
    8.912509974568E-02    9.950098632211E+00    7.088794722302E+00   -2.293386779602E-01   -1.710918750933E-01   -1.478127743124E-02   -1.217941870687E-02    5.623875192544E+00   -1.602418747493E-01   -1.068870307238E-02
    9.440609376280E-02    9.411336020373E+00    6.614352630580E+00   -2.071013365027E-01   -1.514866131479E-01   -1.376802668312E-02   -1.120304268439E-02    5.282677084932E+00   -1.434175740359E-01   -9.882783674022E-03
    1.000000063392E-01    8.898036419359E+00    6.166121955791E+00   -1.862740415998E-01   -1.333630037219E-01   -1.279937102674E-02   -1.027535915126E-02    4.959203811072E+00   -1.278050145530E-01   -9.116048378134E-03
    1.059253790647E-01    8.408586778932E+00    5.742550592707E+00   -1.667660164219E-01   -1.166330506353E-01   -1.187373542123E-02   -9.394491748988E-03    4.652373176806E+00   -1.133311647585E-01   -8.387260428075E-03
    1.122018521873E-01    7.941478464762E+00    5.342191675478E+00   -1.485069388962E-01   -1.012211346457E-01   -1.098837553714E-02   -8.558698621454E-03    4.361174809287E+00   -9.992808898028E-02   -7.694667110338E-03
    1.188502297128E-01    7.495302155350E+00    4.963698089439E+00   -1.314142684956E-01   -8.705009009401E-02   -1.014237687385E-02   -7.766234615135E-03    4.084666486667E+00   -8.753264900986E-02   -7.036831188005E-03
    1.258925483619E-01    7.068743227264E+00    4.605817372025E+00   -1.154281923238E-01   -7.404984005640E-02   -9.332789145397E-03   -7.015925077840E-03    3.821970762372E+00   -7.608500342947E-02   -6.412410303953E-03
    1.333521506131E-01    6.660577610333E+00    4.267386973849E+00   -1.004909681246E-01   -6.215869175383E-02   -8.558066670799E-03   -6.306128163192E-03    3.572271867121E+00   -6.553365482709E-02   -5.820052696490E-03
    1.412537620735E-01    6.269668126342E+00    3.947329853468E+00   -8.654470743619E-02   -5.131306149099E-02   -7.816823548429E-03   -5.635792203637E-03    3.334812882374E+00   -5.582574883284E-02   -5.258838145086E-03
    1.496235734345E-01    5.894961265450E+00    3.644650380731E+00   -7.354400578780E-02   -4.145655361956E-02   -7.107675854350E-03   -5.004006586035E-03    3.108893161403E+00   -4.691673346437E-02   -4.727488186999E-03
    1.584893272837E-01    5.535484422180E+00    3.358430502258E+00   -6.144159199085E-02   -3.254017213925E-02   -6.429418146556E-03   -4.409036513543E-03    2.893865987067E+00   -3.876226021690E-02   -4.223515676879E-03
    1.678804100600E-01    5.190343587841E+00    3.087826162434E+00   -5.020048193218E-02   -2.451323221693E-02   -5.780746177381E-03   -3.850457622898E-03    2.689136461992E+00   -3.132099098366E-02   -3.751023990256E-03
    1.778279494585E-01    4.858721474021E+00    2.832063923383E+00   -3.978365878944E-02   -1.733095854671E-02   -5.160506376374E-03   -3.327395633717E-03    2.494159602294E+00   -2.455717556235E-02   -3.303994540178E-03
    1.883649176061E-01    4.539876071682E+00    2.590437754403E+00   -3.016189822928E-02   -1.095050106147E-02   -4.568039938316E-03   -2.839220303953E-03    2.308438624722E+00   -1.843709061058E-02   -2.883436124490E-03
    1.995262403507E-01    4.233139633874E+00    2.362305946413E+00   -2.130736543311E-02   -5.331422817846E-03   -4.002514702515E-03   -2.385212316117E-03    2.131523406770E+00   -1.292932436702E-02   -2.488760353741E-03
    2.113489130272E-01    3.937918068127E+00    2.147088102824E+00   -1.319806382664E-02   -4.353145241610E-04   -3.463302974985E-03   -1.964952394942E-03    1.963009097263E+00   -8.004725853582E-03   -2.119468875932E-03
    2.238721230814E-01    3.653690718923E+00    1.944262151930E+00   -5.813987918097E-03    3.774271128135E-03   -2.950176253713E-03   -1.577908397788E-03    1.802534851025E+00   -3.636221708749E-03   -1.774987819305E-03
    2.371373799615E-01    3.380010511759E+00    1.753361318028E+00    8.602476376009E-04    7.332857078500E-03   -2.462882472646E-03   -1.223762882596E-03    1.649782655817E+00    2.014628161224E-04   -1.455012177848E-03
    2.511886527050E-01    3.116504418603E+00    1.573970979565E+00    6.837611910678E-03    1.027501827230E-02   -2.001443918849E-03   -9.021274405897E-04    1.504476213129E+00    3.531801179013E-03   -1.159149592270E-03
    2.660725156783E-01    2.862874188731E+00    1.405725332391E+00    1.212900734580E-02    1.263458118647E-02   -1.566056470862E-03   -6.127378476897E-04    1.366379826172E+00    6.377330130312E-03   -8.872087902123E-04
    2.818383029529E-01    2.618897267820E+00    1.248303764819E+00    1.674231499113E-02    1.444519962789E-02   -1.157262468876E-03   -3.552717054886E-04    1.235297238229E+00    8.759567137406E-03   -6.389609371446E-04
    2.985382718274E-01    2.384427801819E+00    1.101426839047E+00    2.068467588786E-02    1.574161127223E-02   -7.756908483578E-04   -1.294387274109E-04    1.111070352522E+00    1.069901070721E-02   -4.143119320023E-04
    3.162277760400E-01    2.159397586911E+00    9.648517607760E-01    2.396119399913E-02    1.655867976052E-02   -4.222981450348E-04    6.511529793727E-05    9.935777500707E-01    1.221656359514E-02   -2.131547361860E-04
    3.349654492440E-01    1.943816784752E+00    8.383672065842E-01    2.657823396339E-02    1.693279065909E-02   -9.823215124038E-05    2.288086840753E-04    8.827329054032E-01    1.333268226213E-02   -3.544958459035E-05
    3.548133993551E-01    1.737774166920E+00    7.217873679179E-01    2.854157536101E-02    1.690205582007E-02    1.951222494691E-04    3.621994008535E-04    7.784819802739E-01    1.406857299258E-02    1.188362078687E-04
    3.758374144141E-01    1.541436587145E+00    6.149450629194E-01    2.985914902335E-02    1.650672824329E-02    4.562013215684E-04    4.659967778589E-04    6.808010539300E-01    1.444645898223E-02    2.497529317922E-04
    3.981071806482E-01    1.355047297384E+00    5.176837661673E-01    3.054183574857E-02    1.578956842842E-02    6.832694097155E-04    5.411431872275E-04    5.896926243469E-01    1.449006892852E-02    3.574042682253E-04
    4.216965134532E-01    1.178922625958E+00    4.298484143496E-01    3.060488194685E-02    1.479613239711E-02    8.744859506079E-04    5.888354960954E-04    5.051811895474E-01    1.422514865692E-02    4.419454006448E-04
    4.466836020616E-01    1.013446417340E+00    3.512748695459E-01    3.006951695128E-02    1.357470500481E-02    1.028012312164E-03    6.106047394895E-04    4.273076925413E-01    1.367974066372E-02    5.036817936525E-04
    4.731512687095E-01    8.590614932548E-01    2.817779674941E-01    2.896427971449E-02    1.217728626683E-02    1.142062526970E-03    6.084138620693E-04    3.561225896783E-01    1.288570443503E-02    5.430650941984E-04
    5.011872431586E-01    7.162572302245E-01    2.211381563138E-01    2.732904799984E-02    1.065783656495E-02    1.215090505702E-03    5.846490270657E-04    2.916772831239E-01    1.187765317574E-02    5.608260750697E-04
    5.308844534858E-01    5.855521590717E-01    1.690868562585E-01    2.521405631135E-02    9.072796190709E-03    1.246057449162E-03    5.422179280612E-04    2.340136489144E-01    1.069442209455E-02    5.579781771083E-04
    5.623413341023E-01    4.674702737296E-01    1.252908584783E-01    2.268424443455E-02    7.479883327003E-03    1.234559891537E-03    4.845622547879E-04    1.831513972579E-01    9.379079589865E-03    5.359441439741E-04
    5.956621520251E-01    3.625094964267E-01    8.933635954750E-02    1.982083827122E-02    5.936667073661E-03    1.181219246200E-03    4.157012250227E-04    1.390730339146E-01    7.979005375001E-03    4.966267961972E-04
    6.309573524797E-01    2.711004757072E-01    6.071362228968E-02    1.672317697165E-02    4.498537801321E-03    1.088149948289E-03    3.401271919296E-04    1.017062570181E-01    6.545661623752E-03    4.425423224218E-04
    6.683439249830E-01    1.935536174040E-01    3.880381143125E-02    1.350988055294E-02    3.215979135011E-03    9.592838514267E-04    2.627392091620E-04    7.090374796961E-02    5.133920112082E-03    3.768508719633E-04
    7.079457911159E-01    1.299919545768E-01    2.287031568389E-02    1.031879194853E-02    2.131080778468E-03    8.010184693112E-04    1.886240958152E-04    4.642050994682E-02    3.800760230979E-03    3.034761240706E-04
    7.498942152746E-01    8.026720309515E-02    1.205790535037E-02    7.304794368891E-03    1.273316122425E-03    6.227656149061E-04    1.227162823975E-04    2.788921459160E-02    2.603086838941E-03    2.271313825498E-04
    7.943282397597E-01    4.385614541984E-02    5.404454764681E-03    4.633943238907E-03    6.547823733546E-04    4.375641226634E-04    6.930328533303E-05    1.479446887802E-02    1.594283054210E-03    1.533118153722E-04
    8.413951456455E-01    1.973446028320E-02    1.871762763595E-03    2.471868675129E-03    2.654434370134E-04    2.623540195877E-04    3.130574880282E-05    6.447577998032E-03    8.191357556456E-04    8.810641668138E-05
    8.912509409587E-01    6.225537261450E-03    4.042998244831E-04    9.600645628166E-04    6.959630838092E-05    1.177628273602E-04    9.396353861482E-06    1.964362370931E-03    3.056355281808E-04    3.781061015906E-05
    9.440608777821E-01    8.236570069256E-04    2.749073525363E-05    1.708380592925E-04    6.253100638207E-06    2.588573843444E-05    1.030638351840E-06    2.501739187486E-04    5.209541423153E-05    7.924683935357E-06
