# Q1 =   100.0000 , Q2 =   500.0000
# x  F2Wp(LO) F2Wm(LO) F2Wp(NLO) F2Wm(NLO) F2Wp(NNLO) F2Wm(NNLO) F2Z(LO) F2Z(NLO) F2Z(NNLO)
    1.000000316960E-05    2.945353148002E+00    2.944944578027E+00    7.494278400032E-03    7.475344401939E-03   -3.997379639624E-04   -4.006584641864E-04    1.998518815099E+00    6.549811367225E-03   -3.332755053865E-04
    1.059254059240E-05    2.928489762606E+00    2.928061937703E+00    7.450119067052E-03    7.430394483262E-03   -4.038271814556E-04   -4.047798553090E-04    1.987067705528E+00    6.510654939177E-03   -3.368212842937E-04
    1.122018806381E-05    2.911725116947E+00    2.911277129699E+00    7.406156242303E-03    7.385609292468E-03   -4.078719238340E-04   -4.088578193898E-04    1.975683232378E+00    6.471651787304E-03   -3.403295289921E-04
    1.188502598494E-05    2.895058732294E+00    2.894589632526E+00    7.362386114329E-03    7.340983812398E-03   -4.118717220193E-04   -4.128919180829E-04    1.964365053500E+00    6.432797907414E-03   -3.437998582847E-04
    1.258925802843E-05    2.878490136620E+00    2.877998929380E+00    7.318804774800E-03    7.296512887574E-03   -4.158260880101E-04   -4.168816948672E-04    1.953112830476E+00    6.394089189972E-03   -3.472318752249E-04
    1.333521844269E-05    2.862018864735E+00    2.861504508188E+00    7.275408214213E-03    7.252191218740E-03   -4.197345145170E-04   -4.208266746937E-04    1.941926228678E+00    6.355521415906E-03   -3.506251668097E-04
    1.412537978909E-05    2.845644458435E+00    2.845105861649E+00    7.232192317429E-03    7.208013357227E-03   -4.235964746005E-04   -4.247263636333E-04    1.930804917325E+00    6.317090252273E-03   -3.539793036743E-04
    1.496236113743E-05    2.829366466649E+00    2.828802487288E+00    7.189152859054E-03    7.163973699160E-03   -4.274114213102E-04   -4.285802485267E-04    1.919748569544E+00    6.278791247796E-03   -3.572938397879E-04
    1.584893674715E-05    2.813184445602E+00    2.812593887498E+00    7.146285498666E-03    7.120066479478E-03   -4.311787873267E-04   -4.323877966371E-04    1.908756862432E+00    6.240619828272E-03   -3.605683121511E-04
    1.678804526291E-05    2.797097958978E+00    2.796479569601E+00    7.103585775858E-03    7.076285765785E-03   -4.348979846078E-04   -4.361484553054E-04    1.897829477127E+00    6.202571291835E-03   -3.638022404966E-04
    1.778279945500E-05    2.781106578101E+00    2.780459045897E+00    7.061049105129E-03    7.032625452016E-03   -4.385684040376E-04   -4.398616516098E-04    1.886966098876E+00    6.164640804089E-03   -3.669951269929E-04
    1.883649653694E-05    2.765209882110E+00    2.764531833726E+00    7.018670770576E-03    6.989079251925E-03   -4.421894150825E-04   -4.435267920301E-04    1.876166417112E+00    6.126823393089E-03   -3.701464559514E-04
    1.995262909442E-05    2.749407458161E+00    2.748697455531E+00    6.976445920420E-03    6.945640692380E-03   -4.457603654518E-04   -4.471432621176E-04    1.865430125526E+00    6.089113944191E-03   -3.732556935398E-04
    2.113489666185E-05    2.733698901621E+00    2.732955438918E+00    6.934369561337E-03    6.902303106478E-03   -4.492805807666E-04   -4.507104261718E-04    1.854756922155E+00    6.051507194743E-03   -3.763222874993E-04
    2.238721798482E-05    2.718083816285E+00    2.717305316728E+00    6.892436552597E-03    6.859059626461E-03   -4.527493642363E-04   -4.542276269246E-04    1.844146509464E+00    6.013997728639E-03   -3.793456668696E-04
    2.371374400920E-05    2.702561814594E+00    2.701746627106E+00    6.850641600008E-03    6.815903176443E-03   -4.561659963445E-04   -4.576941852329E-04    1.833598594439E+00    5.976579970718E-03   -3.823252417202E-04
    2.511887163984E-05    2.687132517867E+00    2.686278913577E+00    6.808979249652E-03    6.772826464943E-03   -4.595297345451E-04   -4.611093997819E-04    1.823112888676E+00    5.939248181009E-03   -3.852604028911E-04
    2.660725831458E-05    2.671795556547E+00    2.670901725123E+00    6.767443881419E-03    6.729821977219E-03   -4.628398129704E-04   -4.644725467978E-04    1.812689108484E+00    5.901996448832E-03   -3.881505217415E-04
    2.818383744181E-05    2.656550570452E+00    2.655614616265E+00    6.726029702320E-03    6.686881967403E-03   -4.660954421524E-04   -4.677828797745E-04    1.802326974985E+00    5.864818686734E-03   -3.909949499098E-04
    2.985383475271E-05    2.641397209042E+00    2.640417147150E+00    6.684730739588E-03    6.643998450435E-03   -4.692958087575E-04   -4.710396292121E-04    1.792026214223E+00    5.827708624277E-03   -3.937930190849E-04
    3.162278562252E-05    2.626335131698E+00    2.625308883636E+00    6.643540833544E-03    6.601163193800E-03   -4.724400753382E-04   -4.742420023717E-04    1.781786557277E+00    5.790659801664E-03   -3.965440407894E-04
    3.349655341806E-05    2.611364008012E+00    2.610289397391E+00    6.602453630245E-03    6.558367709057E-03   -4.755273801013E-04   -4.773891830457E-04    1.771607740379E+00    5.753665563207E-03   -3.992473061780E-04
    3.548134893245E-05    2.596483518093E+00    2.595358265986E+00    6.561462573881E-03    6.515603243174E-03   -4.785568366952E-04   -4.804803313459E-04    1.761489505035E+00    5.716719050643E-03   -4.019020858496E-04
    3.758375097145E-05    2.581693352883E+00    2.580515072996E+00    6.520560898949E-03    6.472860769654E-03   -4.815275340176E-04   -4.835145835114E-04    1.751431598157E+00    5.679813196284E-03   -4.045076296771E-04
    3.981072815955E-05    2.566993214495E+00    2.565759408111E+00    6.479741622155E-03    6.430130979459E-03   -4.844385360464E-04   -4.864910517375E-04    1.741433772195E+00    5.642940716010E-03   -4.070631666543E-04
    4.216966203819E-05    2.552382816554E+00    2.551090867240E+00    6.438997534089E-03    6.387404271741E-03   -4.872888816935E-04   -4.894088240271E-04    1.731495785277E+00    5.606094102103E-03   -4.095679047631E-04
    4.466837153263E-05    2.537861884566E+00    2.536509052630E+00    6.398321190615E-03    6.344670744364E-03   -4.900775846858E-04   -4.922669640672E-04    1.721617401359E+00    5.569265615928E-03   -4.120210308609E-04
    4.731513886856E-05    2.523430156299E+00    2.522013572984E+00    6.357704904014E-03    6.301920184231E-03   -4.928036334737E-04   -4.950645111319E-04    1.711798390374E+00    5.532447280442E-03   -4.144217105911E-04
    5.011873702437E-05    2.509087382174E+00    2.507604043586E+00    6.317140733849E-03    6.259142057419E-03   -4.954659911702E-04   -4.978004800138E-04    1.702038528395E+00    5.495630872566E-03   -4.167690883180E-04
    5.308845881011E-05    2.494833325686E+00    2.493280086426E+00    6.276620477549E-03    6.216325499118E-03   -4.980635955225E-04   -5.004738609861E-04    1.692337597797E+00    5.458807915385E-03   -4.190622870879E-04
    5.623414766941E-05    2.480667763835E+00    2.479041330342E+00    6.236135660719E-03    6.173459303381E-03   -5.005953589180E-04   -5.030836197976E-04    1.682695387436E+00    5.421969670204E-03   -4.213004086176E-04
    5.956623030659E-05    2.466590487578E+00    2.464887411152E+00    6.195677527150E-03    6.130531912689E-03   -5.030601684277E-04   -5.056286977030E-04    1.673111692827E+00    5.385107128451E-03   -4.234825333143E-04
    6.309575124703E-05    2.452601302303E+00    2.450817971804E+00    6.155237028540E-03    6.087531407340E-03   -5.054568858898E-04   -5.081080115303E-04    1.663586316333E+00    5.348211003434E-03   -4.256077203255E-04
    6.683440944536E-05    2.438700028320E+00    2.436832662521E+00    6.114804813913E-03    6.044445494657E-03   -5.077843480346E-04   -5.105204537883E-04    1.654119067360E+00    5.311271721949E-03   -4.276750076251E-04
    7.079459706283E-05    2.424886501380E+00    2.422931140962E+00    6.074371218728E-03    6.001261498031E-03   -5.100413666553E-04   -5.128648928170E-04    1.644709762568E+00    5.274279415750E-03   -4.296834121343E-04
    7.498944054238E-05    2.411160573206E+00    2.409113072380E+00    6.033926253677E-03    5.957966345806E-03   -5.122267288264E-04   -5.151401729820E-04    1.635358226075E+00    5.237223912885E-03   -4.316319298821E-04
    7.943284411759E-05    2.397522112059E+00    2.395378129789E+00    5.993459593158E-03    5.914546560011E-03   -5.143391971726E-04   -5.173451149184E-04    1.626064289687E+00    5.200094728895E-03   -4.335195362056E-04
    8.413953589964E-05    2.383971003322E+00    2.381725994138E+00    5.952960563431E-03    5.870988244941E-03   -5.163775101918E-04   -5.194785158236E-04    1.616827793125E+00    5.162881057896E-03   -4.353451859949E-04
    8.912511669514E-05    2.370507150108E+00    2.368156354489E+00    5.912418130435E-03    5.827277075618E-03   -5.183403826350E-04   -5.215391498050E-04    1.607648584267E+00    5.125571763527E-03   -4.371078139830E-04
    9.440611171657E-05    2.357130473898E+00    2.354668908204E+00    5.871820887266E-03    5.783398286121E-03   -5.202265059468E-04   -5.235257682844E-04    1.598526519398E+00    5.088155369803E-03   -4.388063350851E-04
    1.000000253568E-04    2.343840915206E+00    2.341263361133E+00    5.831157041313E-03    5.739336657808E-03   -5.220345487690E-04   -5.254371004614E-04    1.589461463469E+00    5.050620051848E-03   -4.404396447883E-04
    1.059253992091E-04    2.330638434267E+00    2.327939427814E+00    5.790414401049E-03    5.695076507444E-03   -5.237631575117E-04   -5.272718538404E-04    1.580453290372E+00    5.012953626542E-03   -4.420066195959E-04
    1.122018735254E-04    2.317523011761E+00    2.314696831675E+00    5.749580362453E-03    5.650601675249E-03   -5.254109569949E-04   -5.290287148244E-04    1.571501883215E+00    4.975143543071E-03   -4.435061175281E-04
    1.188502523153E-04    2.304494649566E+00    2.301535305244E+00    5.708641895085E-03    5.605895512880E-03   -5.269765511648E-04   -5.307063493775E-04    1.562607134618E+00    4.937176873410E-03   -4.449369786834E-04
    1.258925723037E-04    2.291553371538E+00    2.288454590366E+00    5.667585527776E-03    5.560940871366E-03   -5.284585238884E-04   -5.323034037614E-04    1.553768947018E+00    4.899040302730E-03   -4.462980258618E-04
    1.333521759735E-04    2.278699224330E+00    2.275454438429E+00    5.626397333958E-03    5.515720089017E-03   -5.298554398298E-04   -5.338185053497E-04    1.544987232981E+00    4.860720119755E-03   -4.475880652551E-04
    1.412537889366E-04    2.265932278241E+00    2.262534610587E+00    5.585062916604E-03    5.470214979323E-03   -5.311658454139E-04   -5.352502635211E-04    1.536261915531E+00    4.822202207079E-03   -4.488058872060E-04
    1.496236018893E-04    2.253252628103E+00    2.249694878000E+00    5.543567392786E-03    5.424406818874E-03   -5.323882698798E-04   -5.365972706385E-04    1.527592928492E+00    4.783472031450E-03   -4.499502670394E-04
    1.584893574245E-04    2.240660394202E+00    2.236935022076E+00    5.501895377840E-03    5.378276335314E-03   -5.335212264287E-04   -5.378581031160E-04    1.518980216835E+00    4.744514634044E-03   -4.510199659705E-04
    1.678804419868E-04    2.228155723239E+00    2.224254834720E+00    5.460030969130E-03    5.331803695369E-03   -5.345632134721E-04   -5.390313225781E-04    1.510423737051E+00    4.705314620741E-03   -4.520137320913E-04
    1.778279832772E-04    2.215738789328E+00    2.211654118589E+00    5.417957729416E-03    5.284968492959E-03   -5.355127159816E-04   -5.401154771145E-04    1.501923457524E+00    4.665856152424E-03   -4.529303014400E-04
    1.883649534286E-04    2.203409795039E+00    2.199132687350E+00    5.375658669804E-03    5.237749737440E-03   -5.363682069493E-04   -5.411091026370E-04    1.493479358928E+00    4.626122935311E-03   -4.537683991577E-04
    1.995262782958E-04    2.191168972479E+00    2.186690365952E+00    5.333116232284E-03    5.190125842011E-03   -5.371281489592E-04   -5.420107243392E-04    1.485091434633E+00    4.586098211350E-03   -4.545267407343E-04
    2.113489532207E-04    2.179016584418E+00    2.174326990900E+00    5.290312271852E-03    5.142074612293E-03   -5.377909958772E-04   -5.428188582665E-04    1.476759691125E+00    4.545764748692E-03   -4.552040333481E-04
    2.238721656565E-04    2.166952925459E+00    2.162042410528E+00    5.247228038199E-03    5.093573235156E-03   -5.383551946628E-04   -5.435320129973E-04    1.468484148444E+00    4.505104832266E-03   -4.557989773034E-04
    2.371374250594E-04    2.154978323258E+00    2.149836485290E+00    5.203844156977E-03    5.044598267806E-03   -5.388191873084E-04   -5.441486914433E-04    1.460264840638E+00    4.464100254482E-03   -4.563102675682E-04
    2.511887004750E-04    2.143093139788E+00    2.137709088046E+00    5.160140610626E-03    4.995125627181E-03   -5.391814129110E-04   -5.446673927696E-04    1.452101816227E+00    4.422732306081E-03   -4.567365954178E-04
    2.660725662789E-04    2.131297772654E+00    2.125660104359E+00    5.116096718761E-03    4.945130579708E-03   -5.394403098805E-04   -5.450866144417E-04    1.443995138684E+00    4.380981767169E-03   -4.570766501865E-04
    2.818383565518E-04    2.119592656460E+00    2.113689432791E+00    5.071691118116E-03    4.894587731460E-03   -5.395943182912E-04   -5.454048544028E-04    1.435944886941E+00    4.338828898460E-03   -4.573291211321E-04
    2.985383286022E-04    2.107978264231E+00    2.101796985209E+00    5.026901742039E-03    4.843471018777E-03   -5.396418823797E-04   -5.456206133847E-04    1.427951155896E+00    4.296253432750E-03   -4.574926994165E-04
    3.162278361789E-04    2.096455108883E+00    2.089982687091E+00    4.981705799541E-03    4.791753699391E-03   -5.395814531963E-04   -5.457323973577E-04    1.420014056952E+00    4.253234566672E-03   -4.575660802066E-04
    3.349655129464E-04    2.085023744752E+00    2.078246477833E+00    4.936079753879E-03    4.739408344124E-03   -5.394114914124E-04   -5.457387201239E-04    1.412133718560E+00    4.209750952758E-03   -4.575479648989E-04
    3.548134668321E-04    2.073684769187E+00    2.066588311060E+00    4.889999300700E-03    4.686406829221E-03   -5.391304702924E-04   -5.456381060568E-04    1.404310286787E+00    4.165780691836E-03   -4.574370634717E-04
    3.758374858894E-04    2.062438824189E+00    2.055008154941E+00    4.843439345711E-03    4.632720329374E-03   -5.387368788309E-04   -5.454290929914E-04    1.396543925897E+00    4.121301325816E-03   -4.572320969679E-04
    3.981072563587E-04    2.051286598123E+00    2.043505992497E+00    4.796373981902E-03    4.578319311524E-03   -5.382292250643E-04   -5.451102352707E-04    1.388834818950E+00    4.076289830909E-03   -4.569318001134E-04
    4.216965936497E-04    2.040228827486E+00    2.032081821917E+00    4.748776466305E-03    4.523173529510E-03   -5.376060395598E-04   -5.446801069500E-04    1.381183168421E+00    4.030722611300E-03   -4.565349240736E-04
    4.466836870101E-04    2.029266298738E+00    2.020735656862E+00    4.700619196298E-03    4.467252019638E-03   -5.368658790858E-04   -5.441373051635E-04    1.373589196829E+00    3.984575493354E-03   -4.560402393507E-04
    4.731513586915E-04    2.018399850201E+00    2.009467526776E+00    4.651873685461E-03    4.410523097262E-03   -5.360073304700E-04   -5.434804536570E-04    1.366053147390E+00    3.937823720383E-03   -4.554465388267E-04
    5.011873384724E-04    2.007630374024E+00    1.998277477182E+00    4.602510538978E-03    4.352954354474E-03   -5.350290146489E-04   -5.427082064897E-04    1.358575284680E+00    3.890441948030E-03   -4.547526409536E-04
    5.308845544473E-04    1.996958818211E+00    1.987165569979E+00    4.552499428599E-03    4.294512658992E-03   -5.339295909140E-04   -5.418192519071E-04    1.351155895325E+00    3.842404240345E-03   -4.539573930946E-04
    5.623414410462E-04    1.986386188728E+00    1.976131883729E+00    4.501809067176E-03    4.235164154344E-03   -5.327077613560E-04   -5.408123163891E-04    1.343795288690E+00    3.793684066584E-03   -4.530596750177E-04
    5.956622653057E-04    1.975913551667E+00    1.965176513927E+00    4.450407182773E-03    4.174874261479E-03   -5.313622755166E-04   -5.396861688757E-04    1.336493797602E+00    3.744254298826E-03   -4.520584025470E-04
    6.309574724727E-04    1.965542035489E+00    1.954299573266E+00    4.398260492369E-03    4.113607681909E-03   -5.298919352456E-04   -5.384396251706E-04    1.329251779071E+00    3.694087210461E-03   -4.509525313696E-04
    6.683440520859E-04    1.955272833342E+00    1.943501191883E+00    4.345334675188E-03    4.051328402507E-03   -5.282955997701E-04   -5.370715525265E-04    1.322069615041E+00    3.643154475622E-03   -4.497410610041E-04
    7.079459257502E-04    1.945107205435E+00    1.932781517588E+00    4.291594345649E-03    3.987999702098E-03   -5.265721909789E-04   -5.355808744111E-04    1.314947713135E+00    3.591427169645E-03   -4.484230389284E-04
    7.498943578865E-04    1.935046481507E+00    1.922140716067E+00    4.237003025995E-03    3.923584159997E-03   -5.247206989227E-04   -5.339665754563E-04    1.307886507433E+00    3.538875770653E-03   -4.469975648720E-04
    7.943283908219E-04    1.925092063346E+00    1.911578971062E+00    4.181523118614E-03    3.858043666628E-03   -5.227401875344E-04   -5.322277065899E-04    1.300886459241E+00    3.485470162324E-03   -4.454637952687E-04
    8.413953056587E-04    1.915245427397E+00    1.901096484527E+00    4.125115878098E-03    3.791339436410E-03   -5.206298005705E-04   -5.303633903488E-04    1.293948057882E+00    3.431179637974E-03   -4.438209478742E-04
    8.912511104532E-04    1.905508127433E+00    1.890693476744E+00    4.067741383093E-03    3.723432023082E-03   -5.183887677756E-04   -5.283728263749E-04    1.287071821487E+00    3.375972906049E-03   -4.420683065469E-04
    9.440610573198E-04    1.895881797299E+00    1.880370186398E+00    4.009358507988E-03    3.654281337649E-03   -5.160164112699E-04   -5.262552970886E-04    1.280258297792E+00    3.319818097133E-03   -4.402052261898E-04
    1.000000190176E-03    1.886368153722E+00    1.870126870621E+00    3.949924894513E-03    3.583846669158E-03   -5.135121521603E-04   -5.240101735408E-04    1.273508064941E+00    3.262682772596E-03   -4.382311378537E-04
    1.059253924943E-03    1.876968999195E+00    1.859963804971E+00    3.889396923326E-03    3.512086708533E-03   -5.108755173742E-04   -5.216369214369E-04    1.266821732283E+00    3.204533935028E-03   -4.361455539997E-04
    1.122018664127E-03    1.867686224919E+00    1.849881283366E+00    3.827729685669E-03    3.438959575692E-03   -5.081061467160E-04   -5.191351073315E-04    1.260199941167E+00    3.145338040586E-03   -4.339480739171E-04
    1.188502447811E-03    1.858521813809E+00    1.839879617951E+00    3.764876955212E-03    3.364422850188E-03   -5.052038001416E-04   -5.165044049857E-04    1.253643365731E+00    3.085061013407E-03   -4.316383892941E-04
    1.258925643231E-03    1.849477843559E+00    1.829959138897E+00    3.700791160193E-03    3.288433605702E-03   -5.021683652522E-04   -5.137446018845E-04    1.247152713679E+00    3.023668262283E-03   -4.292162899373E-04
    1.333521675200E-03    1.840556489757E+00    1.820120194112E+00    3.635423356001E-03    3.210948448628E-03   -4.989998649999E-04   -5.108556059035E-04    1.240728727043E+00    2.961124699750E-03   -4.266816696356E-04
    1.412537799822E-03    1.831760029051E+00    1.810363148878E+00    3.568723198363E-03    3.131923561095E-03   -4.956984656016E-04   -5.078374521188E-04    1.234372182916E+00    2.897394763807E-03   -4.240345321593E-04
    1.496235924044E-03    1.823090842353E+00    1.800688385373E+00    3.500638917316E-03    3.051314748763E-03   -4.922644846562E-04   -5.046903097485E-04    1.228083894172E+00    2.832442442474E-03   -4.212749973923E-04
    1.584893473776E-03    1.814551418080E+00    1.791096302095E+00    3.431117292181E-03    2.969077493785E-03   -4.886983994571E-04   -5.014144892176E-04    1.221864710134E+00    2.766231301441E-03   -4.184033075849E-04
    1.678804313446E-03    1.806144355410E+00    1.781587313156E+00    3.360103627772E-03    2.885167013309E-03   -4.850008554910E-04   -4.980104493307E-04    1.215715517220E+00    2.698724515033E-03   -4.154198337210E-04
    1.778279720043E-03    1.797872367567E+00    1.772161847442E+00    3.287541732130E-03    2.799538323970E-03   -4.811726751158E-04   -4.944788045400E-04    1.209637239523E+00    2.629884900811E-03   -4.123250819884E-04
    1.883649414877E-03    1.789738285092E+00    1.762820347622E+00    3.213373896091E-03    2.712146312892E-03   -4.772148664052E-04   -4.908203322946E-04    1.203630839342E+00    2.559674958105E-03   -4.091197003407E-04
    1.995262656475E-03    1.781745059114E+00    1.753563268986E+00    3.137540875042E-03    2.622945815641E-03   -4.731286321469E-04   -4.870359804501E-04    1.197697317640E+00    2.488056910809E-03   -4.058044851375E-04
    2.113489398229E-03    1.773895764588E+00    1.744391078099E+00    3.059981873281E-03    2.531891701731E-03   -4.689153789814E-04   -4.831268747227E-04    1.191837714423E+00    2.414992754809E-03   -4.023803878498E-04
    2.238721514648E-03    1.766193603485E+00    1.735304251250E+00    2.980634531428E-03    2.438938968287E-03   -4.645767266646E-04   -4.790943261648E-04    1.186053109027E+00    2.340444310458E-03   -3.988485218132E-04
    2.371374100268E-03    1.758641907924E+00    1.726303272670E+00    2.899434917433E-03    2.344042842521E-03   -4.601145174376E-04   -4.749398386391E-04    1.180344620291E+00    2.264373280542E-03   -3.952101690118E-04
    2.511886845517E-03    1.751244143212E+00    1.717388632505E+00    2.816317521711E-03    2.247158893678E-03   -4.555308254816E-04   -4.706651162666E-04    1.174713406621E+00    2.186741314180E-03   -3.914667868751E-04
    2.660725494121E-03    1.744003910764E+00    1.708560824507E+00    2.731215257147E-03    2.148243155342E-03   -4.508279664392E-04   -4.662720708194E-04    1.169160665896E+00    2.107510077271E-03   -3.876200150646E-04
    2.818383386855E-03    1.736924950893E+00    1.699820343419E+00    2.644059464652E-03    2.047252258858E-03   -4.460085069745E-04   -4.617628290288E-04    1.163687635231E+00    2.026641330015E-03   -3.836716822279E-04
    2.985383096773E-03    1.730011145408E+00    1.691167682028E+00    2.554779925130E-03    1.944143578784E-03   -4.410752743470E-04   -4.571397397748E-04    1.158295590550E+00    1.944097012144E-03   -3.796238126964E-04
    3.162278161326E-03    1.723266520011E+00    1.682603327848E+00    2.463304878779E-03    1.838875391388E-03   -4.360313659692E-04   -4.524053811221E-04    1.152985845955E+00    1.859839336586E-03   -3.754786330965E-04
    3.349654917123E-03    1.716695246432E+00    1.674127759388E+00    2.369561052795E-03    1.731407047239E-03   -4.308801589150E-04   -4.475625671618E-04    1.147759752871E+00    1.773830892310E-03   -3.712385788479E-04
    3.548134443398E-03    1.710301644275E+00    1.665741441987E+00    2.273473698628E-03    1.621699159083E-03   -4.256253193437E-04   -4.426143546178E-04    1.142618698925E+00    1.686034757210E-03   -3.669063005128E-04
    3.758374620643E-03    1.704090182497E+00    1.657444823149E+00    2.174966640033E-03    1.509713806112E-03   -4.202708118007E-04   -4.375640491738E-04    1.137564106545E+00    1.596414621842E-03   -3.624846699662E-04
    3.981072311218E-03    1.698065480491E+00    1.649238327341E+00    2.073962333557E-03    1.395414756294E-03   -4.148209083505E-04   -4.324152114648E-04    1.132597431222E+00    1.504934925215E-03   -3.579767863426E-04
    4.216965669175E-03    1.692232308689E+00    1.641122350197E+00    1.970381942862E-03    1.278767707889E-03   -4.092801974964E-04   -4.271716626864E-04    1.127720159421E+00    1.411561003511E-03   -3.533859817232E-04
    4.466836586940E-03    1.686595588624E+00    1.633097252087E+00    1.864145428783E-03    1.159740551910E-03   -4.036535928351E-04   -4.218374897594E-04    1.122933806076E+00    1.316259253027E-03   -3.487158265171E-04
    4.731513286975E-03    1.681160392369E+00    1.625163350963E+00    1.755171657087E-03    1.038303657172E-03   -3.979463413897E-04   -4.164170499893E-04    1.118239911644E+00    1.218997308582E-03   -3.439701344880E-04
    5.011873067012E-03    1.675931941257E+00    1.617320914437E+00    1.643378526140E-03    9.144301797948E-04   -3.921640315591E-04   -4.109149751496E-04    1.113640038651E+00    1.119744238836E-03   -3.391529673736E-04
    5.308845207934E-03    1.670915603807E+00    1.609570151012E+00    1.528683116791E-03    7.880963989691E-04   -3.863126006191E-04   -4.053361749208E-04    1.109135767681E+00    1.018470759908E-03   -3.342686390444E-04
    5.623414053982E-03    1.666116892723E+00    1.601911200380E+00    1.411001867283E-03    6.592820812540E-04   -3.803983416981E-04   -3.996858396003E-04    1.104728692753E+00    9.151494690581E-04   -3.293217191366E-04
    5.956622275455E-03    1.661541460853E+00    1.594344122713E+00    1.290250776124E-03    5.279708756302E-04   -3.744279101468E-04   -3.939694419982E-04    1.100420416002E+00    8.097551002103E-04   -3.243170360931E-04
    6.309574324750E-03    1.657195095990E+00    1.586868886841E+00    1.166345635995E-03    3.941507415258E-04   -3.684083292161E-04   -3.881927384297E-04    1.096212541608E+00    7.022648030741E-04   -3.192596795438E-04
    6.683440097183E-03    1.653083714348E+00    1.579485357233E+00    1.039202302318E-03    2.578144124531E-04   -3.623469949455E-04   -3.823617687007E-04    1.092106668887E+00    5.926584480151E-04   -3.141550019455E-04
    7.079458808720E-03    1.649213352564E+00    1.572193279656E+00    9.087370003211E-04    1.189598978961E-04   -3.562516801536E-04   -3.764828549803E-04    1.088104384450E+00    4.809189588290E-04   -3.090086193963E-04
    7.498943103492E-03    1.645590158039E+00    1.564992265401E+00    7.748666749069E-04   -2.240897365321E-05   -3.501305374151E-04   -3.705625994386E-04    1.084207253343E+00    3.670326758287E-04   -3.038264115327E-04
    7.943283404678E-03    1.642220377447E+00    1.557881773968E+00    6.375093873583E-04   -1.662819680457E-04   -3.439921009065E-04   -3.646078805393E-04    1.080416809067E+00    2.509897513664E-04   -2.986145204204E-04
    8.413952523210E-03    1.639110343145E+00    1.550861094032E+00    4.965847648932E-04   -3.126418112125E-04   -3.378452869575E-04   -3.586258478203E-04    1.076734542345E+00    1.327845811301E-04   -2.933793483087E-04
    8.912510539550E-03    1.636266457288E+00    1.543929322585E+00    3.520145075050E-04   -4.614635049671E-04   -3.316993931749E-04   -3.526239150423E-04    1.073161888534E+00    1.241627335152E-05   -2.881275541546E-04
    9.440609974739E-03    1.633695173378E+00    1.537085342074E+00    2.037229583147E-04   -6.127135892234E-04   -3.255640959620E-04   -3.466097515331E-04    1.069700213531E+00   -1.101108408664E-04   -2.828660487776E-04
    1.000000126784E-02    1.631402974942E+00    1.530327795375E+00    5.163774366878E-05   -7.663493473194E-04   -3.194494462469E-04   -3.405912715565E-04    1.066350798038E+00   -2.347866530700E-04   -2.776019885122E-04
    1.059253857795E-02    1.629396351038E+00    1.523655058418E+00   -1.043095102068E-04   -9.223179510144E-04   -3.133658632149E-04   -3.345766215178E-04    1.063114820024E+00   -3.615946755994E-04   -2.723427672060E-04
    1.122018593000E-02    1.627681768241E+00    1.517065210281E+00   -2.641823769386E-04   -1.080555541899E-03   -3.073241258246E-04   -3.285741648105E-04    1.059993335199E+00   -4.905113891696E-04   -2.670960064059E-04
    1.188502372469E-02    1.626265638724E+00    1.510556000542E+00   -4.280387385018E-04   -1.240986245926E-03   -3.013353618648E-04   -3.225924640896E-04    1.056987255347E+00   -6.215055365566E-04   -2.618695435599E-04
    1.258925563425E-02    1.625154284003E+00    1.504124813658E+00   -5.959297933335E-04   -1.403521117194E-03   -2.954110342565E-04   -3.166402607137E-04    1.054097324267E+00   -7.545373584432E-04   -2.566714180260E-04
    1.333521590666E-02    1.624353893909E+00    1.497768630166E+00   -7.678989565101E-04   -1.568057008774E-03   -2.895629243350E-04   -3.107264511400E-04    1.051324091144E+00   -8.895577686498E-04   -2.515098547076E-04
    1.412537710278E-02    1.623870480288E+00    1.491483984455E+00   -9.439806420840E-04   -1.734475367271E-03   -2.838031117678E-04   -3.048600599832E-04    1.048667881106E+00   -1.026507464931E-03   -2.463932450809E-04
    1.496235829195E-02    1.623709824869E+00    1.485266918846E+00   -1.124198917991E-03   -1.902640948796E-03   -2.781439507567E-04   -2.990502094583E-04    1.046128762706E+00   -1.165315972063E-03   -2.413301253778E-04
    1.584893373306E-02    1.623877420708E+00    1.479112933722E+00   -1.308566023081E-03   -2.072400454255E-03   -2.725980421228E-04   -2.933060848924E-04    1.043706512065E+00   -1.305900613885E-03   -2.363291516626E-04
    1.678804207023E-02    1.624378406621E+00    1.473016933452E+00   -1.497080736862E-03   -2.243581083218E-03   -2.671782008882E-04   -2.876368960172E-04    1.041400573406E+00   -1.448165411880E-03   -2.313990715546E-04
    1.778279607314E-02    1.625217493787E+00    1.466973167784E+00   -1.689726588976E-03   -2.415989004763E-03   -2.618974188244E-04   -2.820518336427E-04    1.039210015627E+00   -1.591999906647E-03   -2.265486922556E-04
    1.883649295469E-02    1.626398883854E+00    1.460975168432E+00   -1.886469898511E-03   -2.589407746522E-03   -2.567688215046E-04   -2.765600213913E-04    1.037133484622E+00   -1.737277900713E-03   -2.217868446026E-04
    1.995262529991E-02    1.627926177692E+00    1.455015680579E+00   -2.087257631586E-03   -2.763596503444E-03   -2.518056193089E-04   -2.711704621155E-04    1.035169150992E+00   -1.883856120938E-03   -2.171223428099E-04
    2.113489264250E-02    1.629802273902E+00    1.449086588980E+00   -2.292015065345E-03   -2.938288369258E-03   -2.470210517765E-04   -2.658919786041E-04    1.033314652778E+00   -2.031572799407E-03   -2.125639395456E-04
    2.238721372731E-02    1.632029256109E+00    1.443178838372E+00   -2.500643246905E-03   -3.113188495483E-03   -2.424283246679E-04   -2.607331481792E-04    1.031567032828E+00   -2.180246172728E-03   -2.081202759767E-04
    2.371373949942E-02    1.634608267988E+00    1.437282347896E+00   -2.713016235760E-03   -3.287972184914E-03   -2.380405390352E-04   -2.557022307761E-04    1.029922670392E+00   -2.329672900691E-03   -2.037998263966E-04
    2.511886686283E-02    1.637539375039E+00    1.431385919320E+00   -2.928978120721E-03   -3.462282929163E-03   -2.338706116422E-04   -2.508070901647E-04    1.028377206570E+00   -2.479626407116E-03   -1.996108370929E-04
    2.660725325452E-02    1.640821411622E+00    1.425477138687E+00   -3.148339796942E-03   -3.635730401740E-03   -2.299311857738E-04   -2.460551077865E-04    1.026925463070E+00   -2.629855145411E-03   -1.955612589430E-04
    2.818383208192E-02    1.644451812282E+00    1.419542271291E+00   -3.370875498436E-03   -3.807888423109E-03   -2.262345317765E-04   -2.414530889718E-04    1.025561353950E+00   -2.780080796035E-03   -1.916586734535E-04
    2.985382907523E-02    1.648426425845E+00    1.413566149755E+00   -3.596319076170E-03   -3.978292916591E-03   -2.227924363663E-04   -2.370071611303E-04    1.024277789824E+00   -2.929996402988E-03   -1.879102117875E-04
    3.162277960863E-02    1.652739310893E+00    1.407532055095E+00   -3.824360016304E-03   -4.146439879045E-03   -2.196160798003E-04   -2.327226636307E-04    1.023066574114E+00   -3.079264459966E-03   -1.843224664111E-04
    3.349654704782E-02    1.657382511057E+00    1.401421590728E+00   -4.054639194876E-03   -4.311783395329E-03   -2.167158999418E-04   -2.286040291322E-04    1.021918290867E+00   -3.227514959642E-03   -1.809013949892E-04
    3.548134218475E-02    1.662345808666E+00    1.395214549499E+00   -4.286744369589E-03   -4.473733730606E-03   -2.141014423065E-04   -2.246546562644E-04    1.020822183772E+00   -3.374343422906E-03   -1.776522162495E-04
    3.758374382392E-02    1.667616454968E+00    1.388888773853E+00   -4.520205410541E-03   -4.631655541897E-03   -2.117811950223E-04   -2.208767735766E-04    1.019766025906E+00   -3.519308928728E-03   -1.745792975031E-04
    3.981072058850E-02    1.673178875184E+00    1.382420009476E+00   -4.754489277767E-03   -4.784866258076E-03   -2.097624076859E-04   -2.172712948716E-04    1.018735979862E+00   -3.661932170321E-03   -1.716860336225E-04
    4.216965401853E-02    1.679014346820E+00    1.375781752920E+00   -4.988994760693E-03   -4.932634683659E-03   -2.080508932508E-04   -2.138376662752E-04    1.017716447985E+00   -3.801693567811E-03   -1.689747174344E-04
    4.466836303778E-02    1.685100649377E+00    1.368945093889E+00   -5.223046998697E-03   -5.074179892761E-03   -2.066508119456E-04   -2.105737055222E-04    1.016689912482E+00   -3.938031473722E-03   -1.664464015166E-04
    4.731512987035E-02    1.691411683729E+00    1.361878553163E+00   -5.455891811676E-03   -5.208670488814E-03   -2.055644363878E-04   -2.074754342675E-04    1.015636765262E+00   -4.070340514087E-03   -1.641007515889E-04
    5.011872749299E-02    1.697917059436E+00    1.354547917431E+00   -5.686689879148E-03   -5.335224318253E-03   -2.047918971170E-04   -2.045369045464E-04    1.014535127533E+00   -4.197970115990E-03   -1.619358918663E-04
    5.308844871396E-02    1.704581648749E+00    1.346916072655E+00   -5.914510818161E-03   -5.452908730161E-03   -2.043309081600E-04   -2.017500209204E-04    1.013360659404E+00   -4.320223276608E-03   -1.599482430375E-04
    5.623413697503E-02    1.711365105234E+00    1.338942838070E+00   -6.138327223549E-03   -5.560741505880E-03   -2.041764718858E-04   -1.991043602528E-04    1.012086359735E+00   -4.436355646883E-03   -1.581323536447E-04
    5.956621897853E-02    1.718221346458E+00    1.330584803408E+00   -6.357008752555E-03   -5.657692574020E-03   -2.043205634139E-04   -1.965869917134E-04    1.010682357050E+00   -4.545575002616E-03   -1.564807262146E-04
    6.309573924774E-02    1.725097999668E+00    1.321795172541E+00   -6.569316353386E-03   -5.742686655018E-03   -2.047517947151E-04   -1.941823001587E-04    1.009115692460E+00   -4.647041193150E-03   -1.549836397222E-04
    6.683439673506E-02    1.731935810137E+00    1.312523617457E+00   -6.773896761195E-03   -5.814606991001E-03   -2.054550591596E-04   -1.918718168087E-04    1.007350095981E+00   -4.739866668267E-03   -1.536289704981E-04
    7.079458359939E-02    1.738668012420E+00    1.302716147295E+00   -6.969277412446E-03   -5.872300333597E-03   -2.064111578298E-04   -1.896340620025E-04    1.005345758155E+00   -4.823117697719E-03   -1.524020142409E-04
    7.498942628119E-02    1.745219665669E+00    1.292314998104E+00   -7.153861958704E-03   -5.914583375313E-03   -2.075964096627E-04   -1.874444057290E-04    1.003059099436E+00   -4.895816410276E-03   -1.512853124177E-04
    7.943282901137E-02    1.751506955099E+00    1.281258549914E+00   -7.325926593986E-03   -5.940250822301E-03   -2.089822483209E-04   -1.852749525929E-04    1.000442540491E+00   -4.956943792019E-03   -1.502584869994E-04
    8.413951989832E-02    1.757436462742E+00    1.269481279580E+00   -7.483617470528E-03   -5.948085348152E-03   -2.105348097304E-04   -1.830944596268E-04    9.974442775135E-01   -5.005443816524E-03   -1.492980885572E-04
    8.912509974568E-02    1.762904412930E+00    1.256913758325E+00   -7.624949499638E-03   -5.936869635128E-03   -2.122145157332E-04   -1.808682958400E-04    9.940080675249E-01   -5.040228868636E-03   -1.483774633337E-04
    9.440609376280E-02    1.767795899340E+00    1.243482705234E+00   -7.747806912566E-03   -5.905400758113E-03   -2.139756606701E-04   -1.785584544791E-04    9.900730298805E-01   -5.060186663964E-03   -1.474666462122E-04
    1.000000063392E-01    1.771984103221E+00    1.229111109439E+00   -7.849946013374E-03   -5.852507157589E-03   -2.157660097327E-04   -1.761236302655E-04    9.855734715890E-01   -5.064188875040E-03   -1.465322875853E-04
    1.059253790647E-01    1.775329515566E+00    1.213718435981E+00   -7.929000638179E-03   -5.777068456841E-03   -2.175264203019E-04   -1.735193757157E-04    9.804387457670E-01   -5.051101698290E-03   -1.455376235503E-04
    1.122018521873E-01    1.777679179296E+00    1.197220931454E+00   -7.982490884524E-03   -5.678038345202E-03   -2.191904997249E-04   -1.706983513545E-04    9.745931539301E-01   -5.019798592509E-03   -1.444424996930E-04
    1.188502297128E-01    1.778865972770E+00    1.179532049995E+00   -8.007835847326E-03   -5.554470792752E-03   -2.206843172965E-04   -1.676106881860E-04    9.679559060010E-01   -4.969175481215E-03   -1.432034614063E-04
    1.258925483619E-01    1.778707961021E+00    1.160563020886E+00   -8.002370998261E-03   -5.405549763419E-03   -2.219261893429E-04   -1.642044817259E-04    9.604411536139E-01   -4.898168636275E-03   -1.417739244278E-04
    1.333521506131E-01    1.777007847471E+00    1.140223581985E+00   -7.963372390545E-03   -5.230622686717E-03   -2.228265812414E-04   -1.604264276379E-04    9.519581152198E-01   -4.805775948469E-03   -1.401044401708E-04
    1.412537620735E-01    1.773552566680E+00    1.118422906245E+00   -7.888083586164E-03   -5.029237337143E-03   -2.232880843689E-04   -1.562226604575E-04    9.424113148713E-01   -4.691080176914E-03   -1.381430772258E-04
    1.496235734345E-01    1.768113070064E+00    1.095070752964E+00   -7.773756755478E-03   -4.801183034918E-03   -2.232056493883E-04   -1.515397384782E-04    9.317009614332E-01   -4.553277873732E-03   -1.358359302998E-04
    1.584893272837E-01    1.760444359517E+00    1.070078870677E+00   -7.617698137022E-03   -4.546534993631E-03   -2.224669666970E-04   -1.463258787862E-04    9.197234940496E-01   -4.391710544937E-03   -1.331277852440E-04
    1.678804100600E-01    1.750285850015E+00    1.043362693743E+00   -7.417325239142E-03   -4.265702140985E-03   -2.209531283548E-04   -1.405324237712E-04    9.063723328378E-01   -4.205900284933E-03   -1.299629602347E-04
    1.778279494585E-01    1.737362142468E+00    1.014843362218E+00   -7.170236490421E-03   -3.959477750615E-03   -2.185396221044E-04   -1.341155576119E-04    8.915388691244E-01   -3.995589758567E-03   -1.262863445237E-04
    1.883649176061E-01    1.721384312872E+00    9.844501034457E-01   -6.874294317432E-03   -3.629092068204E-03   -2.150977217406E-04   -1.270382943675E-04    8.751137399385E-01   -3.760786411845E-03   -1.220446610399E-04
    1.995262403507E-01    1.702051839266E+00    9.521230097276E-01   -6.527723461264E-03   -3.276265805362E-03   -2.104963598466E-04   -1.192727431153E-04    8.569884343278E-01   -3.501810920477E-03   -1.171879766573E-04
    2.113489130272E-01    1.679055308200E+00    9.178162432602E-01   -6.129226075568E-03   -2.903262930110E-03   -2.046045779709E-04   -1.108026478810E-04    8.370572836563E-01   -3.219349634337E-03   -1.116714832356E-04
    2.238721230814E-01    1.652080064062E+00    8.815016931557E-01   -5.678114972684E-03   -2.512940656562E-03   -1.972946613231E-04   -1.016261864793E-04    8.152198918026E-01   -2.914510526620E-03   -1.054575699236E-04
    2.371373799615E-01    1.620810986761E+00    8.431730987155E-01   -5.174466032192E-03   -2.108793903565E-03   -1.884460760923E-04   -9.175899370538E-05    7.913840635362E-01   -2.588881821277E-03   -9.851820236520E-05
    2.511886527050E-01    1.584938605443E+00    8.028506372074E-01   -4.619290200449E-03   -1.694990743440E-03   -1.779503364868E-04   -8.123734958413E-05    7.654692897287E-01   -2.244592032269E-03   -9.083761673516E-05
    2.660725156783E-01    1.544166776257E+00    7.605859514688E-01   -4.014724600250E-03   -1.276394493679E-03   -1.657169333933E-04   -7.012144118036E-05    7.374108453200E-01   -1.884369577630E-03   -8.241532487563E-05
    2.818383029529E-01    1.498222168145E+00    7.164675607985E-01   -3.364240928291E-03   -8.585671249411E-04   -1.516804540548E-04   -5.849856545215E-05    7.071645486569E-01   -1.511599403717E-03   -7.326940990562E-05
    2.985382718274E-01    1.446865809402E+00    6.706265556785E-01   -2.672867414689E-03   -4.477475813235E-04   -1.358090085222E-04   -4.648608930598E-05    6.747122173625E-01   -1.130373139264E-03   -6.344006798192E-05
    3.162277760400E-01    1.389906943219E+00    6.232424201900E-01   -1.947417982415E-03   -5.079749334191E-05   -1.181140470491E-04   -3.423392032667E-05    6.400678335248E-01   -7.455281696165E-04   -5.299331923108E-05
    3.349654492440E-01    1.327219417657E+00    5.745487529383E-01   -1.196718686822E-03    3.248943357773E-04   -9.866159589957E-05   -2.192616649043E-05    6.032843973507E-01   -3.626696447091E-04   -4.202476690580E-05
    3.548133993551E-01    1.258760782818E+00    5.248385651455E-01   -4.318168106182E-04    6.715582044030E-04   -7.758484441345E-05   -9.781576449923E-06    5.644613991242E-01    1.183219116829E-05   -3.066322546449E-05
    3.758374144141E-01    1.184594175792E+00    4.744687206796E-01    3.338481176490E-04    9.812506550423E-04   -5.509786987810E-05    1.947745334402E-06    5.237527706166E-01    3.708788520479E-04   -1.907396207904E-05
    3.981071806482E-01    1.104912922761E+00    4.238629462392E-01    1.084339855699E-03    1.246132463924E-03   -3.151006702056E-05    1.297995594278E-05    4.813750830492E-01    7.067262435190E-04   -7.461198399083E-06
    4.216965134532E-01    1.020067558299E+00    3.735126804770E-01    1.801225641581E-03    1.458826236712E-03   -7.240530199672E-06    2.301012889437E-05    4.376156336809E-01    1.011126907184E-03    3.930604001411E-06
    4.466836020616E-01    9.305946239983E-01    3.239748533644E-01    2.463730797640E-03    1.612859386576E-03    1.716881637199E-05    3.172072705684E-05    3.928399000574E-01    1.275547867130E-03    1.481730330060E-05
    4.731512687095E-01    8.372461270064E-01    2.758655007559E-01    3.049111114888E-03    1.703192705611E-03    4.104317489075E-05    3.879670007233E-05    3.474976331017E-01    1.491481861879E-03    2.487829464159E-05
    5.011872431586E-01    7.410178663680E-01    2.298479432228E-01    3.533321590488E-03    1.726825446619E-03    6.357061236482E-05    4.394594463458E-05    3.021266008384E-01    1.650870644578E-03    3.376341163309E-05
    5.308844534858E-01    6.431739135654E-01    1.866141276075E-01    3.892075749104E-03    1.683453370255E-03    8.380743119389E-05    4.692563465268E-05    2.573526796384E-01    1.746658203197E-03    4.110477707731E-05
    5.623413341023E-01    5.452632876962E-01    1.468576975836E-01    4.102403824481E-03    1.576134860469E-03    1.006985452942E-04    4.757443441618E-05    2.138846169265E-01    1.773487977854E-03    4.653511621214E-05
    5.956621520251E-01    4.491232100481E-01    1.112375198367E-01    4.144825901357E-03    1.411890071837E-03    1.131201868834E-04    4.584970058544E-05    1.725013680462E-01    1.728549423325E-03    4.971426764998E-05
    6.309573524797E-01    3.568611355639E-01    8.033087471460E-02    4.006250269164E-03    1.202117372108E-03    1.199547114008E-04    4.186725409835E-05    1.340294524945E-01    1.612562782256E-03    5.036576777190E-05
    6.683439249830E-01    2.708049226992E-01    5.457654155366E-02    3.683672122368E-03    9.626595631704E-04    1.202101410433E-04    3.593888095939E-05    9.930732693347E-02    1.430861991847E-03    4.832532623309E-05
    7.079457911159E-01    1.934068355554E-01    3.420986527620E-02    3.188656972894E-03    7.132912509199E-04    1.132001415323E-04    2.859902731710E-05    6.913339031413E-02    1.194487209536E-03    4.360254642433E-05
    7.498942152746E-01    1.270823987743E-01    1.919503807218E-02    2.552390496819E-03    4.763378210036E-04    9.880252601610E-05    2.060682322163E-05    4.419403835491E-02    9.211176281079E-04    3.645600056793E-05
    7.943282397597E-01    7.395920516619E-02    9.164903972443E-03    1.830649963723E-03    2.740992805518E-04    7.781357208850E-05    1.290224170710E-05    2.496833713093E-02    6.355380601713E-04    2.747887116796E-05
    8.413951456455E-01    3.550333635230E-02    3.386505670928E-03    1.107134721336E-03    1.247995096698E-04    5.240397272720E-05    6.486212557472E-06    1.160665067747E-02    3.690837474749E-04    1.768577222120E-05
    8.912509409587E-01    1.198176212901E-02    7.826105739531E-04    4.914604255469E-04    3.706299680621E-05    2.663437195522E-05    2.186454788907E-06    3.782316340167E-03    1.569915261437E-04    8.574517225440E-06
    9.440608777821E-01    1.707511576127E-03    5.732466093393E-05    1.022139797342E-04    3.855827283861E-06    6.790654407336E-06    2.759628904049E-07    5.187567292488E-04    3.121194285543E-05    2.080990210544E-06
